1000,-1.1
2000,-1.0
3000,-1.1
4000,-1.0
5000,-1.0
6000,-0.6
7000,0.0
8000,-0.4
9000,-0.8
10000,-0.4
11000,-0.4
12000,-0.2
13000,-0.4
14000,-0.4
15000,-0.2
16000,-0.8
17000,-0.2
18000,-0.4
19000,-0.4
20000,-0.4
21000,0.4
22000,-0.6
23000,-0.4
24000,-0.4
25000,-0.1
26000,-0.4
27000,-0.4
28000,0.6
29000,-0.2
30000,-0.2
31000,0.0
32000,0.4
33000,0.2
34000,-0.2
35000,0.0
36000,-0.4
37000,0.2
38000,0.0
39000,-0.2
40000,0.0
41000,-0.1
42000,-0.2
43000,0.4
44000,0.2
45000,0.0
46000,0.4
47000,0.2
48000,0.2
49000,0.0
50000,-0.4
51000,-0.2
52000,0.0
53000,0.4
54000,-0.2
55000,1.0
56000,0.2
57000,-0.4
58000,0.8
59000,0.0
60000,0.0
61000,0.4
62000,0.0
63000,-0.2
64000,0.8
65000,0.0
66000,-0.4
67000,0.2
68000,0.6
69000,-0.4
70000,0.6
71000,0.4
72000,0.7
73000,0.2
74000,-0.1
75000,0.8
76000,0.4
77000,-0.5
78000,-0.2
79000,0.4
80000,-0.2
81000,0.8
82000,0.1
