1000,0.14106779620051385
2000,0.28699071407318116
3000,0.17836454715579747
4000,0.142569462582469
5000,0.16991557218134404
6000,0.1190479476004839
7000,0.07988374857231975
8000,0.09677837351337075
9000,0.07278670882806182
10000,0.09055363922379911
11000,0.11157014416530728
12000,0.07966406177729368
13000,0.10029521635733545
14000,0.09136929782107472
15000,0.0926983523182571
16000,0.12685388699173927
17000,0.07499655224382877
18000,0.07816401589661837
19000,0.09153196504339575
20000,0.08696838030591607
21000,0.02923490307293832
22000,0.08366466891020537
23000,0.10133181726559996
24000,0.08842986915260553
25000,0.049698878452181815
26000,0.11952553316950798
27000,0.089149390719831
28000,0.062154317274689674
29000,0.0743314191699028
30000,0.06780735859647394
31000,0.06329367430880666
32000,0.05391433597542346
33000,0.04432110507041216
34000,0.0705719904974103
35000,0.07446921980008483
36000,0.08724095104262233
37000,0.05706367264501751
38000,0.05486758919432759
39000,0.059597251331433655
40000,0.05116888836491853
41000,0.0571916033513844
42000,0.071239866851829
43000,0.03894637827761471
44000,0.04155306625179946
45000,0.05904268575832248
46000,0.026698367670178413
47000,0.03825385859236121
48000,0.05263877450488508
49000,0.074639290291816
50000,0.07592790485359728
51000,0.05477443216368556
52000,0.07723780581727624
53000,0.03945000842213631
54000,0.07541805072687566
55000,0.016952216811478137
56000,0.05232737269252539
57000,0.07631155643612146
58000,0.026845228485763074
59000,0.058418207615613935
60000,0.052328001335263254
61000,0.04709925043862313
62000,0.05310726910829544
63000,0.06873231353238225
64000,0.015702279983088374
65000,0.06113820541650057
66000,0.08260044218041003
67000,0.0544662777800113
68000,0.043994128331542016
69000,0.06510357689112425
70000,0.04822533307597041
71000,0.0450606248807162
72000,0.029723982233554123
73000,0.06044906680472195
74000,0.07917705411091447
75000,0.0325453185243532
76000,0.04587682499550283
77000,0.06111426036804914
78000,0.06613108124583959
79000,0.035414200741797686
80000,0.06221240581944585
81000,0.026545939221978187
82000,0.04349071988835931
