1000,0.4034238440453256
2000,0.4755218631925562
3000,0.48889109960336674
4000,0.3298605352436191
5000,0.4354413217658776
6000,0.31855264110181236
7000,0.2805185548050721
8000,0.4119553331005978
9000,0.31898035862461765
10000,0.3093663605104403
11000,0.26988970792937084
12000,0.1928920679476839
13000,0.5210859267459258
14000,0.3419443375538112
15000,0.4929379954985986
16000,0.27465552278387156
17000,0.23220270457833508
18000,0.29405629210130685
19000,0.18775628874177652
20000,0.310284675821298
21000,0.06629944776205772
22000,0.17522835754433305
23000,0.37948344795293404
24000,0.142592994831163
25000,0.2957878463739396
26000,0.27288721810133687
27000,0.22333783042577338
28000,0.2638852997581049
29000,0.299211051403198
30000,0.44327510334971676
31000,0.3109801064285639
32000,0.24328179033111805
33000,0.38154796648035416
34000,0.38130753681685225
35000,0.30522727583594167
36000,0.41914614170308473
37000,0.15523990725928788
38000,0.09628862191785129
39000,0.20786096626044018
40000,0.21502419777588244
41000,0.31642889882755265
42000,0.40483665538987934
43000,0.19987062536890415
44000,0.18995549275383664
45000,0.23843330295553944
46000,0.20044029784067838
47000,0.34375800488952174
48000,0.2500692554070749
49000,0.3183511523122281
50000,0.13267786309060572
51000,0.19480885887103128
52000,0.6324748305432142
53000,0.2223506325756782
54000,0.31462576274659726
55000,0.1374040334025331
56000,0.3434370626079183
57000,0.17379410036461013
58000,0.14831833599001562
59000,0.34070150420195927
60000,0.29945533835152355
61000,0.32628069872105653
62000,0.40350149557240816
63000,0.41492829737141806
64000,0.2962232007064925
65000,0.41523445903482814
66000,0.3256676157771995
67000,0.28484470164741005
68000,0.24563309826765387
69000,0.25593972648446306
70000,0.0955947098206961
71000,0.2506353190171094
72000,0.43000935138650187
73000,0.4459124847596252
74000,0.23315236616805973
75000,0.37123929455195964
76000,0.18372646462239217
77000,0.387151821239102
78000,0.3327958182800105
79000,0.21899180063830742
80000,0.11818891269240694
81000,0.2589445055752915
82000,0.21150902981262404
