1000,0.05853033121675253
2000,0.07464453727006912
3000,0.11040987763553858
4000,0.05827418388798833
5000,0.07756737601011991
6000,0.0659205543808639
7000,0.04537248825654387
8000,0.06692474652081729
9000,0.053223416209220886
10000,0.06458660420030356
11000,0.042888522148132324
12000,0.04569267183542251
13000,0.0863773631863296
14000,0.054059168044477704
15000,0.07793523799628019
16000,0.05153719075024128
17000,0.037311132345348594
18000,0.05871359882876277
19000,0.04156357618048787
20000,0.05544369947165251
21000,0.031987577211111784
22000,0.035003412514925
23000,0.06314776432700456
24000,0.03083270718343556
25000,0.05231888946145773
26000,0.059999688621610404
27000,0.05739177158102393
28000,0.049838147684931756
29000,0.05373360784724355
30000,0.0678886016830802
31000,0.05517679024487734
32000,0.046579057443887
33000,0.07157080862671136
34000,0.06524589466862381
35000,0.06991601120680571
36000,0.06651789983734488
37000,0.033263526018708946
38000,0.03201672537252307
39000,0.03769812406972051
40000,0.05533856749534607
41000,0.05444043269380927
42000,0.055928810872137545
43000,0.04707484291866422
44000,0.046156746055930856
45000,0.049406541883945464
46000,0.03359359428286553
47000,0.07331598475575447
48000,0.0544568121433258
49000,0.05277826481033117
50000,0.032480087131261826
51000,0.028573453798890112
52000,0.07337437961250544
53000,0.04198230244219303
54000,0.06014083931222558
55000,0.03362560598179698
56000,0.0702405497431755
57000,0.038045425247400996
58000,0.04120041374117136
59000,0.050115858763456346
60000,0.06183173675090074
61000,0.06572683267295361
62000,0.07051171660423279
63000,0.06637769117951393
64000,0.051228632032871244
65000,0.0805076839402318
66000,0.04894187748432159
67000,0.0490881463047117
68000,0.04281091317534447
69000,0.0370140790939331
70000,0.021179889352060853
71000,0.04483623798005283
72000,0.07249934077262879
73000,0.06259927470237017
74000,0.03739996990188956
75000,0.054694689344614744
76000,0.03885219721123576
77000,0.05859411861747503
78000,0.057684217020869254
79000,0.03823680775240064
80000,0.029527685698121788
81000,0.03815990891307593
82000,0.052008882910013196
