1000,0.13827762
2000,0.17609623
3000,0.23808365
4000,0.30040663
5000,0.26250276
6000,0.27680072
7000,0.22756863
8000,0.27839333
9000,0.26530993
10000,0.22679076
11000,0.20122845
12000,0.24240401
13000,0.2465339
14000,0.20644791
15000,0.22600289
16000,0.20639932
17000,0.21804483
18000,0.29810488
19000,0.22971527
20000,0.2453218
21000,0.22758529
22000,0.2214396
23000,0.23107961
24000,0.2469913
25000,0.24133012
26000,0.24907196
27000,0.24035096
28000,0.24787676
29000,0.24144092
30000,0.25891775
31000,0.21028204
32000,0.2010711
33000,0.21034479
34000,0.2742576
35000,0.22874542
36000,0.27663276
37000,0.22930858
38000,0.25643772
39000,0.2583936
40000,0.2842496
41000,0.28398484
42000,0.23623495
43000,0.21911171
44000,0.21807697
45000,0.24834564
46000,0.22912045
47000,0.26511315
48000,0.24573919
49000,0.2231516
50000,0.2697677
51000,0.25133562
52000,0.2254854
53000,0.23198588
54000,0.20758803
55000,0.21907072
56000,0.24362297
57000,0.2271199
58000,0.20722389
59000,0.23728278
60000,0.26856312
61000,0.23233223
62000,0.23989229
63000,0.20310049
64000,0.21003386
65000,0.26198167
66000,0.26152775
67000,0.2242789
68000,0.2226506
69000,0.24743676
70000,0.24346948
71000,0.23402333
72000,0.23856294
73000,0.22641435
74000,0.24178615
75000,0.23616652
76000,0.2494156
77000,0.23880982
78000,0.20690283
79000,0.24911503
80000,0.25068876
81000,0.23560539
82000,0.24327068
