300,0.13694633136037737
1100,0.3239781454205513
2100,0.3391506791114807
3100,0.3750375047326088
4100,0.3451275199651718
5100,0.30617204308509827
6100,0.3122871406376362
7100,0.26369597762823105
8100,0.2304983902722597
9100,0.23329093679785728
10100,0.2583612181246281
11100,0.2419011827558279
12100,0.2313428319990635
13100,0.25703674256801606
14100,0.2747747480869293
15100,0.23649780377745627
16100,0.2760709777474403
17100,0.23936067447066306
18100,0.2560522332787514
19100,0.23121982216835021
20100,0.21419166252017022
21100,0.21434904895722867
22100,0.2302609570324421
23100,0.24285838082432748
24100,0.2302039448171854
25100,0.2259928211569786
26100,0.25751412883400915
27100,0.22422842904925347
28100,0.24298478066921234
29100,0.23746438100934028
30100,0.26187112629413606
31100,0.28049204796552657
32100,0.2267944373190403
33100,0.21325477734208106
34100,0.23498045578598975
35100,0.24796215891838075
36100,0.23431337997317314
37100,0.23255811855196953
38100,0.2433905854821205
39100,0.22309096157550812
40100,0.25701401457190515
41100,0.1968043338507414
42100,0.23080262951552868
43100,0.2136129353195429
44100,0.2596757747232914
45100,0.27437611296772957
46100,0.2403489828109741
47100,0.2599998950958252
48100,0.23483251854777337
49100,0.27119878455996516
50100,0.24661422409117223
51100,0.2687780037522316
52100,0.27355903908610346
53100,0.24554913192987443
54100,0.2279888242483139
55100,0.2267473567277193
56100,0.2327832594513893
57100,0.21998621970415116
58100,0.23676832690834998
59100,0.25402710661292077
60100,0.2509689189493656
61100,0.23396183997392656
62100,0.20774686709046364
63100,0.21441431902348995
64100,0.24072311744093894
65100,0.27748857960104945
66100,0.26928879842162134
67100,0.2677099287509918
68100,0.26292909532785413
69100,0.2268066693097353
70100,0.2761127628386021
71100,0.2470279186964035
72100,0.24788367971777917
73100,0.26980957984924314
74100,0.23366427347064017
75100,0.2450671263039112
76100,0.23082440979778768
77100,0.22790531143546106
78100,0.24609003886580466
79100,0.2515184812247753
80100,0.26850181818008423
81100,0.25455864146351814
