0,-0.01890625
1000,0.004421875
2000,-0.005265625
3000,0.002390625
4000,0.0051875
5000,0.007375
6000,0.005421875
7000,0.0028125
8000,0.001953125
9000,0.003125
10000,-0.004984375
11000,0.004375
12000,0.0081875
13000,0.004265625
14000,0.001484375
15000,0.00171875
16000,0.008984375
17000,0.007390625
18000,0.004375
19000,0.002203125
20000,-0.00121875
21000,-0.000296875
22000,0.002109375
23000,6.25e-05
24000,0.00228125
25000,0.004921875
26000,0.005
27000,0.001234375
28000,0.0114375
29000,0.0065
30000,0.0093125
31000,0.01421875
32000,-0.00665625
33000,-0.00296875
34000,0.009359375
35000,0.002671875
36000,-0.00578125
37000,0.007640625
38000,0.00196875
39000,0.00371875
40000,-0.001265625
41000,0.003984375
42000,0.005296875
43000,0.00834375
44000,0.009671875
45000,0.00225
46000,-0.001078125
47000,0.00778125
48000,0.00365625
49000,0.007296875
50000,0.008296875
51000,0.00521875
52000,0.00515625
53000,0.00175
54000,-0.00315625
55000,-0.001453125
56000,-0.00725
57000,0.008046875
58000,0.008671875
59000,0.010625
60000,-0.000875
61000,-0.0036875
62000,-0.001046875
63000,0.00284375
64000,0.010546875
65000,0.00559375
66000,0.00265625
67000,-0.002921875
68000,0.00265625
69000,0.003859375
70000,0.004734375
71000,-0.001296875
72000,0.00509375
73000,0.00709375
74000,-0.000515625
75000,-0.00325
76000,0.000953125
77000,0.00609375
78000,-0.00228125
79000,0.002953125
80000,0.005234375
81000,-0.0081875
