300,0.0499633988365531
1100,0.04233570424839854
2100,0.047623187955468896
3100,0.054001713544130324
4100,0.050968735851347445
5100,0.047506599314510824
6100,0.044401581212878224
7100,0.04074700344353914
8100,0.04602761548012495
9100,0.04428942902013659
10100,0.04397853501141071
11100,0.045804145000875
12100,0.04275646042078733
13100,0.04139341115951538
14100,0.04276281474158168
15100,0.03900989564135671
16100,0.041363470070064065
17100,0.04274164149537683
18100,0.042088670562952755
19100,0.04614732256159186
20100,0.0407614185474813
21100,0.04313422031700611
22100,0.04945067893713713
23100,0.04501239657402038
24100,0.043674041703343394
25100,0.04164621103554964
26100,0.04357878156006336
27100,0.0440681473352015
28100,0.041655403282493356
29100,0.043970664218068126
30100,0.04773332364857197
31100,0.041280701756477356
32100,0.03925513541325927
33100,0.04422524720430374
34100,0.04032606277614832
35100,0.046027762442827226
36100,0.0457922987639904
37100,0.04127873843535781
38100,0.04632985703647137
39100,0.04102306589484215
40100,0.04300118824467063
41100,0.042572082951664925
42100,0.04673656048253179
43100,0.044328713603317735
44100,0.04696562886238098
45100,0.04534825142472983
46100,0.04592943089082837
47100,0.0416757645085454
48100,0.05006182603538036
49100,0.04265102753415704
50100,0.038625844102352855
51100,0.03984570149332285
52100,0.046338276099413635
53100,0.043396688718348744
54100,0.041606366913765666
55100,0.04242968326434493
56100,0.04293822217732668
57100,0.04554379601031542
58100,0.04694861136376858
59100,0.045958672650158405
60100,0.045766308717429635
61100,0.04670935058966279
62100,0.047457470558583736
63100,0.04112732447683811
64100,0.045107629522681235
65100,0.044625496864318846
66100,0.04050338212400675
67100,0.043161762226372954
68100,0.04110197508707643
69100,0.045501758251339196
70100,0.040777654945850374
71100,0.04053246853873134
72100,0.042333447746932505
73100,0.04134384812787175
74100,0.046294270921498536
75100,0.044797681458294394
76100,0.04512230642139912
77100,0.04670451264828444
78100,0.04324462804943323
79100,0.041953174490481616
80100,0.042437195871025325
81100,0.04396320329979062
