1451000,0.2
1452000,0.5
1453000,0.4666666666666666
1454000,0.5
1455000,0.45999999999999996
1456000,0.5
1457000,0.5142857142857143
1458000,0.475
1459000,0.4222222222222222
1460000,0.48
1461000,0.55
1462000,0.5
1463000,0.4699999999999999
1464000,0.45
1465000,0.4600000000000001
1466000,0.47000000000000003
1467000,0.45000000000000007
1468000,0.49000000000000005
1469000,0.57
1470000,0.52
1471000,0.4700000000000001
1472000,0.52
1473000,0.59
1474000,0.63
1475000,0.63
1476000,0.5700000000000001
1477000,0.61
1478000,0.6
1479000,0.56
1480000,0.5900000000000001
1481000,0.61
1482000,0.61
1483000,0.59
