1451000,0.050170862348750234
1452000,0.02792175430804491
1453000,0.0296356625854969
1454000,0.03064658083021641
1455000,0.032557896059006455
1456000,0.05225708354264498
1457000,0.032422639150172475
1458000,0.05056391693651676
1459000,0.09028609893284738
1460000,0.015819821134209634
1461000,0.022502095252275468
1462000,0.051386520825326444
1463000,0.04924960816279054
1464000,0.03421126855537295
1465000,0.04050261767115444
1466000,0.026457612263038756
1467000,0.03495592358522117
1468000,0.03560106796212494
1469000,0.031979470048099756
1470000,0.033519625500775876
1471000,0.039643476344645025
1472000,0.02329340314026922
1473000,0.02223805976100266
1474000,0.027251185942441226
1475000,0.04195569418370724
1476000,0.05220943596214056
1477000,0.023360058711841703
1478000,0.02265472081489861
1479000,0.0396578473970294
1480000,0.031991022359579804
1481000,0.029294235818088054
1482000,0.018377776467241348
1483000,0.029961648769676684
