1451000,0.11913425595972686
1452000,0.11401327158446177
1453000,0.1371778034848216
1454000,0.15483536019938957
1455000,0.15760381575626886
1456000,0.2075392088731511
1457000,0.19412746230603303
1458000,0.1954497985940027
1459000,0.18999363870059416
1460000,0.19584178638921224
1461000,0.20388366315600856
1462000,0.2179904449886704
1463000,0.2393083773189835
1464000,0.23230457160320533
1465000,0.23356982537792967
1466000,0.226032198494446
1467000,0.2516206105093255
1468000,0.26837288546170357
1469000,0.2627486198300001
1470000,0.24421405694293327
1471000,0.2519573589188959
1472000,0.25554920260697267
1473000,0.22107029878980136
1474000,0.21494678081036567
1475000,0.21896970689827583
1476000,0.20278469645755884
1477000,0.19656788189817356
1478000,0.17642888553123862
1479000,0.17892370556091422
1480000,0.20166195318493887
1481000,0.1940930322208962
1482000,0.18597470159143456
1483000,0.1916597911485502
