1451000,0.025817159842699767
1452000,0.036501976754516365
1453000,0.05221426393836737
1454000,0.03407667959108949
1455000,0.03505311505869031
1456000,0.06514634937047958
1457000,0.040373521856963634
1458000,0.045368282962590455
1459000,0.03896195692941547
1460000,0.049871145468205216
1461000,0.040755994711071254
1462000,0.03964725341647864
1463000,0.05217051906511187
1464000,0.0359634593129158
1465000,0.04730406953021884
1466000,0.06200657682493329
1467000,0.04737699208781123
1468000,0.06766864936798811
1469000,0.03612472284585237
1470000,0.025266766687855123
1471000,0.06810570107772947
1472000,0.05835393606685102
1473000,0.032556822430342434
1474000,0.024175511044450104
1475000,0.05748441396281123
1476000,0.04494746970012784
1477000,0.06240902300924063
1478000,0.029017721209675072
1479000,0.03981714397668838
1480000,0.04461316168308258
1481000,0.04434813968837261
1482000,0.03110079523175955
1483000,0.035941845178604125
