1451000,0.3684687
1452000,0.24608931
1453000,0.3477768
1454000,0.3173756
1455000,0.37641466
1456000,0.30676195
1457000,0.37878987
1458000,0.34182793
1459000,0.39194402
1460000,0.3466359
1461000,0.38075468
1462000,0.23486802
1463000,0.34133434
1464000,0.31909567
1465000,0.35742897
1466000,0.263636
1467000,0.3996542
1468000,0.41903192
1469000,0.32813516
1470000,0.36326474
1471000,0.30808225
1472000,0.37151212
1473000,0.2681627
1474000,0.29163677
1475000,0.3346197
1476000,0.36633664
1477000,0.3775975
1478000,0.3178803
1479000,0.32745862
1480000,0.38454852
1481000,0.37753934
1482000,0.34814507
1483000,0.31392425
