1451000,0.23502046475186944
1452000,0.22903930354449484
1453000,0.2042262586671859
1454000,0.19730641056783496
1455000,0.18593286716379226
1456000,0.1872751897573471
1457000,0.17750159442424773
1458000,0.1954001940973103
1459000,0.20926675993017851
1460000,0.23106833416037262
1461000,0.22453457895200699
1462000,0.2373673120746389
1463000,0.24900866083800793
1464000,0.23830492524430155
1465000,0.22110382793471217
1466000,0.20955364350229502
1467000,0.20809723805636168
1468000,0.19057327162474394
1469000,0.18930217932909726
1470000,0.19052646435797216
1471000,0.21469684597104788
1472000,0.21292602168396116
1473000,0.20866247359663248
1474000,0.20491603380069137
1475000,0.19404213747940957
1476000,0.1861018913332373
1477000,0.18171568971127272
1478000,0.19325208704918623
1479000,0.2066537931188941
1480000,0.22426885291934012
1481000,0.22701227881014346
1482000,0.23489909373223783
1483000,0.23651582054793835
