1450999,-0.00284375
1451999,0.003515625
1452999,-0.00790625
1453999,0.00234375
1454999,-0.0045
1455999,0.004671875
1456999,0.008578125
1457999,-0.0059375
1458999,0.0076875
1459999,0.004890625
1460999,0.003375
1461999,0.013328125
1462999,-0.001125
1463999,-0.00190625
1464999,-0.003328125
1465999,-0.002546875
1466999,-0.0075
1467999,-0.003703125
1468999,0.004046875
1469999,0.00084375
1470999,-0.001390625
1471999,-0.003671875
1472999,-0.001328125
1473999,-0.0055625
1474999,-0.007828125
1475999,0.002421875
1476999,-0.00684375
1477999,0.00434375
1478999,0.00378125
1479999,0.006453125
1480999,0.00534375
1481999,0.000671875
1482999,-0.00928125
