1451000,13.645585775375366
1452000,28.98823833465576
1453000,44.23537755012512
1454000,59.56527042388916
1455000,74.72065353393555
1456000,89.87581157684326
1457000,105.08048820495605
1458000,120.45093059539795
1459000,135.81703352928162
1460000,151.35952877998352
1461000,166.67679810523987
1462000,182.0464060306549
1463000,197.35005044937134
1464000,212.7286033630371
1465000,227.97462511062622
1466000,243.495920419693
1467000,259.0092542171478
1468000,274.40555477142334
1469000,289.62761068344116
1470000,305.07932567596436
1471000,320.04326844215393
1472000,335.4410297870636
1473000,350.6678500175476
1474000,365.9613997936249
1475000,381.203976392746
1476000,396.65317726135254
1477000,411.9724416732788
1478000,427.29080033302307
1479000,442.50346302986145
1480000,458.0638599395752
1481000,473.36791133880615
1482000,488.8178997039795
1483000,504.0341305732727
