1451000,2900800
1452000,2902800
1453000,2904800
1454000,2906800
1455000,2908800
1456000,2910800
1457000,2912800
1458000,2914800
1459000,2916800
1460000,2918800
1461000,2920800
1462000,2922800
1463000,2924800
1464000,2926800
1465000,2928800
1466000,2930800
1467000,2932800
1468000,2934800
1469000,2936800
1470000,2938800
1471000,2940800
1472000,2942800
1473000,2944800
1474000,2946800
1475000,2948800
1476000,2950800
1477000,2952800
1478000,2954800
1479000,2956800
1480000,2958800
1481000,2960800
1482000,2962800
1483000,2964800
