1451000,0.029958523635286838
1452000,0.03054786768431465
1453000,0.03108085460960865
1454000,0.033848427254706624
1455000,0.035348823945969346
1456000,0.0367218835093081
1457000,0.03672004429623485
1458000,0.03678149627521634
1459000,0.03711003953590989
1460000,0.03621659956872463
1461000,0.035756553057581186
1462000,0.03598181476816535
1463000,0.03418016394600272
1464000,0.03487254735082388
1465000,0.0344409197755158
1466000,0.0349064333550632
1467000,0.035397504046559336
1468000,0.03523522624745965
1469000,0.03445778639987111
1470000,0.034956947583705184
1471000,0.036295793559402226
1472000,0.034799829684197904
1473000,0.034271589498966935
1474000,0.035336045697331425
1475000,0.036381443329155445
1476000,0.03647685820236802
1477000,0.03650694979354739
1478000,0.03624699721112847
1479000,0.0358109137788415
1480000,0.03462943972088397
1481000,0.0337665590737015
1482000,0.03406325303949416
1483000,0.03441905507817864
