1151000,nan
1152000,nan
1153000,nan
1154000,nan
1155000,nan
1156000,nan
1157000,nan
1158000,nan
1159000,nan
1160000,nan
1161000,-0.4
1162000,0.0
1163000,0.13333333333333333
1164000,0.1
1165000,0.08
1166000,0.13333333333333333
1167000,0.2285714285714286
1168000,0.27499999999999997
1169000,0.2444444444444444
1170000,0.26999999999999996
1171000,0.2818181818181818
1172000,0.29166666666666663
1173000,0.2846153846153846
1174000,0.2928571428571428
1175000,0.2733333333333333
1176000,0.30625
1177000,0.30000000000000004
1178000,0.2944444444444445
1179000,0.3315789473684211
1180000,0.34500000000000003
1181000,0.3190476190476191
1182000,0.30454545454545456
1183000,0.3347826086956522
1184000,0.3416666666666666
1185000,0.352
1186000,0.3538461538461538
1187000,0.37037037037037035
1188000,0.37857142857142856
1189000,0.38620689655172413
1190000,0.37666666666666665
1191000,0.3741935483870968
1192000,0.3875
1193000,0.4
1194000,0.4
1195000,0.3885714285714286
1196000,0.38888888888888895
1197000,0.39189189189189194
1198000,0.3973684210526316
1199000,0.4025641025641026
1200000,0.4074999999999999
1201000,0.4121951219512195
1202000,0.42142857142857143
1203000,0.4255813953488372
1204000,0.425
1205000,0.43777777777777777
1206000,0.42826086956521736
1207000,0.42765957446808506
1208000,0.4291666666666667
1209000,0.43673469387755104
1210000,0.44000000000000006
1211000,0.44705882352941184
1212000,0.451923076923077
1213000,0.45094339622641516
1214000,0.4518518518518519
1215000,0.4509090909090909
1216000,0.4517857142857143
1217000,0.4543859649122807
1218000,0.456896551724138
1219000,0.45932203389830517
1220000,0.4650000000000001
1221000,0.46393442622950826
1222000,0.46290322580645166
1223000,0.4682539682539683
1224000,0.4765625
1225000,0.47538461538461535
1226000,0.4803030303030303
1227000,0.48208955223880595
1228000,0.47794117647058826
1229000,0.4797101449275363
1230000,0.4814285714285715
1231000,0.4802816901408451
1232000,0.4847222222222223
1233000,0.4917808219178083
1234000,0.491891891891892
1235000,0.4933333333333334
1236000,0.5000000000000001
1237000,0.503896103896104
1238000,0.5051282051282052
1239000,0.5113924050632912
1240000,0.515
1241000,0.5160493827160494
1242000,0.5146341463414634
1243000,0.5180722891566265
1244000,0.5190476190476191
1245000,0.5247058823529412
1246000,0.5255813953488372
1247000,0.5287356321839081
1248000,0.5295454545454544
1249000,0.5325842696629213
1250000,0.5355555555555555
1251000,0.5362637362637361
1252000,0.5326086956521738
1253000,0.5333333333333333
1254000,0.5276595744680851
1255000,0.5284210526315789
1256000,0.5270833333333332
1257000,0.5237113402061855
1258000,0.5244897959183673
1259000,0.5272727272727272
1260000,0.5299999999999999
1261000,0.5306930693069306
1262000,0.5333333333333332
1263000,0.5378640776699029
1264000,0.5346153846153846
1265000,0.5314285714285714
1266000,0.5339622641509434
1267000,0.5383177570093457
1268000,0.5407407407407406
1269000,0.5412844036697247
1270000,0.5363636363636363
1271000,0.5405405405405405
1272000,0.54375
1273000,0.5442477876106194
1274000,0.5447368421052631
1275000,0.5434782608695652
1276000,0.5405172413793103
1277000,0.541025641025641
1278000,0.5415254237288135
1279000,0.5453781512605043
1280000,0.5425
1281000,0.5446280991735537
1282000,0.5475409836065573
1283000,0.5495934959349593
1284000,0.5532258064516129
1285000,0.5551999999999999
1286000,0.553968253968254
1287000,0.5543307086614172
1288000,0.5578125
1289000,0.5581395348837209
1290000,0.5584615384615385
1291000,0.5610687022900763
1292000,0.5643939393939394
1293000,0.5631578947368422
1294000,0.5664179104477612
1295000,0.5681481481481481
1296000,0.5654411764705882
1297000,0.5671532846715328
1298000,0.5702898550724637
1299000,0.5705035971223021
1300000,0.5678571428571428
1301000,0.5666666666666667
1302000,0.5654929577464789
1303000,0.5685314685314685
1304000,0.5673611111111112
1305000,0.5682758620689655
1306000,0.5684931506849316
1307000,0.5680272108843538
1308000,0.570945945945946
1309000,0.5724832214765101
1310000,0.5740000000000001
1311000,0.5741721854304637
1312000,0.574342105263158
1313000,0.5738562091503269
1314000,0.5727272727272729
1315000,0.575483870967742
1316000,0.5769230769230769
1317000,0.5770700636942676
1318000,0.5784810126582279
1319000,0.5773584905660378
1320000,0.575
1321000,0.5745341614906833
1322000,0.5734567901234568
1323000,0.5742331288343558
1324000,0.5768292682926829
1325000,0.576969696969697
1326000,0.5783132530120482
1327000,0.5778443113772455
1328000,0.5767857142857143
1329000,0.5781065088757397
1330000,0.5758823529411765
1331000,0.5771929824561404
1332000,0.577325581395349
1333000,0.5786127167630057
1334000,0.5775862068965517
1335000,0.5777142857142857
1336000,0.5801136363636363
1337000,0.5824858757062147
1338000,0.5831460674157303
1339000,0.5837988826815642
1340000,0.5861111111111111
1341000,0.5883977900552486
1342000,0.5906593406593407
1343000,0.5896174863387978
1344000,0.591304347826087
1345000,0.5908108108108108
1346000,0.5913978494623656
1347000,0.5914438502673797
1348000,0.5925531914893617
1349000,0.5936507936507935
1350000,0.5926315789473684
1351000,0.5947643979057591
1352000,0.5958333333333333
1353000,0.5979274611398964
1354000,0.5989690721649484
1355000,0.5994871794871796
1356000,0.6000000000000001
1357000,0.6020304568527919
1358000,0.6015151515151516
1359000,0.6025125628140704
1360000,0.6025
1361000,0.6029850746268657
1362000,0.602970297029703
1363000,0.6044334975369459
1364000,0.6044117647058823
1365000,0.6053658536585366
1366000,0.6053398058252427
1367000,0.6062801932367149
1368000,0.6081730769230769
1369000,0.6090909090909091
1370000,0.6090476190476191
1371000,0.6090047393364929
1372000,0.6099056603773584
1373000,0.6089201877934272
1374000,0.6098130841121495
1375000,0.6116279069767442
1376000,0.610648148148148
1377000,0.6105990783410138
1378000,0.6114678899082568
1379000,0.6105022831050227
1380000,0.6113636363636363
1381000,0.61131221719457
1382000,0.612162162162162
1383000,0.6139013452914798
1384000,0.6147321428571428
1385000,0.6146666666666667
1386000,0.6163716814159292
1387000,0.6171806167400881
1388000,0.6179824561403507
1389000,0.6179039301310044
1390000,0.6178260869565216
1391000,0.618181818181818
1392000,0.6181034482758619
1393000,0.6175965665236051
1394000,0.6192307692307691
1395000,0.6208510638297872
1396000,0.6216101694915254
1397000,0.6223628691983122
1398000,0.6201680672268907
1399000,0.6209205020920501
1400000,0.6208333333333333
1401000,0.6224066390041494
1402000,0.6227272727272727
1403000,0.6226337448559671
1404000,0.6209016393442623
1405000,0.6208163265306123
1406000,0.6207317073170732
1407000,0.6214574898785425
1408000,0.6229838709677419
1409000,0.6228915662650603
1410000,0.6236
1411000,0.6243027888446214
1412000,0.6242063492063492
1413000,0.624110671936759
1414000,0.6244094488188976
1415000,0.624313725490196
1416000,0.62421875
1417000,0.622568093385214
1418000,0.6232558139534884
1419000,0.6231660231660232
1420000,0.6238461538461538
1421000,0.6229885057471264
1422000,0.6240458015267175
1423000,0.6247148288973383
1424000,0.625378787878788
1425000,0.6264150943396226
1426000,0.6255639097744361
1427000,0.6254681647940075
1428000,0.6242537313432837
1429000,0.6241635687732342
1430000,0.6233333333333334
1431000,0.6247232472324724
1432000,0.6246323529411765
1433000,0.6252747252747253
1434000,0.6266423357664234
1435000,0.628
1436000,0.6293478260869565
1437000,0.6299638989169675
1438000,0.6298561151079136
1439000,0.6290322580645161
1440000,0.6289285714285714
1441000,0.6295373665480427
1442000,0.6294326241134752
1443000,0.6307420494699647
1444000,0.6302816901408451
1445000,0.6298245614035087
1446000,0.6297202797202797
1447000,0.6303135888501742
1448000,0.6298611111111112
1449000,0.6311418685121108
1450000,0.6296551724137932
1451000,0.6295532646048111
1452000,0.6301369863013699
