1151000,nan
1152000,0.06633210759609938
1153000,0.055960874841548505
1154000,0.04818904850011071
1155000,0.051378621137700975
1156000,0.05768565433099866
1157000,0.055141286070769034
1158000,0.05039909528568387
1159000,0.0491761690354906
1160000,0.04894749999253286
1161000,0.046974683389998974
1162000,0.04651370837183839
1163000,0.04599034876252214
1164000,0.045340637157026395
1165000,0.044104832869821364
1166000,0.04475881285655002
1167000,0.04326116207812447
1168000,0.0438458922866951
1169000,0.04426755509597974
1170000,0.04267493367048079
1171000,0.041922085729893296
1172000,0.04411960569587314
1173000,0.044327907752647826
1174000,0.043099695546856234
1175000,0.042609371395762236
1176000,0.04207058433769271
1177000,0.041716395513279936
1178000,0.04141797433064009
1179000,0.04063806544166125
1180000,0.04043892332039581
1181000,0.04112598959395351
1182000,0.041346869350696404
1183000,0.040697082582119036
1184000,0.04030371053659385
1185000,0.03999928586931406
1186000,0.04025783421238884
1187000,0.04008103217121162
1188000,0.039488919842925324
1189000,0.03933270023186005
1190000,0.039190573692142676
1191000,0.03898699137760559
1192000,0.038700326561939155
1193000,0.03835771208590207
1194000,0.03807152447989211
1195000,0.03809181441981557
1196000,0.03772032177774236
1197000,0.037816420263033765
1198000,0.03783025158485001
1199000,0.037658848746165555
1200000,0.037246200845491295
1201000,0.03709079021331854
1202000,0.03682553881856923
1203000,0.0365908200613026
1204000,0.03668472129293665
1205000,0.03645670056597468
1206000,0.03619169926440174
1207000,0.03628241544689185
1208000,0.036080024460853455
1209000,0.03587340722984538
1210000,0.035804198147192344
1211000,0.03543174005191152
1212000,0.03545002275390825
1213000,0.035731557970716345
1214000,0.03554631290321667
1215000,0.035190240102383544
1216000,0.03521641666642748
1217000,0.035142308494400684
1218000,0.03511018265254184
1219000,0.03528377255493337
1220000,0.035272752921488404
1221000,0.035164087971539366
1222000,0.035159683886023474
1223000,0.03485892541648354
1224000,0.03461926518397227
1225000,0.03452501237530865
1226000,0.03451615626830608
1227000,0.034214412954966786
1228000,0.03412542207160505
1229000,0.03410408503334157
1230000,0.03394312557110068
1231000,0.033898972378519826
1232000,0.03378272856338479
1233000,0.03383269541607261
1234000,0.03368084107789334
1235000,0.033582410272044526
1236000,0.03333907968556399
1237000,0.033246383615931886
1238000,0.03307215241961524
1239000,0.033027974404765036
1240000,0.03285433737524482
1241000,0.032705786175663686
1242000,0.03265602967131289
1243000,0.03276482892852864
1244000,0.03272927577810122
1245000,0.03284626100670566
1246000,0.03283983332803473
1247000,0.03289721346385098
1248000,0.03306615158217028
1249000,0.032967663741770334
1250000,0.032846273380364624
1251000,0.03273955184116494
1252000,0.03268783639062952
1253000,0.03256812510069222
1254000,0.03233935641434532
1255000,0.03237350394405299
1256000,0.03244258743677554
1257000,0.0322964166917065
1258000,0.0321077671887736
1259000,0.03196695676974573
1260000,0.031924863803892506
1261000,0.032025220287032426
1262000,0.03182856341979156
1263000,0.03173322960979671
1264000,0.03174782895907529
1265000,0.0316961823854383
1266000,0.031765881288675184
1267000,0.03175492008790727
1268000,0.03172018711920828
1269000,0.031756958675420825
1270000,0.03158039337556277
1271000,0.031690995121219506
1272000,0.03158295360309157
1273000,0.031420138134185954
1274000,0.03133225734175251
1275000,0.031229971179310534
1276000,0.031127093998715282
1277000,0.031131866976751812
1278000,0.0311055965362278
1279000,0.030955921120767015
1280000,0.03091547470395417
1281000,0.030828168699338746
1282000,0.030695384560607886
1283000,0.0306051073105526
1284000,0.030665896223381835
1285000,0.030516669976719615
1286000,0.030402584202173684
1287000,0.030425914806683604
1288000,0.030313392682850743
1289000,0.030173253861721604
1290000,0.030131710403625646
1291000,0.030157126758214352
1292000,0.03029366024119238
1293000,0.030258034867673957
1294000,0.030132575909659214
1295000,0.03015494916843535
1296000,0.030054724877057917
1297000,0.030027478602587258
1298000,0.03001367066904497
1299000,0.029901115456831995
1300000,0.029870968712290637
1301000,0.02975405176038233
1302000,0.02971016513345615
1303000,0.029692411068352062
1304000,0.02967644541903271
1305000,0.02966384701922161
1306000,0.02955517105134805
1307000,0.029527586248467484
1308000,0.029461572826083655
1309000,0.0293960517375506
1310000,0.029474697784380107
1311000,0.029567805829283315
1312000,0.029564954551017802
1313000,0.029582152319612143
1314000,0.029509585208482354
1315000,0.02938833126610872
1316000,0.029381937853653322
1317000,0.029325002712388356
1318000,0.029285546450758586
1319000,0.029280659522295797
1320000,0.02921410000954683
1321000,0.029278399648199626
1322000,0.029236231541141258
1323000,0.029148472387608964
1324000,0.02908259624187334
1325000,0.029111823745087945
1326000,0.029102721313879427
1327000,0.029026999263772845
1328000,0.0289433537918606
1329000,0.028886262489563858
1330000,0.028834292522628983
1331000,0.028732736741205574
1332000,0.028638555482094232
1333000,0.028565813668115718
1334000,0.028578250267978025
1335000,0.028528141275708786
1336000,0.028523393151337735
1337000,0.028470605916045708
1338000,0.028451234098949674
1339000,0.02837255584599916
1340000,0.028316460629967018
1341000,0.028330675013375616
1342000,0.02827736015159744
1343000,0.02823893764246653
1344000,0.028171197075331632
1345000,0.028127145964937938
1346000,0.028055911812011915
1347000,0.027999127428082995
1348000,0.027925173546303403
1349000,0.02790147262628924
1350000,0.027837202278604666
1351000,0.02783005240460625
1352000,0.027772428567257167
1353000,0.027730955198490163
1354000,0.027657926532444477
1355000,0.027629842609052966
1356000,0.02755584229783314
1357000,0.027580309499538894
1358000,0.027523634636972622
1359000,0.027459539888793818
1360000,0.027412666378288784
1361000,0.027395891891238058
1362000,0.02735577667544715
1363000,0.02731553292229227
1364000,0.027328787784817947
1365000,0.027275381028482464
1366000,0.027190281759709292
1367000,0.027216119527777968
1368000,0.027178860434077783
1369000,0.027161027890642883
1370000,0.027142247633868192
1371000,0.02711403196095489
1372000,0.02714847479536034
1373000,0.027113927949454872
1374000,0.027043611671767227
1375000,0.026974909298795476
1376000,0.026971594127722914
1377000,0.026897021382738036
1378000,0.02686037913391506
1379000,0.026826470410614683
1380000,0.02681148804665246
1381000,0.026800737166878485
1382000,0.02675438185476444
1383000,0.026723976755878037
1384000,0.026713786029122978
1385000,0.026638258664826983
1386000,0.026578006540236877
1387000,0.02658082678735501
1388000,0.026542170609805325
1389000,0.026646007487830164
1390000,0.02661718210321364
1391000,0.026620005762427658
1392000,0.026575473047110842
1393000,0.02652680766092871
1394000,0.02653767158094805
1395000,0.02656271738869989
1396000,0.026544199007568044
1397000,0.026534000476202323
1398000,0.026497491703652457
1399000,0.02643366002709128
1400000,0.026418041734302598
1401000,0.026434311302215793
1402000,0.02641714159846844
1403000,0.026443015961073495
1404000,0.026432333863271297
1405000,0.02640070574063401
1406000,0.02636456025072702
1407000,0.026350219430446485
1408000,0.026449421449163058
1409000,0.026420487119124068
1410000,0.026434470860230912
1411000,0.026408790059660812
1412000,0.026405952090840838
1413000,0.026352938245613133
1414000,0.026323538686847316
1415000,0.026289938925522924
1416000,0.026234560053782396
1417000,0.026250552479724777
1418000,0.026275080619471442
1419000,0.02627627007828751
1420000,0.026279296245634534
1421000,0.026291961642693623
1422000,0.026225537467405125
1423000,0.026241445857265396
1424000,0.02625738198789188
1425000,0.0262003289499315
1426000,0.026153889159354467
1427000,0.026095508234562737
1428000,0.026046389429044105
1429000,0.026050725655790197
1430000,0.02603658966077108
1431000,0.026044290741286075
1432000,0.026030548554045577
1433000,0.02603594428058367
1434000,0.025997150823611325
1435000,0.025984032841913342
1436000,0.026001513798030812
1437000,0.025998916896039757
1438000,0.025985920187454988
1439000,0.02599917789935312
1440000,0.025959838521533895
1441000,0.026002475909290612
1442000,0.026000759453345505
1443000,0.02596442842086991
1444000,0.025920879801813953
1445000,0.025870449466018648
1446000,0.025856408671045803
1447000,0.02584447837314754
1448000,0.025805200812048578
1449000,0.025781465963450347
1450000,0.02583684212390729
1451000,0.025828073463460895
1452000,0.02583453589994259
