1151000,nan
1152000,nan
1153000,nan
1154000,nan
1155000,nan
1156000,nan
1157000,nan
1158000,nan
1159000,nan
1160000,nan
1161000,0.3157256092414409
1162000,0.3514648609659263
1163000,0.30122499556190824
1164000,0.28024619434741327
1165000,0.2680162519842386
1166000,0.23878238352867148
1167000,0.25177518044040537
1168000,0.2492884929595461
1169000,0.2566779170979374
1170000,0.26246942159852177
1171000,0.2633412973363789
1172000,0.2670044913679018
1173000,0.25646394785425614
1174000,0.25799696536083055
1175000,0.2470400935839316
1176000,0.2522332864304099
1177000,0.2478405538479321
1178000,0.24837740523595725
1179000,0.242673085011585
1180000,0.23616089449643746
1181000,0.23911778896872946
1182000,0.23558379564200777
1183000,0.23330246487558864
1184000,0.23187774460229438
1185000,0.23085578913881272
1186000,0.2308422140167336
1187000,0.22827805865165615
1188000,0.22696730063969314
1189000,0.2275073183691289
1190000,0.224967103980964
1191000,0.22035376515847646
1192000,0.2194152816677181
1193000,0.2213877166573711
1194000,0.2217403083361261
1195000,0.21904584501251811
1196000,0.2162210670596764
1197000,0.21695793703139632
1198000,0.21753473124907718
1199000,0.21913679261830427
1200000,0.21767232854802107
1201000,0.21915803872238734
1202000,0.2200847878605243
1203000,0.21788050921156207
1204000,0.21528231326797703
1205000,0.21390301548800822
1206000,0.21456323164219415
1207000,0.2179058186896586
1208000,0.21662920341839265
1209000,0.21724357430230107
1210000,0.21621417472461707
1211000,0.21394109665743627
1212000,0.21460880450539152
1213000,0.21448556287139503
1214000,0.21966729212053543
1215000,0.21958385497271485
1216000,0.21801295675995636
1217000,0.21575294292358607
1218000,0.21522281397232104
1219000,0.21315149979318
1220000,0.21272141941220024
1221000,0.21358733476415875
1222000,0.21186516468384634
1223000,0.21157082167016655
1224000,0.2115031406011303
1225000,0.21201635464080754
1226000,0.21195298995421022
1227000,0.2123140483374484
1228000,0.21259193174718738
1229000,0.21081860261502355
1230000,0.21078964011412044
1231000,0.21053602454336895
1232000,0.21282411001508356
1233000,0.21404509093111318
1234000,0.21388059739715842
1235000,0.21412757829292564
1236000,0.21283141887037055
1237000,0.21317871163323418
1238000,0.21233293153267652
1239000,0.21178548868174057
1240000,0.21040641115992956
1241000,0.20881385667333074
1242000,0.20926155444981107
1243000,0.20946445318949727
1244000,0.20929650187094292
1245000,0.20851083425038489
1246000,0.2113135358228431
1247000,0.21120813578381492
1248000,0.20996474134347679
1249000,0.21089724138798882
1250000,0.20998838897504987
1251000,0.2082795322209919
1252000,0.20926957224315756
1253000,0.20894291908642457
1254000,0.20905215987592848
1255000,0.20857584651418332
1256000,0.20728165410883945
1257000,0.2080446670865222
1258000,0.2083666487522313
1259000,0.20795255830869747
1260000,0.2081041972917896
1261000,0.2072866200068395
1262000,0.20576774962147723
1263000,0.2050766660489625
1264000,0.204730775104165
1265000,0.20441276065278788
1266000,0.20393590328383826
1267000,0.20405862325107527
1268000,0.20318145227252618
1269000,0.2043734501814779
1270000,0.2028016970722306
1271000,0.20195000757080311
1272000,0.2023967086208187
1273000,0.20258856602204725
1274000,0.20185932644608148
1275000,0.20197455731328223
1276000,0.20109861662385115
1277000,0.2007026396297294
1278000,0.1997143533588886
1279000,0.1990809574770473
1280000,0.1987123420004868
1281000,0.19826620842913317
1282000,0.19903860269661033
1283000,0.19871516531222203
1284000,0.2002720073367532
1285000,0.20002104748693633
1286000,0.1999636540130709
1287000,0.19983465976951809
1288000,0.19924215284626054
1289000,0.19877896741275713
1290000,0.1993137096069319
1291000,0.19841256218581718
1292000,0.19822102879204143
1293000,0.19814726627217522
1294000,0.198716849196989
1295000,0.19989745057516853
1296000,0.19939305146078493
1297000,0.19944456442991534
1298000,0.1989937745742247
1299000,0.198411314817306
1300000,0.1977167220741323
1301000,0.1979992842247504
1302000,0.19853377576690334
1303000,0.19934799688538057
1304000,0.20033717757514383
1305000,0.19994964440916788
1306000,0.19925732107138203
1307000,0.19900809835422736
1308000,0.1994309733881723
1309000,0.19867109230668817
1310000,0.19817831620624618
1311000,0.19752445659014348
1312000,0.19700699532689403
1313000,0.19694499819097427
1314000,0.19666828346873488
1315000,0.1962703252644343
1316000,0.19604449953669606
1317000,0.19550412353354268
1318000,0.19659924926990383
1319000,0.19712935648388302
1320000,0.19676591755512812
1321000,0.19639401387344757
1322000,0.19627720706505156
1323000,0.19610582729492537
1324000,0.19614939601140918
1325000,0.1968024201793746
1326000,0.19660787839368776
1327000,0.19742259402066484
1328000,0.19717396795941947
1329000,0.196973536262158
1330000,0.19663842566913178
1331000,0.19693089670099242
1332000,0.19624218280785968
1333000,0.19578026285260489
1334000,0.1960272022710624
1335000,0.19598156002238484
1336000,0.19667392895925823
1337000,0.19620110538157814
1338000,0.19591115404483264
1339000,0.19532537442791456
1340000,0.19521230466160858
1341000,0.19466411127664754
1342000,0.19417117576469323
1343000,0.1940531149301369
1344000,0.1940276233541937
1345000,0.1938379449751972
1346000,0.19366305822648042
1347000,0.19349339902403603
1348000,0.19361695698079615
1349000,0.19376735207947954
1350000,0.19351952811414644
1351000,0.1939862358280739
1352000,0.1935116549692267
1353000,0.19414431467260893
1354000,0.19354859504987568
1355000,0.19318875232128518
1356000,0.19262423815893617
1357000,0.19260547151859594
1358000,0.19275898608568476
1359000,0.1929993418046444
1360000,0.19338308139933202
1361000,0.19348758919343487
1362000,0.1931130343749398
1363000,0.19372030457757505
1364000,0.19347526280222693
1365000,0.19331783001427538
1366000,0.19316119613839222
1367000,0.19334200806039467
1368000,0.1930614771808981
1369000,0.19259733381146418
1370000,0.1922614467402921
1371000,0.19206831614505643
1372000,0.19231621989112171
1373000,0.19209767144082482
1374000,0.19263847355592953
1375000,0.1925814413218551
1376000,0.1926575368331763
1377000,0.19299575818579975
1378000,0.19297890383216945
1379000,0.19331964752775396
1380000,0.19322790753939204
1381000,0.19274604857290006
1382000,0.19309490259639853
1383000,0.19289676378781492
1384000,0.1923922168705922
1385000,0.19246579754409493
1386000,0.19230382290628376
1387000,0.19240499356368962
1388000,0.19183910199639004
1389000,0.19216325694120856
1390000,0.19274129408076113
1391000,0.19281360254234867
1392000,0.19274421386726026
1393000,0.19331430127211335
1394000,0.1933345732324862
1395000,0.19374302419486353
1396000,0.19375081006005365
1397000,0.19408326458040834
1398000,0.19363036951192739
1399000,0.1934795263664781
1400000,0.19391778735098014
1401000,0.19363994461099207
1402000,0.19325272268582946
1403000,0.19333057415910768
1404000,0.19339805464590973
1405000,0.19334941732475464
1406000,0.19309249105417284
1407000,0.19269399720659322
1408000,0.1924351544963597
1409000,0.19242317635679237
1410000,0.1923283201708905
1411000,0.19195214085198212
1412000,0.19154795761659574
1413000,0.19128228389585855
1414000,0.1916393114663655
1415000,0.19138434249179195
1416000,0.19169728327742447
1417000,0.19146761057012054
1418000,0.1914597238186194
1419000,0.19139609563036583
1420000,0.19140734967217798
1421000,0.1913098592692293
1422000,0.19085436301705797
1423000,0.19099669032402194
1424000,0.19079444572123952
1425000,0.19033856613489825
1426000,0.19012833613494956
1427000,0.19009841983102901
1428000,0.19035774978477296
1429000,0.19037453501781249
1430000,0.1908035405673905
1431000,0.19107305256442558
1432000,0.19142856729189378
1433000,0.191757854336387
1434000,0.19150131939862428
1435000,0.19146396321758408
1436000,0.1921043533127414
1437000,0.19251000024649498
1438000,0.19249865292016277
1439000,0.1923171777631292
1440000,0.1920132573244908
1441000,0.19199548174907247
1442000,0.19189661357671034
1443000,0.19167453965998338
1444000,0.19166517630981
1445000,0.1915427049501199
1446000,0.191998489669459
1447000,0.19233015620742583
1448000,0.19300516637727386
1449000,0.19285769902421906
1450000,0.192632624679304
1451000,0.19287630178605203
1452000,0.19369105149709534
