1151000,nan
1152000,0.05656766556203365
1153000,0.062297391891479495
1154000,0.053469925994674365
1155000,0.05335745704360306
1156000,0.05292872615158558
1157000,0.05164004556524257
1158000,0.04984927170776895
1159000,0.04889969912474044
1160000,0.049232130533912115
1161000,0.050052921841852366
1162000,0.04934834646145728
1163000,0.05006822968134657
1164000,0.04915621648184382
1165000,0.05142698344508452
1166000,0.050070403944700956
1167000,0.05054343232768588
1168000,0.04969146487796131
1169000,0.049771131973506674
1170000,0.04883664170231082
1171000,0.0480444896989502
1172000,0.04838007073184209
1173000,0.04783020006196404
1174000,0.04767365479315429
1175000,0.04756510330092472
1176000,0.04812588972784579
1177000,0.04789855481447795
1178000,0.04805554684630975
1179000,0.047898429144905615
1180000,0.04766899820674082
1181000,0.04714313483176132
1182000,0.04652258989311034
1183000,0.04661492346058367
1184000,0.04664557474721787
1185000,0.04642845267731258
1186000,0.04641739343825196
1187000,0.04591510103394588
1188000,0.045865276000286274
1189000,0.045726115391344614
1190000,0.04589301068574572
1191000,0.04580687176436186
1192000,0.0458097668199959
1193000,0.04608483450165728
1194000,0.04589756624502411
1195000,0.045308153735029257
1196000,0.04500960353917132
1197000,0.04491090828947642
1198000,0.045143556867805405
1199000,0.044975058631098366
1200000,0.045030883511015196
1201000,0.044757798349950466
1202000,0.04441865705108891
1203000,0.044494513693140246
1204000,0.04448833805816424
1205000,0.04489560484135938
1206000,0.044884005387482995
1207000,0.04480856211698015
1208000,0.04464486993628701
1209000,0.04473685884310318
1210000,0.04442629398012502
1211000,0.04464959236055923
1212000,0.04464480081061665
1213000,0.044459078098542146
1214000,0.044479014175677935
1215000,0.04433051161868207
1216000,0.0443877128422117
1217000,0.04441331491812669
1218000,0.044338156822582346
1219000,0.04427175196195843
1220000,0.04405092310896008
1221000,0.04394378456985578
1222000,0.04401683055395654
1223000,0.044046311362762935
1224000,0.04399670018999493
1225000,0.04396989347438353
1226000,0.04390040177789827
1227000,0.04371679836675819
1228000,0.04358942094077538
1229000,0.043602078500538106
1230000,0.04350984665017009
1231000,0.04331239504535915
1232000,0.04315524733665595
1233000,0.04310023306227266
1234000,0.043104702274662905
1235000,0.04298290662922054
1236000,0.04283384315176483
1237000,0.04290373191443207
1238000,0.04284017489441595
1239000,0.042734916791298684
1240000,0.04274545735470281
1241000,0.04264950161955009
1242000,0.04244423593486567
1243000,0.04243684193301622
1244000,0.042394215084852714
1245000,0.04234470701578291
1246000,0.04217480167942612
1247000,0.04199888886529758
1248000,0.04206329113251731
1249000,0.04206168242535383
1250000,0.04189707879329834
1251000,0.041898423528997225
1252000,0.041731190315152676
1253000,0.04162699682889141
1254000,0.04154232142434356
1255000,0.04145100378552272
1256000,0.041337810282240664
1257000,0.04124859895772424
1258000,0.0411995383538741
1259000,0.041109735297504814
1260000,0.041123834241677176
1261000,0.04087797612248158
1262000,0.04080993459425732
1263000,0.04075667141878512
1264000,0.04076491327280492
1265000,0.040585489563027134
1266000,0.040506067845423745
1267000,0.04038633521704469
1268000,0.04032772744609776
1269000,0.04019548476938063
1270000,0.040105197370099294
1271000,0.04003227317977386
1272000,0.039951126719632545
1273000,0.03997806985366357
1274000,0.03999102375227807
1275000,0.04003951424139462
1276000,0.03999176293872297
1277000,0.03991041488036336
1278000,0.03994658981581901
1279000,0.03996941061304824
1280000,0.03989708320410965
1281000,0.039885766103935356
1282000,0.03992730904448749
1283000,0.03984162940036957
1284000,0.039814524699170566
1285000,0.03982944613836928
1286000,0.03992478607981293
1287000,0.039804002437192725
1288000,0.03986360088847306
1289000,0.03980886209958597
1290000,0.03983865861425833
1291000,0.0398104799412457
1292000,0.03984867239417178
1293000,0.039910346422751077
1294000,0.03988550916034077
1295000,0.039960398698005724
1296000,0.03995495887633799
1297000,0.039868025682636934
1298000,0.03983706814984531
1299000,0.03986334111887609
1300000,0.03979878303557385
1301000,0.03975464105978608
1302000,0.03967533635641664
1303000,0.03956470807622138
1304000,0.03955700244279761
1305000,0.039468824940237714
1306000,0.039378381996986365
1307000,0.0393148609275858
1308000,0.039247312413967526
1309000,0.039331533468646714
1310000,0.03935689659636913
1311000,0.03931172333075665
1312000,0.03925024007609033
1313000,0.03920232752182831
1314000,0.03918645291223528
1315000,0.03923293284464219
1316000,0.03940016613736975
1317000,0.0393350806296242
1318000,0.03939297522158881
1319000,0.03931441210928218
1320000,0.03925513602757397
1321000,0.03922865883871803
1322000,0.03924804251431351
1323000,0.03917297321861762
1324000,0.03916075438909728
1325000,0.03914847305571746
1326000,0.03923987458978913
1327000,0.03927841462943682
1328000,0.03921557247407187
1329000,0.039165765475063175
1330000,0.03913817597428264
1331000,0.0390999808954075
1332000,0.03901710015778219
1333000,0.039007563448439427
1334000,0.0389651745864409
1335000,0.038962634101525236
1336000,0.03891087947375569
1337000,0.03891896569778422
1338000,0.03886399368499032
1339000,0.03891681353598734
1340000,0.038912204520348166
1341000,0.03886764997800224
1342000,0.03891512431504195
1343000,0.03884796945191435
1344000,0.03883708418344529
1345000,0.03875851064581981
1346000,0.03870209556932633
1347000,0.03862743158539643
1348000,0.038636850199052296
1349000,0.0386522869271405
1350000,0.03865661402186145
1351000,0.03864222597726621
1352000,0.038643162081537036
1353000,0.03859495641917249
1354000,0.03861268051679755
1355000,0.03858050842308348
1356000,0.038567315408869124
1357000,0.03851995691091943
1358000,0.038503762639852036
1359000,0.038479531421818626
1360000,0.038444363948127086
1361000,0.0384477607912517
1362000,0.03846490014834391
1363000,0.038481473349658596
1364000,0.03846795932518782
1365000,0.03849955665210923
1366000,0.03850772094642094
1367000,0.03848835499170322
1368000,0.0385085729232985
1369000,0.03848853078446513
1370000,0.03850591691991221
1371000,0.03847769974445162
1372000,0.03841698522272844
1373000,0.03848772698033786
1374000,0.038493715950095764
1375000,0.03841598564104061
1376000,0.038386562313987974
1377000,0.03833326094946618
1378000,0.038313214844687624
1379000,0.03825525699679642
1380000,0.038257445935383605
1381000,0.038263994843962236
1382000,0.038285249284895954
1383000,0.038285757901030594
1384000,0.038319493915641864
1385000,0.038290065083887555
1386000,0.03830306227903496
1387000,0.03829449849584045
1388000,0.038328300521488966
1389000,0.03825429553535822
1390000,0.03824042618970258
1391000,0.038276444752021535
1392000,0.03820995800090853
1393000,0.03817613417415472
1394000,0.03823698819068801
1395000,0.038259404211698225
1396000,0.0382425858830672
1397000,0.03818180295066128
1398000,0.038149171528031274
1399000,0.03811067251536447
1400000,0.038108866606758586
1401000,0.03808361998754554
1402000,0.03806555269882491
1403000,0.03799582762114282
1404000,0.0379600670134829
1405000,0.03803442309580296
1406000,0.038031320679047166
1407000,0.03804616980137325
1408000,0.038028912035819026
1409000,0.038055662365491294
1410000,0.038048225673748014
1411000,0.038069022770818826
1412000,0.03801178214478331
1413000,0.037977413632791446
1414000,0.03797212898215109
1415000,0.03797063416908107
1416000,0.037981249025346324
1417000,0.03796179360851008
1418000,0.037901360930374405
1419000,0.03788938170960069
1420000,0.0378749539146501
1421000,0.037895511118220856
1422000,0.03788808140739613
1423000,0.03792243836013607
1424000,0.03791211532030575
1425000,0.037863184794329825
1426000,0.037856042451860215
1427000,0.03791187238526038
1428000,0.03798197447309701
1429000,0.0379444235503228
1430000,0.03789492822264732
1431000,0.03787593631535336
1432000,0.03785913016947875
1433000,0.03785597285291292
1434000,0.03783246074591734
1435000,0.03784200615101185
1436000,0.03781623031449782
1437000,0.03784817036732191
1438000,0.03785623695895251
1439000,0.03788115165916679
1440000,0.0378300592364102
1441000,0.03780745014544287
1442000,0.03780906898960874
1443000,0.037858945747146905
1444000,0.0378382591229908
1445000,0.03781745786423047
1446000,0.037816865158590916
1447000,0.03779439365713876
1448000,0.03776194053064712
1449000,0.037762527565132736
1450000,0.0377419331423661
1451000,0.03773836061556358
1452000,0.03771123626525436
