1151000,0.35924748
1152000,0.32326123
1153000,0.31484762
1154000,0.310609
1155000,0.3167381
1156000,0.30989823
1157000,0.31032476
1158000,0.31034932
1159000,0.30557084
1160000,0.3023826
1161000,0.2984012
1162000,0.2954047
1163000,0.29206607
1164000,0.29151565
1165000,0.29059738
1166000,0.2888235
1167000,0.2861014
1168000,0.28278008
1169000,0.2796677
1170000,0.27710244
1171000,0.2754182
1172000,0.27808923
1173000,0.2761261
1174000,0.27597454
1175000,0.27600232
1176000,0.2776194
1177000,0.27885908
1178000,0.27986607
1179000,0.2808386
1180000,0.28293484
1181000,0.28481516
1182000,0.28289098
1183000,0.28369215
1184000,0.2834589
1185000,0.28327358
1186000,0.28344163
1187000,0.28152868
1188000,0.28073555
1189000,0.280344
1190000,0.27948484
1191000,0.27905306
1192000,0.27962154
1193000,0.2795819
1194000,0.27977863
1195000,0.27993402
1196000,0.28035942
1197000,0.27952555
1198000,0.27928138
1199000,0.27993214
1200000,0.2798985
1201000,0.27967268
1202000,0.27949142
1203000,0.27957368
1204000,0.27964306
1205000,0.27996403
1206000,0.27925843
1207000,0.2800904
1208000,0.27933833
1209000,0.27943194
1210000,0.2791356
1211000,0.28028342
1212000,0.28065056
1213000,0.28054383
1214000,0.2804669
1215000,0.28032184
1216000,0.2803894
1217000,0.28020427
1218000,0.28021216
1219000,0.2802554
1220000,0.28008097
1221000,0.28000477
1222000,0.28002197
1223000,0.27950338
1224000,0.27972737
1225000,0.279315
1226000,0.27898207
1227000,0.27828205
1228000,0.27780864
1229000,0.2778287
1230000,0.27752283
1231000,0.27750337
1232000,0.27802354
1233000,0.27804255
1234000,0.2780274
1235000,0.2778232
1236000,0.2782077
1237000,0.27801895
1238000,0.27815428
1239000,0.277968
1240000,0.2777232
1241000,0.27743354
1242000,0.27740103
1243000,0.27726212
1244000,0.2773788
1245000,0.2774259
1246000,0.27753663
1247000,0.27766952
1248000,0.27753368
1249000,0.27812406
1250000,0.2780145
1251000,0.27762458
1252000,0.2777141
1253000,0.2773294
1254000,0.27760634
1255000,0.2774686
1256000,0.27709973
1257000,0.2770878
1258000,0.27686104
1259000,0.27723467
1260000,0.2773529
1261000,0.2772414
1262000,0.2771607
1263000,0.27683505
1264000,0.27707458
1265000,0.2768667
1266000,0.27662012
1267000,0.27640602
1268000,0.27651998
1269000,0.27619934
1270000,0.27611452
1271000,0.27636844
1272000,0.27679643
1273000,0.27683973
1274000,0.2769816
1275000,0.27672464
1276000,0.276605
1277000,0.2765888
1278000,0.27670065
1279000,0.27705595
1280000,0.27731395
1281000,0.27736807
1282000,0.2773176
1283000,0.27748454
1284000,0.27729434
1285000,0.27733687
1286000,0.27771822
1287000,0.27801618
1288000,0.2779995
1289000,0.27765805
1290000,0.2778987
1291000,0.27826372
1292000,0.27856565
1293000,0.27850762
1294000,0.27867085
1295000,0.27889973
1296000,0.27908617
1297000,0.27937937
1298000,0.27936685
1299000,0.27896053
1300000,0.2790927
1301000,0.27927822
1302000,0.2790941
1303000,0.27916303
1304000,0.2789908
1305000,0.27884984
1306000,0.2789577
1307000,0.2786621
1308000,0.27869383
1309000,0.2787359
1310000,0.27893198
1311000,0.27888262
1312000,0.2788032
1313000,0.2786517
1314000,0.27874616
1315000,0.2788372
1316000,0.27926865
1317000,0.27929056
1318000,0.2794973
1319000,0.27969128
1320000,0.2795998
1321000,0.27941838
1322000,0.27951998
1323000,0.27957857
1324000,0.27964064
1325000,0.27976632
1326000,0.27981332
1327000,0.2795765
1328000,0.27951485
1329000,0.2796941
1330000,0.27965188
1331000,0.27962697
1332000,0.27965814
1333000,0.27961874
1334000,0.27977133
1335000,0.27993712
1336000,0.2800033
1337000,0.27996305
1338000,0.2800083
1339000,0.2801054
1340000,0.28006107
1341000,0.27994892
1342000,0.27999628
1343000,0.27979028
1344000,0.27975342
1345000,0.27974328
1346000,0.27984273
1347000,0.27965578
1348000,0.279729
1349000,0.2797771
1350000,0.2797089
1351000,0.2797966
1352000,0.27991638
1353000,0.27998674
1354000,0.28000364
1355000,0.27992186
1356000,0.28000498
1357000,0.27997077
1358000,0.28007108
1359000,0.28012097
1360000,0.28014478
1361000,0.28029212
1362000,0.2802007
1363000,0.28002498
1364000,0.27999294
1365000,0.27986437
1366000,0.27972355
1367000,0.27981284
1368000,0.27979502
1369000,0.27970257
1370000,0.27969924
1371000,0.2796426
1372000,0.27952227
1373000,0.2793539
1374000,0.27925852
1375000,0.2793358
1376000,0.27923903
1377000,0.2792661
1378000,0.27935347
1379000,0.27934054
1380000,0.279319
1381000,0.27925503
1382000,0.27923423
1383000,0.2792609
1384000,0.27925205
1385000,0.27929744
1386000,0.27924207
1387000,0.2793547
1388000,0.27957338
1389000,0.27948236
1390000,0.27932388
1391000,0.2794046
1392000,0.27940437
1393000,0.2794168
1394000,0.27960235
1395000,0.27960992
1396000,0.27964807
1397000,0.27954432
1398000,0.27951616
1399000,0.2796267
1400000,0.27986154
1401000,0.27989903
1402000,0.2799806
1403000,0.27999783
1404000,0.28016132
1405000,0.28038183
1406000,0.28032538
1407000,0.2801767
1408000,0.2801804
1409000,0.28017965
1410000,0.2803392
1411000,0.2806064
1412000,0.2807275
1413000,0.28090495
1414000,0.2810107
1415000,0.28107828
1416000,0.28105256
1417000,0.281026
1418000,0.28109246
1419000,0.2811387
1420000,0.28119195
1421000,0.28124735
1422000,0.28119522
1423000,0.28124806
1424000,0.28125656
1425000,0.28125766
1426000,0.28127617
1427000,0.2814407
1428000,0.2814786
1429000,0.2814351
1430000,0.28141305
1431000,0.28148004
1432000,0.2814724
1433000,0.28139678
1434000,0.2814693
1435000,0.28161818
1436000,0.28167516
1437000,0.28176954
1438000,0.28168422
1439000,0.28170222
1440000,0.28166956
1441000,0.28145632
1442000,0.28128213
1443000,0.281257
1444000,0.28121474
1445000,0.28108546
1446000,0.28106007
1447000,0.28117663
1448000,0.28108653
1449000,0.28116104
1450000,0.28117147
1451000,0.28131136
1452000,0.28143635
