1151000,nan
1152000,nan
1153000,0.2368203873435656
1154000,0.2668699031839004
1155000,0.2431556567063798
1156000,0.24646095971040655
1157000,0.23833415825136525
1158000,0.23338671033007075
1159000,0.22739726656101764
1160000,0.2264459725048342
1161000,0.22631370926455383
1162000,0.22460489913881307
1163000,0.22215226726172474
1164000,0.22231796821909008
1165000,0.22038635687062108
1166000,0.2217800986928571
1167000,0.2219961446700162
1168000,0.22204014160244245
1169000,0.22179067651798343
1170000,0.2225714277494914
1171000,0.22327007071746136
1172000,0.22266529763353882
1173000,0.22241783958602826
1174000,0.22149466002521764
1175000,0.2216251178763623
1176000,0.221929267847255
1177000,0.2233455377648136
1178000,0.2226631982931168
1179000,0.22253481540280065
1180000,0.22118911072151265
1181000,0.21956597932107588
1182000,0.21807426419315715
1183000,0.21792287234810148
1184000,0.21817854360808223
1185000,0.21893304399929756
1186000,0.21841061801940492
1187000,0.21826484225725662
1188000,0.21761908866570623
1189000,0.21771127355769893
1190000,0.21815203333737943
1191000,0.2187120768244016
1192000,0.2190734982921839
1193000,0.21942376659457427
1194000,0.22014434162761845
1195000,0.2200751310857299
1196000,0.21990176369640416
1197000,0.2200846551280494
1198000,0.22067858170816637
1199000,0.22069936419271946
1200000,0.22056958045668695
1201000,0.2208888280199644
1202000,0.2213778211574616
1203000,0.22154209877421735
1204000,0.22186358783713617
1205000,0.22216692205205074
1206000,0.22227696432621966
1207000,0.22181866872150102
1208000,0.22156213035817118
1209000,0.2215373807604926
1210000,0.22138548985507217
1211000,0.22136474412739737
1212000,0.2215710724696115
1213000,0.22183838085569504
1214000,0.22232544655967837
1215000,0.22270071283012724
1216000,0.22299047779750908
1217000,0.22332631222017307
1218000,0.2236697077708373
1219000,0.2241005589005567
1220000,0.22441898689454456
1221000,0.22478922052475273
1222000,0.2250943612562651
1223000,0.22499040461106923
1224000,0.22481369680815166
1225000,0.22476418844886628
1226000,0.22499154209658645
1227000,0.2252006554364416
1228000,0.2250846116673721
1229000,0.22505756973277968
1230000,0.22519178730815187
1231000,0.22552831584556768
1232000,0.22594966938716804
1233000,0.22603557989636847
1234000,0.22596378745064413
1235000,0.22603368879446392
1236000,0.22621616725513594
1237000,0.2266164095144308
1238000,0.22659453712425612
1239000,0.22678974918645578
1240000,0.22693798415264688
1241000,0.22689541590126866
1242000,0.22688790559998118
1243000,0.2266363596114622
1244000,0.226853928661335
1245000,0.22697427444753288
1246000,0.2268103244749376
1247000,0.22676542546789727
1248000,0.2269093805673881
1249000,0.22719862943888483
1250000,0.2275210711138298
1251000,0.2276200120548584
1252000,0.2278252179740974
1253000,0.22779577274566307
1254000,0.22811875680713434
1255000,0.22837706169210018
1256000,0.22821700907720746
1257000,0.2282603078549469
1258000,0.22823348405159805
1259000,0.22809390542960375
1260000,0.22816413972971186
1261000,0.22822478442218083
1262000,0.2283611981460632
1263000,0.22843651930064449
1264000,0.2285519186917756
1265000,0.22867099573140764
1266000,0.2287729652121742
1267000,0.22889315785330086
1268000,0.22911386691915892
1269000,0.22921183563349248
1270000,0.22934453158487725
1271000,0.22952488443514274
1272000,0.2296392864915359
1273000,0.22962287350395943
1274000,0.22960069876237904
1275000,0.22963551835721255
1276000,0.2297690767494226
1277000,0.22986524175456932
1278000,0.22995103743218676
1279000,0.2299306818475078
1280000,0.22993026465800856
1281000,0.23001040118533772
1282000,0.2299082603742068
1283000,0.22991741004708013
1284000,0.22982709807672191
1285000,0.22974124774181948
1286000,0.22985963020138359
1287000,0.22976400192039212
1288000,0.2297531018220852
1289000,0.22985173897887426
1290000,0.22987929716888064
1291000,0.2300064595987238
1292000,0.23020762422744503
1293000,0.2303944886977375
1294000,0.2305326401964568
1295000,0.23060607629450522
1296000,0.2305931102605348
1297000,0.23061127163410414
1298000,0.23070484890967238
1299000,0.23071823192675045
1300000,0.23079765607455577
1301000,0.23089660031109324
1302000,0.23109518923177289
1303000,0.23110746890888936
1304000,0.23109271870932177
1305000,0.23098939064112312
1306000,0.23102773359107354
1307000,0.231053530591059
1308000,0.2309640368161254
1309000,0.23086814266603894
1310000,0.23095697660510678
1311000,0.23098842020776647
1312000,0.23107292136728147
1313000,0.23104173614378004
1314000,0.23121744549099382
1315000,0.2313498644254647
1316000,0.23149892422088308
1317000,0.2316529172377993
1318000,0.23178342323754764
1319000,0.2317332115368184
1320000,0.23174188324866524
1321000,0.23180465726762903
1322000,0.2319434206614824
1323000,0.23203155491829217
1324000,0.23219669144926838
1325000,0.23235017497165997
1326000,0.23250159481997115
1327000,0.23258809667567942
1328000,0.23265622465521166
1329000,0.23264798003930853
1330000,0.23269679199471371
1331000,0.2328240560018784
1332000,0.23298266071959192
1333000,0.2329045083984336
1334000,0.23280376896839558
1335000,0.23285104536711435
1336000,0.23288806527497352
1337000,0.23293507998891083
1338000,0.23295882585545408
1339000,0.23301692918128966
1340000,0.23309251031248138
1341000,0.23315148844581002
1342000,0.23321620685900024
1343000,0.2333391411562758
1344000,0.2335044779394638
1345000,0.23358922992657155
1346000,0.23368502792599238
1347000,0.2337024195054551
1348000,0.23369489924212525
1349000,0.23377983826646695
1350000,0.23393280862359017
1351000,0.23404697464488775
1352000,0.2342375217508422
1353000,0.23431098062630615
1354000,0.23442303571642792
1355000,0.23452376782593976
1356000,0.23452596627569777
1357000,0.23447178008661176
1358000,0.23451936144211194
1359000,0.23459447109669995
1360000,0.23468460079311276
1361000,0.234764275593532
1362000,0.23476677367261692
1363000,0.2346978100491453
1364000,0.23468471663112372
1365000,0.23473985458922048
1366000,0.2349061742018903
1367000,0.23514894940301503
1368000,0.23519885690845602
1369000,0.23518793153267833
1370000,0.23527718006877088
1371000,0.23529143281241746
1372000,0.2353440672970333
1373000,0.235400456599925
1374000,0.23549209190326353
1375000,0.235588673687801
1376000,0.23563067242961946
1377000,0.23563092816753933
1378000,0.235579975198622
1379000,0.23562302798735676
1380000,0.23564729764623246
1381000,0.23561539928593228
1382000,0.2356082292044567
1383000,0.23562909075662758
1384000,0.23567804249935254
1385000,0.23568124094560222
1386000,0.23580745463065908
1387000,0.23588228669268768
1388000,0.23598930496750958
1389000,0.2361614858216109
1390000,0.23627756185416765
1391000,0.23633703895021063
1392000,0.2364005189333726
1393000,0.23649927036572424
1394000,0.23663316154794614
1395000,0.23668266294060528
1396000,0.23670262458783595
1397000,0.236762011734402
1398000,0.23684541919392818
1399000,0.23687496761951354
1400000,0.2368388617979163
1401000,0.23683006988228436
1402000,0.23686750890179792
1403000,0.2369631560165115
1404000,0.2369812839277981
1405000,0.23697175557112002
1406000,0.2369248085838007
1407000,0.2369264662232817
1408000,0.23686202438464304
1409000,0.2368191507260867
1410000,0.23691505160518614
1411000,0.2370036517172919
1412000,0.23704742135230783
1413000,0.23709614380952249
1414000,0.2371003331589433
1415000,0.2371450128499596
1416000,0.2372027386119253
1417000,0.23733982277172186
1418000,0.23744970148052252
1419000,0.23752186530022426
1420000,0.23755928788270023
1421000,0.23756079058441606
1422000,0.23759143603630184
1423000,0.2376278571676307
1424000,0.23764839050642544
1425000,0.23772550889728997
1426000,0.23769322521146286
1427000,0.23761466601805784
1428000,0.23768423711850595
1429000,0.23779873657631856
1430000,0.23781405277100176
1431000,0.23779497788051104
1432000,0.2377725130639306
1433000,0.2377496710747528
1434000,0.2377281114694103
1435000,0.23773151249177768
1436000,0.23774223937562602
1437000,0.23780133713539944
1438000,0.23778839738366428
1439000,0.23780130832922852
1440000,0.23783073111495934
1441000,0.2378367892619283
1442000,0.2378843526239708
1443000,0.23799388303350538
1444000,0.23804061190336123
1445000,0.23812286979370673
1446000,0.23814230334481107
1447000,0.23816957226231306
1448000,0.23825641566035335
1449000,0.23826705194900327
1450000,0.23825946518743465
1451000,0.23827402096583894
1452000,0.2382315074442458
