1150999,nan
1151999,0.007140625
1152999,0.0019140625
1153999,0.001125
1154999,0.0016914062
1155999,0.001184375
1156999,9.375e-05
1157999,-0.00022098214
1158999,-0.000109375
1159999,-0.00018402778
1160999,-0.0003625
1161999,-0.00029261364
1162999,0.00049479166
1163999,0.00064182695
1164999,0.00063504465
1165999,0.0006114583
1166999,0.0008828125
1167999,0.0016020221
1168999,0.0010711806
1169999,0.0013626645
1170999,0.00105
1171999,0.0010915179
1172999,0.0014197443
1173999,0.0015998641
1174999,0.0017701823
1175999,0.001685625
1176999,0.001688101
1177999,0.0015028935
1178999,0.0013694196
1179999,0.0011330819
1180999,0.001234375
1181999,0.0013669354
1182999,0.001378418
1183999,0.0012542614
1184999,0.0013699449
1185999,0.0012352678
1186999,0.0011310764
1187999,0.0012846284
1188999,0.0012134046
1189999,0.0012980769
1190999,0.0014285157
1191999,0.0014763719
1192999,0.0013783482
1193999,0.0013630087
1194999,0.0015777699
1195999,0.0014979166
1196999,0.0015033968
1197999,0.0013939495
1198999,0.0014117839
1199999,0.0015232781
1200999,0.00151875
1201999,0.0015955883
1202999,0.0015838342
1203999,0.0016090802
1204999,0.0014803241
1205999,0.0014133523
1206999,0.0014874442
1207999,0.0013788377
1208999,0.0013801185
1209999,0.0014563029
1210999,0.0015192708
1211999,0.0015568647
1212999,0.0015299899
1213999,0.0015121527
1214999,0.0015969238
1215999,0.0017088943
1216999,0.0016799242
1217999,0.0017642258
1218999,0.0017987132
1219999,0.0017860055
1220999,0.0016763393
1221999,0.0017053257
1222999,0.0017521702
1223999,0.0017348031
1224999,0.0017039696
1225999,0.0016672916
1226999,0.0016400082
1227999,0.001661323
1228999,0.0017417868
1229999,0.0017515823
1230999,0.0016740235
1231999,0.001683449
1232999,0.0016505335
1233999,0.0016724397
1234999,0.0017247024
1235999,0.0016601103
1236999,0.0017501817
1237999,0.0016533764
1238999,0.0016464844
1239999,0.0015635533
1240999,0.0015822917
1241999,0.0015568337
1242999,0.0015037364
1243999,0.0014868951
1244999,0.0014823803
1245999,0.0015052631
1246999,0.0015211588
1247999,0.0015159472
1248999,0.0014971301
1249999,0.0015017361
1250999,0.001485625
1251999,0.0014947401
1252999,0.0014650736
1253999,0.0014635923
1254999,0.0014454627
1255999,0.0014178571
1256999,0.0013788325
1257999,0.0013259345
1258999,0.0013460648
1259999,0.0013589449
1260999,0.0013792614
1261999,0.0013441723
1262999,0.0013991351
1263999,0.0013974004
1264999,0.0014052906
1265999,0.0014701087
1266999,0.0014710398
1267999,0.0014345619
1268999,0.0015099312
1269999,0.0014712447
1270999,0.001465625
1271999,0.0014629391
1272999,0.0014536373
1273999,0.0014775152
1274999,0.0014604335
1275999,0.001426375
1276999,0.0014232391
1277999,0.001406373
1278999,0.0014101563
1279999,0.0013809351
1280999,0.0013106971
1281999,0.0012807728
1282999,0.0012303503
1283999,0.0012075893
1284999,0.001211987
1285999,0.0011773148
1286999,0.0011962316
1287999,0.0012022126
1288999,0.001176404
1289999,0.0011887365
1290999,0.0012117188
1291999,0.0011552527
1292999,0.0011496479
1293999,0.0011577797
1294999,0.0011584201
1295999,0.0011717672
1296999,0.0011642765
1297999,0.0011919643
1298999,0.0012162162
1299999,0.0011882341
1300999,0.0011345834
1301999,0.0011541805
1302999,0.0011291119
1303999,0.0011116217
1304999,0.0011429586
1305999,0.001114617
1306999,0.0011005609
1307999,0.0011124602
1308999,0.001130538
1309999,0.001109375
1310999,0.0010913085
1311999,0.001105493
1312999,0.0011507523
1313999,0.0011846243
1314999,0.0011415777
1315999,0.0011297348
1316999,0.0011009978
1317999,0.0011458645
1318999,0.001141741
1319999,0.0011456176
1320999,0.001160386
1321999,0.0011805556
1322999,0.0011945858
1323999,0.0011939126
1324999,0.0012015086
1325999,0.0011672322
1326999,0.0011657493
1327999,0.0012048023
1328999,0.0012157655
1329999,0.001207926
1330999,0.0011760417
1331999,0.0011707528
1332999,0.0012023523
1333999,0.0011786203
1334999,0.0011748471
1335999,0.0011435811
1336999,0.0011612063
1337999,0.0011351939
1338999,0.0011675532
1339999,0.0011698082
1340999,0.0011918586
1341999,0.0012214496
1342999,0.0012569174
1343999,0.0012710493
1344999,0.0012253544
1345999,0.0012306891
1346999,0.0012492825
1347999,0.0012971129
1348999,0.0013236268
1349999,0.0013245132
1350999,0.0013321093
1351999,0.0013160759
1352999,0.0013094833
1353999,0.0012834051
1354999,0.0012627911
1355999,0.0012789634
1356999,0.0013120449
1357999,0.0013009511
1358999,0.001260066
1359999,0.0012374402
1360999,0.001215625
1361999,0.0012049763
1362999,0.0012441038
1363999,0.0012445716
1364999,0.0012743137
1365999,0.0012726744
1366999,0.0012517361
1367999,0.0012566964
1368999,0.0012282827
1369999,0.0012288813
1370999,0.0012424006
1371999,0.0012490102
1372999,0.0012929336
1373999,0.0012542041
1374999,0.00121875
1375999,0.0012367361
1376999,0.001229328
1377999,0.0012257021
1378999,0.001200932
1379999,0.0011862036
1380999,0.0011889266
1381999,0.0012129329
1382999,0.0012068292
1383999,0.0012304184
1384999,0.0012451923
1385999,0.0012753324
1386999,0.0012715837
1387999,0.001273009
1388999,0.0012604386
1389999,0.0012724241
1390999,0.0012816406
1391999,0.0012907806
1392999,0.0012999742
1393999,0.0012980324
1394999,0.0013110912
1395999,0.0013021684
1396999,0.0012822028
1397999,0.00125563
1398999,0.0012539693
1399999,0.0012740337
1400999,0.0012763125
1401999,0.0012514318
1402999,0.0012534102
1403999,0.00120646
1404999,0.0012225024
1405999,0.0012149509
1406999,0.0012069702
1407999,0.0012240394
1408999,0.0012159641
1409999,0.0011951617
1410999,0.0011915865
1411999,0.0011746289
1412999,0.0011726503
1413999,0.0011977187
1414999,0.0012041903
1415999,0.0012119693
1416999,0.001215578
1417999,0.001220213
1418999,0.0012217817
1419999,0.0012121282
1420999,0.0011904514
1421999,0.0012009917
1422999,0.0011870405
1423999,0.0011628892
1424999,0.0011480383
1425999,0.0011497159
1426999,0.001147645
1427999,0.0011299639
1428999,0.0011309015
1429999,0.0011148073
1430999,0.0010960938
1431999,0.001068561
1432999,0.001081394
1433999,0.0010776833
1434999,0.0010858275
1435999,0.0010761513
1436999,0.001057583
1437999,0.0010613567
1438999,0.0010699327
1439999,0.001085586
1440999,0.001094666
1441999,0.0011035224
1442999,0.0011009739
1443999,0.00109343
1444999,0.001103901
1445999,0.0011054556
1446999,0.0010868349
1447999,0.0010592908
1448999,0.0010557886
1449999,0.0010688754
1450999,0.001056823
1451999,0.001065978
