1151000,33.20138144493103
1152000,48.59227895736694
1153000,63.791728258132935
1154000,79.07817387580872
1155000,94.22556352615356
1156000,109.45801401138306
1157000,124.5977680683136
1158000,139.8076822757721
1159000,154.94938492774963
1160000,170.3942847251892
1161000,185.57573461532593
1162000,200.83352303504944
1163000,215.98256015777588
1164000,231.23476362228394
1165000,246.39501857757568
1166000,261.61795115470886
1167000,276.7451705932617
1168000,292.0049715042114
1169000,307.13506531715393
1170000,322.5555510520935
1171000,337.70672392845154
1172000,352.88871693611145
1173000,367.9983491897583
1174000,383.26423168182373
1175000,398.3780357837677
1176000,413.58663272857666
1177000,428.73172903060913
1178000,443.9556624889374
1179000,459.11011004447937
1180000,474.5328040122986
1181000,489.689701795578
1182000,504.9194424152374
1183000,520.0567452907562
1184000,535.3024921417236
1185000,550.4288313388824
1186000,565.625495672226
1187000,580.788049697876
1188000,595.9883563518524
1189000,611.1248052120209
1190000,626.47869348526
1191000,641.6138677597046
1192000,656.8263337612152
1193000,671.9088909626007
1194000,687.0820875167847
1195000,702.1809597015381
1196000,717.3789026737213
1197000,732.4538156986237
1198000,747.6473045349121
1199000,762.7433075904846
1200000,778.170640707016
1201000,793.2673668861389
1202000,808.4838628768921
1203000,823.5972590446472
1204000,838.7741410732269
1205000,853.8643143177032
1206000,869.0430073738098
1207000,884.1452503204346
1208000,899.324978351593
1209000,914.4009668827057
1210000,929.7778792381287
1211000,944.9022378921509
1212000,960.1004288196564
1213000,975.1797297000885
1214000,990.3501543998718
1215000,1005.4897122383118
1216000,1020.7116210460663
1217000,1035.8162214756012
1218000,1050.9959580898285
1219000,1066.0885276794434
1220000,1081.4932734966278
1221000,1096.6108796596527
1222000,1111.8643727302551
1223000,1127.0145621299744
1224000,1142.2768743038177
1225000,1157.2481381893158
1226000,1172.513671875
1227000,1187.8658702373505
1228000,1202.9493486881256
1229000,1217.8968880176544
1230000,1233.158005475998
1231000,1248.0678689479828
1232000,1263.101799249649
1233000,1278.0117769241333
1234000,1293.0098514556885
1235000,1307.9184589385986
1236000,1322.9263336658478
1237000,1337.9368317127228
1238000,1352.9615433216095
1239000,1367.8871290683746
1240000,1383.065512418747
1241000,1397.9700202941895
1242000,1413.0325689315796
1243000,1428.0021011829376
1244000,1443.0406982898712
1245000,1458.0276010036469
1246000,1473.061193227768
1247000,1488.0720336437225
1248000,1503.2799236774445
1249000,1518.5199751853943
1250000,1533.9922087192535
1251000,1549.0972437858582
1252000,1564.3150641918182
1253000,1579.538739681244
1254000,1594.8079581260681
1255000,1609.989431142807
1256000,1625.274490594864
1257000,1640.4028806686401
1258000,1655.6255350112915
1259000,1670.866187095642
1260000,1686.3597149848938
1261000,1701.6254060268402
1262000,1716.9384508132935
1263000,1732.0613372325897
1264000,1747.4472720623016
1265000,1762.61434674263
1266000,1777.8811161518097
1267000,1793.0713136196136
1268000,1808.3995881080627
1269000,1823.576060295105
1270000,1839.0050423145294
1271000,1854.1508193016052
1272000,1869.4327230453491
1273000,1884.5965099334717
1274000,1899.859944820404
1275000,1915.0099017620087
1276000,1930.274309873581
1277000,1945.4601900577545
1278000,1960.7394077777863
1279000,1975.9194979667664
1280000,1991.4190726280212
1281000,2006.6437377929688
1282000,2021.8767595291138
1283000,2037.044160604477
1284000,2052.2639894485474
1285000,2067.4051728248596
1286000,2082.6932034492493
1287000,2097.84569811821
1288000,2113.061833381653
1289000,2128.188769340515
1290000,2143.637820005417
1291000,2158.8111951351166
1292000,2174.036224603653
1293000,2189.2624180316925
1294000,2204.4929354190826
1295000,2219.6877307891846
1296000,2234.9205033779144
1297000,2250.104801416397
1298000,2265.3523309230804
1299000,2280.48663520813
1300000,2295.8982043266296
1301000,2311.0262455940247
1302000,2326.219165086746
1303000,2341.352636575699
1304000,2356.5631318092346
1305000,2371.7593760490417
1306000,2386.9539926052094
1307000,2402.076749563217
1308000,2417.3231904506683
1309000,2432.4350504875183
1310000,2447.825479745865
1311000,2462.9715628623962
1312000,2478.195567369461
1313000,2493.3107488155365
1314000,2508.5397617816925
1315000,2523.673510313034
1316000,2538.8753156661987
1317000,2554.0160937309265
1318000,2569.244099855423
1319000,2584.378100156784
1320000,2599.7759561538696
1321000,2614.917652606964
1322000,2630.0908756256104
1323000,2645.2354412078857
1324000,2660.473009824753
1325000,2675.643726825714
1326000,2690.8265776634216
1327000,2705.939502477646
1328000,2721.1930389404297
1329000,2736.318792104721
1330000,2751.747540473938
1331000,2766.890058040619
1332000,2782.0664620399475
1333000,2797.2280700206757
1334000,2812.529573202133
1335000,2827.6553840637207
1336000,2842.8725912570953
1337000,2858.0285215377808
1338000,2873.243668794632
1339000,2888.344999074936
1340000,2903.6995434761047
1341000,2918.851446866989
1342000,2934.058916091919
1343000,2949.1599354743958
1344000,2964.3481879234314
1345000,2979.4915630817413
1346000,2994.7214863300323
1347000,3009.824481010437
1348000,3025.070556163788
1349000,3040.188915491104
1350000,3055.5506043434143
1351000,3070.722424507141
1352000,3085.930932044983
1353000,3101.0423963069916
1354000,3116.2527775764465
1355000,3131.362464904785
1356000,3146.6183512210846
1357000,3161.7781944274902
1358000,3177.0188357830048
1359000,3192.141856431961
1360000,3207.5383801460266
1361000,3222.6676058769226
1362000,3237.885896921158
1363000,3253.0197126865387
1364000,3268.2426867485046
1365000,3283.343294620514
1366000,3298.609807729721
1367000,3313.799878835678
1368000,3329.064175605774
1369000,3344.25000333786
1370000,3359.740329027176
1371000,3374.8614959716797
1372000,3390.080453634262
1373000,3405.2283387184143
1374000,3420.457762479782
1375000,3435.599279165268
1376000,3450.812758207321
1377000,3465.955867290497
1378000,3481.160752773285
1379000,3496.291839361191
1380000,3511.691862344742
1381000,3526.8164484500885
1382000,3542.034272670746
1383000,3557.1910648345947
1384000,3572.4419672489166
1385000,3587.563501596451
1386000,3602.745871782303
1387000,3617.880597114563
1388000,3633.0922269821167
1389000,3648.204030275345
1390000,3663.560297727585
1391000,3678.722357749939
1392000,3693.9260759353638
1393000,3709.037546157837
1394000,3724.290087223053
1395000,3739.414155960083
1396000,3754.637719631195
1397000,3769.7797973155975
1398000,3785.0130615234375
1399000,3800.1472160816193
1400000,3815.577365398407
1401000,3830.7168617248535
1402000,3845.926016330719
1403000,3861.0860011577606
1404000,3876.2882680892944
1405000,3891.4037458896637
1406000,3906.616066455841
1407000,3921.7348308563232
1408000,3936.983166217804
1409000,3952.1521072387695
1410000,3967.581328868866
1411000,3982.7604026794434
1412000,3998.078185081482
1413000,4013.3021807670593
1414000,4028.614467859268
1415000,4043.8357231616974
1416000,4059.1471984386444
1417000,4074.4334845542908
1418000,4089.7890360355377
1419000,4105.043112277985
1420000,4120.549069881439
1421000,4135.711179971695
1422000,4150.932105541229
1423000,4166.090379953384
1424000,4181.320152997971
1425000,4196.454065322876
1426000,4211.694466590881
1427000,4226.818895578384
1428000,4242.020657300949
1429000,4257.152074098587
1430000,4272.586740493774
1431000,4287.719847202301
1432000,4302.9361617565155
1433000,4318.0482342243195
1434000,4333.312680006027
1435000,4348.464906454086
1436000,4363.698222875595
1437000,4378.844475746155
1438000,4394.103952884674
1439000,4409.25048494339
1440000,4424.687036037445
1441000,4439.83980512619
1442000,4455.060835361481
1443000,4470.187260627747
1444000,4485.455130338669
1445000,4500.593550920486
1446000,4515.784862995148
1447000,4531.093877315521
1448000,4546.330247879028
1449000,4561.534428596497
1450000,4576.989646911621
1451000,4592.228604316711
1452000,4607.525790691376
