1151000,2301200
1152000,2303200
1153000,2305200
1154000,2307200
1155000,2309200
1156000,2311200
1157000,2313200
1158000,2315200
1159000,2317200
1160000,2319200
1161000,2321200
1162000,2323200
1163000,2325200
1164000,2327200
1165000,2329200
1166000,2331200
1167000,2333200
1168000,2335200
1169000,2337200
1170000,2339200
1171000,2341200
1172000,2343200
1173000,2345200
1174000,2347200
1175000,2349200
1176000,2351200
1177000,2353200
1178000,2355200
1179000,2357200
1180000,2359200
1181000,2361200
1182000,2363200
1183000,2365200
1184000,2367200
1185000,2369200
1186000,2371200
1187000,2373200
1188000,2375200
1189000,2377200
1190000,2379200
1191000,2381200
1192000,2383200
1193000,2385200
1194000,2387200
1195000,2389200
1196000,2391200
1197000,2393200
1198000,2395200
1199000,2397200
1200000,2399200
1201000,2401200
1202000,2403200
1203000,2405200
1204000,2407200
1205000,2409200
1206000,2411200
1207000,2413200
1208000,2415200
1209000,2417200
1210000,2419200
1211000,2421200
1212000,2423200
1213000,2425200
1214000,2427200
1215000,2429200
1216000,2431200
1217000,2433200
1218000,2435200
1219000,2437200
1220000,2439200
1221000,2441200
1222000,2443200
1223000,2445200
1224000,2447200
1225000,2449200
1226000,2451200
1227000,2453200
1228000,2455200
1229000,2457200
1230000,2459200
1231000,2461200
1232000,2463200
1233000,2465200
1234000,2467200
1235000,2469200
1236000,2471200
1237000,2473200
1238000,2475200
1239000,2477200
1240000,2479200
1241000,2481200
1242000,2483200
1243000,2485200
1244000,2487200
1245000,2489200
1246000,2491200
1247000,2493200
1248000,2495200
1249000,2497200
1250000,2499200
1251000,2501200
1252000,2503200
1253000,2505200
1254000,2507200
1255000,2509200
1256000,2511200
1257000,2513200
1258000,2515200
1259000,2517200
1260000,2519200
1261000,2521200
1262000,2523200
1263000,2525200
1264000,2527200
1265000,2529200
1266000,2531200
1267000,2533200
1268000,2535200
1269000,2537200
1270000,2539200
1271000,2541200
1272000,2543200
1273000,2545200
1274000,2547200
1275000,2549200
1276000,2551200
1277000,2553200
1278000,2555200
1279000,2557200
1280000,2559200
1281000,2561200
1282000,2563200
1283000,2565200
1284000,2567200
1285000,2569200
1286000,2571200
1287000,2573200
1288000,2575200
1289000,2577200
1290000,2579200
1291000,2581200
1292000,2583200
1293000,2585200
1294000,2587200
1295000,2589200
1296000,2591200
1297000,2593200
1298000,2595200
1299000,2597200
1300000,2599200
1301000,2601200
1302000,2603200
1303000,2605200
1304000,2607200
1305000,2609200
1306000,2611200
1307000,2613200
1308000,2615200
1309000,2617200
1310000,2619200
1311000,2621200
1312000,2623200
1313000,2625200
1314000,2627200
1315000,2629200
1316000,2631200
1317000,2633200
1318000,2635200
1319000,2637200
1320000,2639200
1321000,2641200
1322000,2643200
1323000,2645200
1324000,2647200
1325000,2649200
1326000,2651200
1327000,2653200
1328000,2655200
1329000,2657200
1330000,2659200
1331000,2661200
1332000,2663200
1333000,2665200
1334000,2667200
1335000,2669200
1336000,2671200
1337000,2673200
1338000,2675200
1339000,2677200
1340000,2679200
1341000,2681200
1342000,2683200
1343000,2685200
1344000,2687200
1345000,2689200
1346000,2691200
1347000,2693200
1348000,2695200
1349000,2697200
1350000,2699200
1351000,2701200
1352000,2703200
1353000,2705200
1354000,2707200
1355000,2709200
1356000,2711200
1357000,2713200
1358000,2715200
1359000,2717200
1360000,2719200
1361000,2721200
1362000,2723200
1363000,2725200
1364000,2727200
1365000,2729200
1366000,2731200
1367000,2733200
1368000,2735200
1369000,2737200
1370000,2739200
1371000,2741200
1372000,2743200
1373000,2745200
1374000,2747200
1375000,2749200
1376000,2751200
1377000,2753200
1378000,2755200
1379000,2757200
1380000,2759200
1381000,2761200
1382000,2763200
1383000,2765200
1384000,2767200
1385000,2769200
1386000,2771200
1387000,2773200
1388000,2775200
1389000,2777200
1390000,2779200
1391000,2781200
1392000,2783200
1393000,2785200
1394000,2787200
1395000,2789200
1396000,2791200
1397000,2793200
1398000,2795200
1399000,2797200
1400000,2799200
1401000,2801200
1402000,2803200
1403000,2805200
1404000,2807200
1405000,2809200
1406000,2811200
1407000,2813200
1408000,2815200
1409000,2817200
1410000,2819200
1411000,2821200
1412000,2823200
1413000,2825200
1414000,2827200
1415000,2829200
1416000,2831200
1417000,2833200
1418000,2835200
1419000,2837200
1420000,2839200
1421000,2841200
1422000,2843200
1423000,2845200
1424000,2847200
1425000,2849200
1426000,2851200
1427000,2853200
1428000,2855200
1429000,2857200
1430000,2859200
1431000,2861200
1432000,2863200
1433000,2865200
1434000,2867200
1435000,2869200
1436000,2871200
1437000,2873200
1438000,2875200
1439000,2877200
1440000,2879200
1441000,2881200
1442000,2883200
1443000,2885200
1444000,2887200
1445000,2889200
1446000,2891200
1447000,2893200
1448000,2895200
1449000,2897200
1450000,2899200
1451000,2901200
1452000,2903200
