1151000,6318
1152000,12817
1153000,19427
1154000,25958
1155000,32681
1156000,39209
1157000,45804
1158000,52366
1159000,59036
1160000,65750
1161000,72388
1162000,79106
1163000,85785
1164000,92335
1165000,98846
1166000,105424
1167000,111979
1168000,118621
1169000,125202
1170000,131951
1171000,138661
1172000,145300
1173000,151975
1174000,158586
1175000,165135
1176000,171893
1177000,178385
1178000,185066
1179000,191671
1180000,198405
1181000,205068
1182000,211807
1183000,218392
1184000,224914
1185000,231510
1186000,238119
1187000,244785
1188000,251241
1189000,257704
1190000,264099
1191000,270431
1192000,276879
1193000,283385
1194000,289867
1195000,296504
1196000,302958
1197000,309462
1198000,315938
1199000,322446
1200000,328924
1201000,335402
1202000,341839
1203000,348200
1204000,354596
1205000,361027
1206000,367803
1207000,374229
1208000,380715
1209000,387147
1210000,393638
1211000,400048
1212000,406537
1213000,413042
1214000,419420
1215000,425809
1216000,432359
1217000,438778
1218000,445128
1219000,451429
1220000,457756
1221000,464148
1222000,470698
1223000,477176
1224000,483660
1225000,490151
1226000,496453
1227000,502818
1228000,509216
1229000,515624
1230000,521952
1231000,528352
1232000,534819
1233000,541227
1234000,547636
1235000,553912
1236000,560212
1237000,566555
1238000,572997
1239000,579306
1240000,585672
1241000,592089
1242000,598263
1243000,604636
1244000,610989
1245000,617427
1246000,623878
1247000,630226
1248000,636631
1249000,643100
1250000,649375
1251000,655704
1252000,662032
1253000,668312
1254000,674574
1255000,680822
1256000,687056
1257000,693403
1258000,699611
1259000,705870
1260000,711986
1261000,718283
1262000,724434
1263000,730742
1264000,737009
1265000,743191
1266000,749439
1267000,755582
1268000,761799
1269000,768122
1270000,774411
1271000,780711
1272000,786986
1273000,793336
1274000,799632
1275000,805891
1276000,812162
1277000,818475
1278000,824794
1279000,831137
1280000,837563
1281000,843805
1282000,850158
1283000,856373
1284000,862583
1285000,868872
1286000,875102
1287000,881244
1288000,887534
1289000,893699
1290000,899932
1291000,906193
1292000,912352
1293000,918630
1294000,924790
1295000,931109
1296000,937318
1297000,943497
1298000,949756
1299000,955963
1300000,962094
1301000,968377
1302000,974552
1303000,980808
1304000,987123
1305000,993202
1306000,999565
1307000,1005820
1308000,1012057
1309000,1018457
1310000,1024658
1311000,1030856
1312000,1037006
1313000,1043151
1314000,1049396
1315000,1055628
1316000,1061803
1317000,1068008
1318000,1074174
1319000,1080416
1320000,1086603
1321000,1092788
1322000,1098985
1323000,1105099
1324000,1111403
1325000,1117610
1326000,1123822
1327000,1130187
1328000,1136381
1329000,1142578
1330000,1148844
1331000,1155175
1332000,1161353
1333000,1167619
1334000,1173768
1335000,1180042
1336000,1186318
1337000,1192651
1338000,1199028
1339000,1205357
1340000,1211501
1341000,1217699
1342000,1223886
1343000,1230166
1344000,1236322
1345000,1242358
1346000,1248518
1347000,1254679
1348000,1260895
1349000,1266988
1350000,1273135
1351000,1279229
1352000,1285322
1353000,1291473
1354000,1297581
1355000,1303796
1356000,1309899
1357000,1316191
1358000,1322443
1359000,1328673
1360000,1334795
1361000,1340783
1362000,1346843
1363000,1352824
1364000,1358904
1365000,1364922
1366000,1370981
1367000,1377097
1368000,1383272
1369000,1389447
1370000,1395644
1371000,1401757
1372000,1407971
1373000,1414206
1374000,1420411
1375000,1426464
1376000,1432566
1377000,1438626
1378000,1444747
1379000,1451002
1380000,1457194
1381000,1463336
1382000,1469556
1383000,1475664
1384000,1481662
1385000,1487821
1386000,1494085
1387000,1500224
1388000,1506291
1389000,1512419
1390000,1518577
1391000,1524736
1392000,1530793
1393000,1536932
1394000,1543103
1395000,1549187
1396000,1555316
1397000,1561434
1398000,1567439
1399000,1573576
1400000,1579580
1401000,1585733
1402000,1591841
1403000,1598154
1404000,1604316
1405000,1610576
1406000,1616813
1407000,1622851
1408000,1628983
1409000,1635180
1410000,1641280
1411000,1647430
1412000,1653543
1413000,1659551
1414000,1665655
1415000,1671809
1416000,1677829
1417000,1683956
1418000,1690103
1419000,1696192
1420000,1702434
1421000,1708489
1422000,1714431
1423000,1720500
1424000,1726565
1425000,1732668
1426000,1738642
1427000,1744739
1428000,1750844
1429000,1756839
1430000,1762945
1431000,1768993
1432000,1775118
1433000,1781265
1434000,1787274
1435000,1793341
1436000,1799437
1437000,1805502
1438000,1811636
1439000,1817718
1440000,1823803
1441000,1829867
1442000,1836010
1443000,1842201
1444000,1848395
1445000,1854471
1446000,1860571
1447000,1866631
1448000,1872760
1449000,1878839
1450000,1884932
1451000,1891039
1452000,1897058
