1151000,nan
1152000,nan
1153000,0.029716319870203733
1154000,0.0314918844602429
1155000,0.03213571625478242
1156000,0.033188060532803786
1157000,0.03426594172366137
1158000,0.03485256658410126
1159000,0.03554090072533914
1160000,0.03585754871393924
1161000,0.036362035688102604
1162000,0.036477536789231726
1163000,0.036805695171458916
1164000,0.03693027332408634
1165000,0.03716904130514439
1166000,0.03715561039367676
1167000,0.03733642625303327
1168000,0.0373658586622161
1169000,0.03738329966946796
1170000,0.037204191064451296
1171000,0.037299412142363236
1172000,0.037291781988882805
1173000,0.037172698200189425
1174000,0.03714732460004273
1175000,0.03723433651572987
1176000,0.037289746205598245
1177000,0.03725398995112551
1178000,0.03728621960488763
1179000,0.03722402148883606
1180000,0.03729448242849865
1181000,0.03733433406411706
1182000,0.03735454759875204
1183000,0.03739119167885322
1184000,0.03747634482108794
1185000,0.03760530360492852
1186000,0.03761105056063415
1187000,0.03764508397429747
1188000,0.03771083849738154
1189000,0.03777645680458175
1190000,0.03773867511677358
1191000,0.03772433140186238
1192000,0.037730235485573305
1193000,0.03769794698323934
1194000,0.03770024484005412
1195000,0.03774030728322888
1196000,0.037738354635741087
1197000,0.03771871651373551
1198000,0.037698016161711735
1199000,0.0377259220803241
1200000,0.03770709808238528
1201000,0.037653483518863995
1202000,0.03768619935502417
1203000,0.03770635438301632
1204000,0.03767534135704675
1205000,0.03758474794015231
1206000,0.03758083359298155
1207000,0.03755578736330401
1208000,0.037570022759794056
1209000,0.03753967993011033
1210000,0.03753680450172142
1211000,0.03759116867771228
1212000,0.03755326062663887
1213000,0.03753311522335901
1214000,0.037528392137901864
1215000,0.037538297108881305
1216000,0.037517638661491125
1217000,0.03747670079435151
1218000,0.037464019874535834
1219000,0.03745197686528279
1220000,0.037450951357326435
1221000,0.0374497653109241
1222000,0.037435657169379584
1223000,0.037427787421930946
1224000,0.037414224581926184
1225000,0.037413488913786035
1226000,0.03740320325032446
1227000,0.03737408434094743
1228000,0.03735218301401839
1229000,0.037378621784735805
1230000,0.037371864793267956
1231000,0.037379166840172416
1232000,0.037361412257728877
1233000,0.0373611906673852
1234000,0.03734888280982433
1235000,0.03737009748706723
1236000,0.037393885397711164
1237000,0.03738819732560532
1238000,0.037371347626400424
1239000,0.03735757135540066
1240000,0.037344371311351626
1241000,0.03734324394940427
1242000,0.037299003528977547
1243000,0.0373100217744803
1244000,0.03730564644312341
1245000,0.037287752013118736
1246000,0.03728748933164581
1247000,0.037265728534202264
1248000,0.037271884171065466
1249000,0.037258265855038386
1250000,0.03725623810507801
1251000,0.03723516396771726
1252000,0.03721586709691086
1253000,0.037214207458091626
1254000,0.037218491067587664
1255000,0.037214130097417523
1256000,0.037212798752599294
1257000,0.037190314996425035
1258000,0.037178690967805406
1259000,0.037168855316497156
1260000,0.03715250207973125
1261000,0.03712117404845523
1262000,0.03710920317801464
1263000,0.03709235786019587
1264000,0.03710818806891593
1265000,0.037109736073886575
1266000,0.037102413114484166
1267000,0.037074992956091714
1268000,0.037071873935291676
1269000,0.03707910809479333
1270000,0.03706782045162808
1271000,0.03705567189229342
1272000,0.037047587717045645
1273000,0.03702846555258376
1274000,0.03700563878297763
1275000,0.03697791129129064
1276000,0.03696180693408669
1277000,0.03694558435618692
1278000,0.03694571758076364
1279000,0.03693390301810703
1280000,0.036919833561303114
1281000,0.036918635833072054
1282000,0.03690916694623648
1283000,0.036893181065569186
1284000,0.036885005656895085
1285000,0.03689449576809524
1286000,0.036881382060282644
1287000,0.03687771742075421
1288000,0.03688191776993324
1289000,0.03687243026517938
1290000,0.0368645868382165
1291000,0.036848539338714494
1292000,0.03683353812592231
1293000,0.036799614028294896
1294000,0.036777731835788086
1295000,0.03676768183594966
1296000,0.036759144601048815
1297000,0.036752402640934656
1298000,0.03675471963514737
1299000,0.03672828842132713
1300000,0.03672216814270563
1301000,0.036704113038127394
1302000,0.03668202684252796
1303000,0.03667259597946367
1304000,0.03666697756983758
1305000,0.0366436506609921
1306000,0.03664815354064369
1307000,0.0366440213116988
1308000,0.036633682248637764
1309000,0.03663859242318354
1310000,0.036618312641395666
1311000,0.03661691337066102
1312000,0.03660423569182461
1313000,0.03661407783763461
1314000,0.036599338291673666
1315000,0.036580482571548195
1316000,0.036576002507156306
1317000,0.03656419600647485
1318000,0.03654579826333733
1319000,0.03656670199460739
1320000,0.036562152220536354
1321000,0.03655127891678578
1322000,0.03655074389235541
1323000,0.036549381921598297
1324000,0.03653885958872853
1325000,0.03652895797066741
1326000,0.03651461116158104
1327000,0.036494719638792146
1328000,0.0364887888221356
1329000,0.036486480067844884
1330000,0.036474359793261794
1331000,0.03646645227664443
1332000,0.036453485033878456
1333000,0.03643983208455034
1334000,0.03643270127241018
1335000,0.03643370825808559
1336000,0.03642480602803951
1337000,0.036421056281738855
1338000,0.03642554307498211
1339000,0.03641345005750384
1340000,0.03639540073048628
1341000,0.03639273652762365
1342000,0.036377266189600035
1343000,0.03635666737894768
1344000,0.03634883460072217
1345000,0.03634591599165022
1346000,0.03632827425101917
1347000,0.03633552363738648
1348000,0.036324464829750186
1349000,0.036317436938789416
1350000,0.03631340160572243
1351000,0.036303698572748636
1352000,0.03630414654113393
1353000,0.03630454497806136
1354000,0.03628725434898205
1355000,0.0362727044970147
1356000,0.03626335414920865
1357000,0.03625985058421124
1358000,0.03624919652612222
1359000,0.036241393830894454
1360000,0.036232415120824056
1361000,0.03621627220461897
1362000,0.036210880118007945
1363000,0.036195556888701345
1364000,0.03618739591977549
1365000,0.03617639619935158
1366000,0.036162079890218
1367000,0.036161960047859626
1368000,0.03615165334212202
1369000,0.03615023503514886
1370000,0.03614869540119248
1371000,0.03614225459574759
1372000,0.03614801828861169
1373000,0.03615122957407069
1374000,0.036150010480468446
1375000,0.0361350779425817
1376000,0.03612237343205113
1377000,0.03611792842502533
1378000,0.03611774869983263
1379000,0.03611434210533004
1380000,0.03611537906022892
1381000,0.03610496529762682
1382000,0.03609824249406361
1383000,0.03610229194026782
1384000,0.03609905692346481
1385000,0.03609720370870563
1386000,0.03608928805483011
1387000,0.03607617235256377
1388000,0.0360740680824229
1389000,0.03606087364901962
1390000,0.03605686307045267
1391000,0.036053165750233346
1392000,0.03604284984752772
1393000,0.03603172078968967
1394000,0.03602605742038414
1395000,0.03602460790940592
1396000,0.0360209582539247
1397000,0.036024496860678656
1398000,0.036017954135955266
1399000,0.03600951242689807
1400000,0.03599601715623887
1401000,0.03599207074127482
1402000,0.03598515119316184
1403000,0.03598743738086401
1404000,0.03597285715441364
1405000,0.03597091924136315
1406000,0.035961854659120905
1407000,0.03596545971059865
1408000,0.035966434605205135
1409000,0.035959533276381586
1410000,0.03595485447482827
1411000,0.03595100566304923
1412000,0.0359481296299483
1413000,0.03593894271137099
1414000,0.035935673656507364
1415000,0.035939200512505286
1416000,0.03592728630685949
1417000,0.03592951327697644
1418000,0.035928952523471724
1419000,0.03591561023498439
1420000,0.03591366398684455
1421000,0.03590789513747155
1422000,0.03591202669356792
1423000,0.035906402433109844
1424000,0.035910034933945505
1425000,0.03590443875815745
1426000,0.03589288414494457
1427000,0.035879272545205385
1428000,0.0358732588365241
1429000,0.03586809908370533
1430000,0.03585743557529445
1431000,0.0358534309987288
1432000,0.035855886741480304
1433000,0.035852036077218194
1434000,0.03584483202856062
1435000,0.03583598508771075
1436000,0.035830414116624555
1437000,0.03582442598466539
1438000,0.035820341903730686
1439000,0.03580905187880237
1440000,0.035806940340109915
1441000,0.035799066887918424
1442000,0.035790605346919795
1443000,0.035784283766148936
1444000,0.03577730341274464
1445000,0.0357707883846276
1446000,0.03576168008663073
1447000,0.03575309229469749
1448000,0.035749925764405624
1449000,0.03574435808373677
1450000,0.03573503116210888
1451000,0.03572970072848412
1452000,0.03571720939064868
