51000,nan
52000,0.4
53000,0.4
54000,0.4
55000,0.4
56000,0.4
57000,0.4
58000,0.4
59000,0.4
60000,0.4
61000,0.4
62000,0.30000000000000004
63000,0.13333333333333336
64000,0.15000000000000002
65000,2.2204460492503132e-17
66000,-0.03333333333333332
67000,-0.11428571428571425
68000,-0.11249999999999999
69000,-0.055555555555555546
70000,-0.06999999999999999
71000,-0.1
72000,-0.09166666666666667
73000,-0.06923076923076923
74000,-0.07857142857142858
75000,-0.12666666666666668
76000,-0.10624999999999998
77000,-0.09999999999999998
