51000,0.04422560806851834
52000,0.04697567839175463
53000,0.06660921215079725
54000,0.04258984648622573
55000,0.09195206533186137
56000,0.07674760958179831
57000,0.05628648521378636
58000,0.05350264934822917
59000,0.04764785757288337
60000,0.06786823347210884
61000,0.08770965626463294
62000,0.055479146726429465
63000,0.05180350714363158
64000,0.07525893454439939
65000,0.08465770937036723
66000,0.05486990343779326
67000,0.05251640360802412
68000,0.06108508007600903
69000,0.01904795356094837
70000,0.0567021660041064
71000,0.058282642904669044
72000,0.07013849234208465
73000,0.062415007734671235
74000,0.04937200506683439
75000,0.03959379643201828
76000,0.05671815467067063
77000,0.04197926134802401
