51000,0.44319391148743514
52000,0.12622896542981737
53000,0.27861226012648344
54000,0.28000743819497165
55000,0.3216131010102501
56000,0.20305477055675478
57000,0.3392923266222024
58000,0.3723381773738401
59000,0.10465482614659258
60000,0.1703596903040861
61000,0.19909065468026074
62000,0.17904818516741194
63000,0.15671040994524077
64000,0.1810498641152563
65000,0.3009144949883547
66000,0.2900683111859481
67000,0.3224944358606795
68000,0.23403096426967468
69000,0.1881017943248146
70000,0.40538252551068776
71000,0.3477207113368596
72000,0.2668068490488217
73000,0.25903999109902054
74000,0.2398078742045266
75000,0.20193699478486432
76000,0.3568282968994131
77000,0.11265968818724144
