51000,0.05531044900417328
52000,0.0483836729079485
53000,0.05283556738868356
54000,0.06110430341213942
55000,0.04923090059310198
56000,0.04570402009412646
57000,0.05465425811707973
58000,0.06531733404845
59000,0.0385055891238153
60000,0.045728140790015456
61000,0.05094016194343567
62000,0.03969342736527324
63000,0.04083174336701632
64000,0.03821904305368662
65000,0.05775699149817228
66000,0.05148710077628493
67000,0.06777282236143947
68000,0.042357437498867515
69000,0.04879322145134211
70000,0.07269970010966062
71000,0.0581075627822429
72000,0.052448722254484895
73000,0.05627457946538925
74000,0.04070170950144529
75000,0.05065360488370061
76000,0.06465569324791431
77000,0.03616518098860979
