51000,0.1338406503200531
52000,0.1338406503200531
53000,0.3457431023319562
54000,0.28180187911941457
55000,0.26714316820320877
56000,0.2514271361076019
57000,0.24425307459869358
58000,0.23906488351102145
59000,0.23299197101640323
60000,0.23162370243377678
61000,0.22744187925302659
62000,0.22610500597605301
63000,0.2258959203750546
64000,0.22410233161799545
65000,0.22244544192103716
66000,0.22227163304385722
67000,0.22233033327099222
68000,0.22120516634929707
69000,0.22031518580117748
70000,0.21910510300201058
71000,0.21927273393318544
72000,0.21876718201119588
73000,0.22002837720460125
74000,0.21954297480510085
75000,0.21983566385539324
76000,0.2203080076504451
77000,0.22057980539875083
