51000,13.651888370513916
52000,28.926213026046753
53000,44.36254334449768
54000,59.77047252655029
55000,75.06467318534851
56000,90.40514492988586
57000,105.70639252662659
58000,121.04544067382812
59000,136.30140566825867
60000,151.8463373184204
61000,167.1446442604065
62000,182.57350540161133
63000,197.87205290794373
64000,213.28136014938354
65000,228.59061479568481
66000,243.98252868652344
67000,259.25856828689575
68000,274.73457193374634
69000,290.12375664711
70000,305.6657531261444
71000,321.14963269233704
72000,336.5897948741913
73000,351.860965013504
74000,367.17701721191406
75000,382.3956437110901
76000,397.8301064968109
77000,413.18455171585083
