51000,0.032930608838796616
52000,0.032930608838796616
53000,0.04134703055024147
54000,0.03780622443614098
55000,0.03983753822419955
56000,0.040971748742528936
57000,0.04184818080474818
58000,0.04244065324266283
59000,0.0426237463492841
60000,0.04270270490406515
61000,0.04300271960379309
62000,0.043227551074358085
63000,0.04306716240888226
64000,0.043372066217614746
65000,0.04334951333353311
66000,0.043436744264362004
67000,0.04328351625130623
68000,0.043352158621464874
69000,0.04318120313431222
70000,0.043081539306208234
71000,0.0430225354639681
72000,0.04296155551863458
73000,0.04294461971882896
74000,0.04301079898032014
75000,0.04306600230115345
76000,0.04312595446262301
77000,0.04309050592789312
