751000,8.2
752000,7.55
753000,7.833333333333333
754000,7.975
755000,7.64
756000,7.9
757000,8.085714285714285
758000,8.25
759000,8.344444444444445
760000,8.47
761000,8.436363636363636
762000,8.466666666666667
763000,8.515384615384615
764000,8.542857142857143
765000,8.506666666666666
766000,8.375
767000,8.641176470588235
768000,8.688888888888888
769000,8.642105263157895
770000,8.685
771000,8.742857142857142
772000,8.936363636363636
773000,8.97391304347826
774000,8.879166666666666
775000,8.936
776000,8.9
777000,8.825925925925926
778000,8.728571428571428
779000,8.706896551724139
780000,8.666666666666666
781000,8.651612903225807
782000,8.621875
783000,8.606060606060606
784000,8.608823529411765
785000,8.617142857142857
786000,8.588888888888889
787000,8.586486486486486
788000,8.621052631578948
789000,8.64102564102564
