751000,0.06624753777967551
752000,0.12270594372977406
753000,0.11341542447599777
754000,0.12511063299297293
755000,0.13454368958403962
756000,0.17506318370943275
757000,0.19365525382588328
758000,0.1935037729275844
759000,0.18157824065619416
760000,0.19713214044810282
761000,0.19020183600798854
762000,0.1848723716708653
763000,0.17902336137059344
764000,0.1751157891496491
765000,0.17826907937617026
766000,0.1739081417462788
767000,0.17630795239929997
768000,0.16769383978982796
769000,0.16980917180451327
770000,0.16381705006632044
771000,0.17525012087441053
772000,0.18800441141720609
773000,0.1862822631305197
774000,0.1909499116583784
775000,0.197264375810282
776000,0.19144760638133254
777000,0.19275284805091691
778000,0.19666630889124562
779000,0.192482933463105
780000,0.1915112970385524
781000,0.19034893405766287
782000,0.1937820262420162
783000,0.19087985178026343
784000,0.1969162640261529
785000,0.199087034281707
786000,0.1974249529426231
787000,0.20100396151184868
788000,0.20448803840800867
789000,0.20608918115872196
