751000,0.08883665111922356
751000,0.08883665111922356
753000,0.11626386376463693
754000,0.08406287260207135
755000,0.09894079243039111
756000,0.11326115696989145
756000,0.11326115696989145
756000,0.11326115696989145
759000,0.1376358719255788
759000,0.1376358719255788
759000,0.1376358719255788
762000,0.12078582810384056
763000,0.11224466300553415
763000,0.11224466300553415
763000,0.11224466300553415
763000,0.11224466300553415
767000,0.11256665703126674
768000,0.11367153352619562
769000,0.1090235126353536
770000,0.12597185380470566
771000,0.13568925182539182
772000,0.14444623481833235
773000,0.14344743127184065
773000,0.14344743127184065
773000,0.14344743127184065
776000,0.14961909416992594
777000,0.1535666197584936
777000,0.1535666197584936
779000,0.1493725429672611
779000,0.1493725429672611
779000,0.1493725429672611
779000,0.1493725429672611
783000,0.1456712372486302
784000,0.17425452077131787
784000,0.17425452077131787
786000,0.16890486469752444
786000,0.16890486469752444
786000,0.16890486469752444
786000,0.16890486469752444
