751000,0.19812665581024255
752000,0.2285001160183914
753000,0.22251206715333569
754000,0.231394976577308
755000,0.21544223867161788
756000,0.23579216026215455
757000,0.22733725064189533
758000,0.23631752546288193
759000,0.2379897011042615
760000,0.2539842269381374
761000,0.24657981289688016
762000,0.24729686036380155
763000,0.23479057958650976
764000,0.23225432113695302
765000,0.23481326392699095
766000,0.22778334702191766
767000,0.2281131307199469
768000,0.21896043103174662
769000,0.22865851619279032
770000,0.2215556377696103
771000,0.2226174194309233
772000,0.23399055632808805
773000,0.23099204440695123
774000,0.23509537611244366
775000,0.24045155798062454
776000,0.23434956897035653
777000,0.2353245685479106
778000,0.23596534977995007
779000,0.2331341783166755
780000,0.23248718947082037
781000,0.23458285540891247
782000,0.2317322604458816
783000,0.22884959474282873
784000,0.23200843758794756
785000,0.235514863805887
786000,0.23277471074819622
787000,0.2371397685235424
788000,0.23934085446870343
789000,0.23803386182751196
