751000,0.20877266374774056
752000,0.32187272092200364
753000,0.3271673331771043
754000,0.3138160388178505
755000,0.2885676782594646
756000,0.298336458807717
757000,0.29797588190560115
758000,0.30208673612866666
759000,0.28817516948847954
760000,0.3202405897569801
761000,0.32293504738725537
762000,0.3243319792673494
763000,0.3082608058810837
764000,0.2960942186382433
765000,0.3044060248974823
766000,0.2954655630019944
767000,0.2936301790038491
768000,0.27967980885212557
769000,0.28967847106125194
770000,0.2858476181939305
771000,0.28513028268111523
772000,0.30217583749638693
773000,0.3013735156141028
774000,0.30475580710691336
775000,0.3060870844031097
776000,0.30169204822432927
777000,0.299890042608306
778000,0.2964300787965716
779000,0.29192089065425153
780000,0.2902007267062249
781000,0.29103635591008314
782000,0.28610120307875336
783000,0.2834833061270025
784000,0.28369162769527734
785000,0.2878579721853765
786000,0.2806851153604585
787000,0.2866155191153666
788000,0.2849021130438251
789000,0.2852800273815151
