751000,0.271221047383689
752000,0.31124395647599845
753000,0.32431618386568517
754000,0.31654266394455977
755000,0.2713200411634464
756000,0.26995016423047685
757000,0.2871716792108863
758000,0.28649542985197013
759000,0.2700081706419853
760000,0.3130358842329163
761000,0.3039818824462871
762000,0.2956940282458962
763000,0.2844455513268178
764000,0.2758789120804084
765000,0.28456420625362466
766000,0.27478936831228734
767000,0.2731440148021287
768000,0.2635527871175497
769000,0.2690558002051212
770000,0.2644739237921919
771000,0.26720112728491313
772000,0.2740792726692823
773000,0.2726216599998472
774000,0.2767788219203037
775000,0.2821382088545853
776000,0.27789822407725906
777000,0.27519453952153855
778000,0.27152461708371983
779000,0.26555053763197023
780000,0.26758023741896286
781000,0.26671332644214835
782000,0.2644016936503302
783000,0.26443336388510674
784000,0.26627898697569774
785000,0.2685747865515432
786000,0.2653702378719419
787000,0.269261546992848
788000,0.27233184430244234
789000,0.27459054498875474
