753000,0.05031167463210595
754000,0.05769108897941533
755000,0.07540222190951651
756000,0.06385910554911992
756000,0.06385910554911992
756000,0.06385910554911992
759000,0.07430235455829044
759000,0.07430235455829044
759000,0.07430235455829044
762000,0.07559593579405367
762000,0.07559593579405367
762000,0.07559593579405367
762000,0.07559593579405367
762000,0.07559593579405367
767000,0.07893136130227468
768000,0.08184353346229474
768000,0.08184353346229474
770000,0.09965995346123117
771000,0.11819490297909097
772000,0.12699655370194818
772000,0.12699655370194818
772000,0.12699655370194818
772000,0.12699655370194818
776000,0.13209873867288588
777000,0.1359933474384448
777000,0.1359933474384448
777000,0.1359933474384448
777000,0.1359933474384448
777000,0.1359933474384448
777000,0.1359933474384448
783000,0.13098323189335662
784000,0.1402998532766132
784000,0.1402998532766132
784000,0.1402998532766132
784000,0.1402998532766132
784000,0.1402998532766132
784000,0.1402998532766132
