751000,0.10263058195809238
752000,0.1553810773492869
753000,0.187702348632013
754000,0.187968883334054
755000,0.16824238375011874
756000,0.18333409118214186
757000,0.17306471962465558
758000,0.17722672255816482
759000,0.174117669532279
760000,0.18877582202128335
761000,0.18580298085985678
762000,0.18737569397873843
763000,0.1801348708487936
764000,0.1781519554841695
765000,0.18411558475087708
766000,0.18120954723429925
767000,0.18241210833683894
768000,0.17301690603835848
769000,0.17997621536181596
770000,0.17470682466495724
771000,0.1724031065811535
772000,0.1814118820594728
773000,0.17868957416429715
774000,0.18415105350008956
775000,0.19004033652350905
776000,0.18615500363184823
777000,0.18939952460185946
778000,0.19271490934927707
779000,0.18998285118867692
780000,0.1895580911756554
781000,0.1878317410754815
782000,0.19145825032416214
783000,0.18946069354130643
784000,0.19320758926056195
785000,0.19889548791108122
786000,0.19651304023936234
787000,0.1999415840436127
788000,0.20309612864980617
789000,0.203281526483085
