753000,0.08036593942738479
754000,0.08101833109882017
754000,0.08101833109882017
756000,0.10109022801212371
756000,0.10109022801212371
756000,0.10109022801212371
756000,0.10109022801212371
756000,0.10109022801212371
756000,0.10109022801212371
762000,0.09095744496288033
762000,0.09095744496288033
762000,0.09095744496288033
762000,0.09095744496288033
762000,0.09095744496288033
767000,0.08126177102472583
768000,0.08493651179224858
768000,0.08493651179224858
770000,0.09175680973677855
771000,0.10835021165890768
772000,0.13013418978190927
772000,0.13013418978190927
772000,0.13013418978190927
772000,0.13013418978190927
776000,0.13125947318367598
777000,0.13462071114360324
777000,0.13462071114360324
777000,0.13462071114360324
777000,0.13462071114360324
777000,0.13462071114360324
777000,0.13462071114360324
777000,0.13462071114360324
784000,0.15005765290578013
784000,0.15005765290578013
784000,0.15005765290578013
784000,0.15005765290578013
784000,0.15005765290578013
784000,0.15005765290578013
