751000,0.23096288478866445
752000,0.16670969898886556
753000,0.19640612661425658
754000,0.16752788174207556
755000,0.1826728066063717
756000,0.19177010315176427
757000,0.21923099499620372
758000,0.22025767569575616
759000,0.21668632597385087
760000,0.23018673036764897
761000,0.21271684509029942
762000,0.19960580088132046
763000,0.19490590041399927
764000,0.191615327414301
765000,0.194703670240025
766000,0.18751385929354042
767000,0.1791621499662621
768000,0.1713012661574387
769000,0.16817408495632444
770000,0.1676113843199166
771000,0.17571394558684503
772000,0.18460994104209127
773000,0.1870556672744201
774000,0.1896759942931439
775000,0.19122040530932383
776000,0.1930215994493823
777000,0.19346940408731694
778000,0.2005238966062145
779000,0.1992461232101987
780000,0.20007579147020124
781000,0.1984452812731476
782000,0.20204049615268857
783000,0.19764403399015446
784000,0.19633609163876087
785000,0.20092333368638418
786000,0.19811668614610534
787000,0.20624224650473613
788000,0.20873387492833836
789000,0.20827350815307658
