751000,0.18850155825015602
752000,0.21224119263700497
753000,0.23673739539759842
754000,0.21893041612036973
755000,0.18829575665321785
756000,0.19421133789469086
757000,0.2004820895880499
758000,0.20396175627447208
759000,0.1945285026728645
760000,0.2205752063341274
761000,0.21806826536323698
762000,0.21383265503276938
763000,0.2079517868662981
764000,0.20177061335871807
765000,0.20880089646941027
766000,0.20126640727727532
767000,0.20351284543920803
768000,0.19593678702289175
769000,0.19933810903368684
770000,0.19666115303427847
771000,0.1983424623743468
772000,0.20381728002842397
773000,0.2023372329749844
774000,0.20522240029065977
775000,0.20905601041605446
776000,0.20570405571849282
777000,0.20230349695266417
778000,0.20068185078313716
779000,0.19741754877023454
780000,0.19936448427738102
781000,0.19763279874209505
782000,0.19598595137220617
783000,0.1951343839048632
784000,0.1960288836759539
785000,0.19877815135582486
786000,0.1953741412271106
787000,0.19731636457292664
788000,0.19913920910651958
789000,0.20039383815714842
