751000,0.1801118913551365
751000,0.1801118913551365
753000,0.18487778325139992
754000,0.14305739538287868
755000,0.2165600520181556
756000,0.17064319891138297
756000,0.17064319891138297
758000,0.15484890732889536
759000,0.15068723349355026
759000,0.15068723349355026
759000,0.15068723349355026
762000,0.14194956955748725
763000,0.13275737680317037
764000,0.1348114149375211
764000,0.1348114149375211
764000,0.1348114149375211
767000,0.14166187724050236
768000,0.1356253561925673
769000,0.13519549172162265
770000,0.15183457819225732
771000,0.17664579079961448
772000,0.16913198223297835
773000,0.17251023154362224
773000,0.17251023154362224
773000,0.17251023154362224
776000,0.17093018448897665
777000,0.171236791913802
778000,0.17449664627193123
779000,0.17046280300925298
780000,0.17184906530107175
781000,0.17598203355992073
781000,0.17598203355992073
783000,0.17191169979017398
784000,0.1976347904838204
784000,0.1976347904838204
786000,0.19587763346928963
787000,0.19738463690956437
788000,0.19572598349666837
789000,0.19199396346353526
