751000,0.18050116644846903
752000,0.17374823877393938
753000,0.1718288261908869
754000,0.16388148053487173
755000,0.16745715405531073
756000,0.16315665348469588
757000,0.16738804360070797
758000,0.1837550173200659
759000,0.1799225960345006
760000,0.20148012580086835
761000,0.17772646534371864
762000,0.16986112721314645
763000,0.16655949792548302
764000,0.1752303810064265
765000,0.183151978359329
765000,0.183151978359329
767000,0.17063953730924908
768000,0.16749568500791198
769000,0.16911170496875985
770000,0.174992023627547
771000,0.1948053859931493
772000,0.1906909923100133
773000,0.18936555193561708
774000,0.19067725343542183
775000,0.18670091448039017
776000,0.18904481671048445
777000,0.1934942965288792
778000,0.1996482944391243
779000,0.19360973839613477
780000,0.19867129566511674
781000,0.19985594590521594
782000,0.20039501016686895
783000,0.19773083726328375
784000,0.20538915415748618
785000,0.2062502778063822
786000,0.20364785686758247
787000,0.20834706647474463
788000,0.2073125405920371
789000,0.20592089912205622
