751000,0.07451381119800626
751000,0.07451381119800626
753000,0.15341504009676346
754000,0.11901829770323577
755000,0.14712995386082434
756000,0.13521048400846877
756000,0.13521048400846877
758000,0.12116119092649634
759000,0.14319193226377258
759000,0.14319193226377258
759000,0.14319193226377258
762000,0.1297665956363055
763000,0.11812729207850893
764000,0.11228150686408611
764000,0.11228150686408611
764000,0.11228150686408611
767000,0.12133513840523484
768000,0.11253616917548084
769000,0.10779401192073716
770000,0.11945754155267696
771000,0.13552782203021593
772000,0.14501188868345477
773000,0.1438381856211236
773000,0.1438381856211236
773000,0.1438381856211236
776000,0.1461247253379231
777000,0.14315872822255007
778000,0.14459330871381704
779000,0.14106954279295936
779000,0.14106954279295936
781000,0.14338178672816357
781000,0.14338178672816357
783000,0.13980846061274196
784000,0.16293243080256958
784000,0.16293243080256958
786000,0.16007858226983512
786000,0.16007858226983512
788000,0.1565739542369593
788000,0.1565739542369593
