753000,0.12241191335488111
754000,0.08408311562712711
754000,0.08408311562712711
754000,0.08408311562712711
754000,0.08408311562712711
754000,0.08408311562712711
754000,0.08408311562712711
754000,0.08408311562712711
754000,0.08408311562712711
754000,0.08408311562712711
754000,0.08408311562712711
754000,0.08408311562712711
754000,0.08408311562712711
754000,0.08408311562712711
767000,0.09096387848278109
768000,0.08650200359401694
768000,0.08650200359401694
770000,0.09274702361634457
771000,0.09488435974663137
772000,0.08788056128088884
772000,0.08788056128088884
772000,0.08788056128088884
772000,0.08788056128088884
772000,0.08788056128088884
772000,0.08788056128088884
772000,0.08788056128088884
772000,0.08788056128088884
772000,0.08788056128088884
772000,0.08788056128088884
772000,0.08788056128088884
772000,0.08788056128088884
784000,0.09347114210639423
784000,0.09347114210639423
784000,0.09347114210639423
784000,0.09347114210639423
784000,0.09347114210639423
784000,0.09347114210639423
