753000,0.09465655787178662
754000,0.07610963513515778
754000,0.07610963513515778
754000,0.07610963513515778
754000,0.07610963513515778
754000,0.07610963513515778
754000,0.07610963513515778
754000,0.07610963513515778
754000,0.07610963513515778
754000,0.07610963513515778
754000,0.07610963513515778
754000,0.07610963513515778
754000,0.07610963513515778
754000,0.07610963513515778
767000,0.08997234038112245
768000,0.08653234332558712
768000,0.08653234332558712
770000,0.10308891678211836
771000,0.10629106119822097
772000,0.11965319973919253
772000,0.11965319973919253
772000,0.11965319973919253
772000,0.11965319973919253
772000,0.11965319973919253
777000,0.12496100978197862
777000,0.12496100978197862
777000,0.12496100978197862
777000,0.12496100978197862
777000,0.12496100978197862
777000,0.12496100978197862
777000,0.12496100978197862
784000,0.12134115034318098
784000,0.12134115034318098
784000,0.12134115034318098
784000,0.12134115034318098
784000,0.12134115034318098
784000,0.12134115034318098
