751000,0.2914956805909842
752000,0.32190350197214707
753000,0.3471388814953749
754000,0.31766938889279334
755000,0.2596566949464771
756000,0.26651482224373435
757000,0.27698192702448643
758000,0.28150319755705
759000,0.26641035387759276
760000,0.31671168756819545
761000,0.312431652942069
762000,0.31006131015634314
763000,0.31255509326838476
764000,0.3048592873353261
765000,0.3136775611486366
766000,0.299895154280109
767000,0.3018842931918074
768000,0.29270651746105114
769000,0.29928587248885824
770000,0.29566056025011167
771000,0.2950299690939998
772000,0.3048241633775908
773000,0.30009668740098633
774000,0.30529977957157656
775000,0.31518058107778346
776000,0.31082626954264775
777000,0.3080861122281858
778000,0.30600811526439575
779000,0.3010977245855246
780000,0.3051988460338782
781000,0.3031076874885063
782000,0.3012889856081773
783000,0.30053414957263885
784000,0.30044750345679877
785000,0.3038334091128328
786000,0.2968194952384946
787000,0.29891933074262034
788000,0.30154136367166284
789000,0.30448407458225274
