751000,0.2387322707509171
752000,0.2641943724706002
753000,0.3108274559625677
754000,0.26769495774146834
755000,0.22196341437612851
756000,0.24323451400693247
757000,0.25489621578718574
758000,0.24769202221344394
759000,0.23091338758511132
760000,0.27935739653835284
761000,0.2748757128361046
762000,0.27082687131772065
763000,0.2680877193751251
764000,0.2660834145069335
765000,0.2750455370667733
766000,0.26246943389535843
767000,0.2647123036156804
768000,0.25500300647930046
769000,0.2593384558421885
770000,0.2568918448132536
771000,0.2599944398483548
772000,0.2699213702651774
773000,0.2636582562288964
774000,0.27074037953360597
775000,0.27573151423757736
776000,0.27407559874141785
777000,0.26596518453018675
778000,0.2642275407024946
779000,0.26072990370286586
780000,0.2625578224472196
781000,0.26162225473518474
782000,0.25925418844760123
783000,0.26003395377551064
784000,0.25826556679136264
785000,0.261840250994558
786000,0.25529250467770803
787000,0.2583047470144907
788000,0.25993979268574674
789000,0.2596351021875678
