751000,0.04926753670896766
751000,0.04926753670896766
753000,0.06754595937470564
754000,0.07871030879925955
755000,0.10401874740494062
756000,0.09952013266707357
757000,0.11417003741661272
758000,0.12992061902027052
759000,0.12406378384214237
760000,0.1361432895363529
760000,0.1361432895363529
762000,0.13922587234241124
763000,0.13316416860866653
764000,0.13775256878056247
765000,0.14461598986777624
765000,0.14461598986777624
767000,0.1376714632560603
768000,0.13177167203403076
769000,0.13230397824417997
770000,0.14192937865644417
771000,0.15609336669100116
772000,0.16164749875345627
773000,0.1630994925103034
774000,0.16484202453140082
775000,0.16632020815463464
776000,0.16992442100144867
777000,0.17891219489509017
778000,0.18247228963876402
779000,0.17532289703202944
780000,0.18068869289333594
781000,0.18267420753569047
781000,0.18267420753569047
783000,0.1802805736567509
784000,0.19391365197151675
785000,0.1942452776025137
786000,0.19121720550496435
787000,0.19557173090088123
788000,0.19320796744986274
789000,0.19018855778298788
