751000,0.08994893660034053
752000,0.09251660248323659
753000,0.12410967038931432
754000,0.10140068648635048
755000,0.11039591130681528
756000,0.12723462341711803
757000,0.14209899772682433
758000,0.18540223149359444
759000,0.1782671612557976
760000,0.20246616608947282
761000,0.18042763031053044
762000,0.17524731802683385
763000,0.16991598166422012
764000,0.16759294185296916
765000,0.1649358453876473
766000,0.16071597853206065
767000,0.1597201260496219
768000,0.15035997338682372
769000,0.15072086941604382
770000,0.16192058731987916
771000,0.16880459621996086
772000,0.17120978102489326
773000,0.1741942977259534
774000,0.1779023951266398
775000,0.17518581620644877
776000,0.1760015160895964
777000,0.18302613536206175
778000,0.1930046694450606
779000,0.18882593182419116
780000,0.193862473611427
781000,0.19495627363113738
782000,0.19722008977519298
783000,0.19404954848138428
784000,0.20006356639310893
785000,0.20242722733411408
786000,0.20031920952143817
787000,0.20870055036512036
788000,0.21185439875092002
789000,0.20696896833157907
