751000,0.32192429396211736
752000,0.3117274365739136
753000,0.34675319945223493
754000,0.3397421603865703
755000,0.3103614099611458
756000,0.3114649843063118
757000,0.3070752285786055
758000,0.30983711984956275
759000,0.296798430625402
760000,0.33870363013842464
761000,0.3360471177798559
762000,0.3334343462998083
763000,0.322935250272285
764000,0.31354675166440227
765000,0.33106818757654566
766000,0.32364629074476214
767000,0.31748659080511055
768000,0.30282895364115076
769000,0.31239859694632616
770000,0.3083703872429879
771000,0.30737216409852647
772000,0.3147277286073163
773000,0.314793763048101
774000,0.321271072078573
775000,0.3241732224380826
776000,0.32402274682500803
777000,0.3229304012087398
778000,0.32007746872531606
779000,0.3147916105469233
780000,0.31656233249328375
781000,0.316569917807066
782000,0.31237460711645043
783000,0.3102117022360591
784000,0.3128639694736881
785000,0.31484314392578683
786000,0.3081425317241224
787000,0.310362002136338
788000,0.30939199509793924
789000,0.31150107835643565
