751000,0.1343993621874793
752000,0.20650838432392035
753000,0.2246769371128865
754000,0.24252848180346095
755000,0.2161462414217467
756000,0.22705436284473365
757000,0.21547734006810906
758000,0.22603988061497082
759000,0.22945946183108076
760000,0.25792757802659566
761000,0.25844707890183377
762000,0.26277170206541944
763000,0.2502935257154723
764000,0.2425849414627404
765000,0.2505214628795335
766000,0.24228520125704445
767000,0.24267695326941027
768000,0.23124265521285706
769000,0.23892875082392934
770000,0.23507854083861837
771000,0.23662988709857022
772000,0.2477700744735793
773000,0.2452881307485232
774000,0.25024643644454286
775000,0.2558352414910616
776000,0.2500157203663719
777000,0.24895294138107846
778000,0.24842426794904315
779000,0.24320853043609214
780000,0.24613604785739018
781000,0.24698277087653003
782000,0.24316476141591767
783000,0.24177068481207578
784000,0.2445647346588023
785000,0.24791784787207108
786000,0.24335180127191933
787000,0.25030630983000446
788000,0.25147360901446825
789000,0.25330383730374983
