751000,0.2
752000,0.2
753000,0.10000000000000002
754000,0.15000000000000002
755000,0.28
756000,0.23333333333333336
757000,0.2571428571428572
758000,0.275
759000,0.3111111111111111
760000,0.24000000000000005
761000,0.27272727272727276
762000,0.30000000000000004
763000,0.30769230769230776
764000,0.3285714285714286
765000,0.3066666666666667
766000,0.3375
767000,0.3058823529411765
768000,0.3388888888888889
769000,0.3315789473684211
770000,0.34
771000,0.3380952380952381
772000,0.30909090909090914
773000,0.30434782608695654
774000,0.3
775000,0.288
776000,0.29999999999999993
777000,0.31481481481481477
778000,0.3249999999999999
779000,0.33448275862068955
780000,0.3366666666666666
781000,0.3451612903225806
782000,0.34687500000000004
783000,0.34848484848484856
784000,0.34705882352941186
785000,0.3371428571428572
786000,0.3500000000000001
787000,0.345945945945946
788000,0.33684210526315794
789000,0.33333333333333337
