751000,0.046655606711283326
752000,0.04998641749843955
753000,0.05463936096057296
754000,0.04968252441613004
755000,0.04388019316829741
756000,0.04507599954959005
757000,0.045668202059875644
758000,0.04518491224152967
759000,0.04279250310113033
760000,0.047147409836761654
761000,0.04656499807553535
762000,0.045552398501119265
763000,0.04569622166096591
764000,0.04456281774910167
765000,0.045599348416241504
766000,0.04428281941072783
767000,0.04451716386521345
768000,0.04340715806594946
769000,0.043736658550455776
770000,0.043439047086285425
771000,0.04385152002463916
772000,0.044396485059141094
773000,0.04375425300196461
774000,0.04415043828388055
775000,0.04435541190207005
776000,0.044076719203104194
777000,0.04327685675342326
778000,0.04297432338020631
779000,0.04259239437604516
780000,0.04323178570717573
781000,0.042935617756278764
782000,0.04245246531354496
783000,0.04254756094746743
784000,0.04220217443071306
785000,0.04256366329799805
786000,0.04199204505291871
787000,0.04202149738305928
788000,0.04201539862337277
789000,0.04200609209469687
