751000,8.6
752000,7.95
753000,8.4
754000,8.3
755000,8.22
756000,7.8
757000,7.957142857142857
758000,8.275
759000,8.311111111111112
760000,8.28
761000,8.3
762000,8.366666666666667
763000,8.415384615384616
764000,8.385714285714286
765000,8.513333333333334
766000,8.5875
767000,8.552941176470588
768000,8.472222222222221
769000,8.51578947368421
770000,8.545
771000,8.50952380952381
772000,8.463636363636363
773000,8.495652173913044
774000,8.433333333333334
775000,8.436
776000,8.36923076923077
777000,8.362962962962962
778000,8.321428571428571
779000,8.3
780000,8.263333333333334
781000,8.274193548387096
782000,8.253125
783000,8.263636363636364
784000,8.297058823529412
785000,8.285714285714286
786000,8.311111111111112
787000,8.343243243243244
788000,8.371052631578948
789000,8.371794871794872
