765000,0.2002808275209489
765000,0.2002808275209489
765000,0.2002808275209489
765000,0.2002808275209489
765000,0.2002808275209489
765000,0.2002808275209489
765000,0.2002808275209489
765000,0.2002808275209489
765000,0.2002808275209489
765000,0.2002808275209489
765000,0.2002808275209489
765000,0.2002808275209489
765000,0.2002808275209489
765000,0.2002808275209489
765000,0.2002808275209489
765000,0.2002808275209489
765000,0.2002808275209489
765000,0.2002808275209489
765000,0.2002808275209489
765000,0.2002808275209489
765000,0.2002808275209489
765000,0.2002808275209489
765000,0.2002808275209489
765000,0.2002808275209489
765000,0.2002808275209489
