751000,0.14786760583430536
752000,0.18762584979029814
753000,0.14196967387202852
754000,0.12391326811383951
755000,0.14597944855857792
755000,0.14597944855857792
757000,0.13427035522431083
758000,0.1297263485084634
759000,0.11537523653541559
760000,0.12565735413510215
761000,0.12560674856665058
762000,0.12790082541800266
763000,0.1151779939731355
764000,0.11155880894776043
765000,0.12294141167587619
766000,0.13195340199299457
767000,0.125569923114087
768000,0.12924070766574972
769000,0.13720020670113092
770000,0.13059987302245665
771000,0.1342802141920673
772000,0.1396425218836741
773000,0.13841383782540673
774000,0.135076816131789
775000,0.132817216328022
776000,0.1338361571525025
777000,0.12938750270213772
778000,0.12797089366017808
779000,0.12882341396540273
780000,0.1290534344823339
781000,0.1317341094307759
782000,0.1316821602631296
783000,0.1341951535342132
784000,0.12985761517681993
785000,0.1269893197277317
786000,0.12588634954600625
787000,0.126799788726886
788000,0.132635201370746
789000,0.13042536841182206
