751000,0.4271991131140771
752000,0.3155332160407768
753000,0.3334646776000639
754000,0.30971518574276696
755000,0.29450800096717805
756000,0.294745507364881
757000,0.30348811101866957
758000,0.28999772976705185
759000,0.27303376602880736
760000,0.2897455163577874
761000,0.28652637949312154
762000,0.27957059106606846
763000,0.27114231812718054
764000,0.2719609265029158
765000,0.2628236279251057
766000,0.2750175717792568
767000,0.2676345405207566
768000,0.2740332906617268
769000,0.2694905481494816
770000,0.258203653936892
771000,0.2619102567852425
772000,0.26839703666027664
773000,0.26577337974587484
774000,0.2627943057603714
775000,0.26525009453286275
776000,0.27235265305451434
777000,0.26829740674496644
778000,0.26751927203326437
779000,0.26183237314436203
780000,0.2573719381546208
781000,0.2548509638237452
782000,0.25311670265621306
783000,0.25278644093156094
784000,0.24954023390389007
785000,0.24700609051299324
786000,0.24593746948843562
787000,0.24860164187162026
788000,0.24720696557892907
789000,0.24360326416861564
