751000,0.057445771899074315
752000,0.06128160285297781
753000,0.06312916879542171
754000,0.0627570144366473
755000,0.06071780677884817
756000,0.06391333905048668
757000,0.06407553299463221
758000,0.06274871228961273
759000,0.06049985310269727
760000,0.061059512551873925
761000,0.060614932099865244
762000,0.0590309913114955
763000,0.05712477273952502
764000,0.05670260061243815
765000,0.05639090983197093
766000,0.05753890502383001
767000,0.05686725827262682
768000,0.057590493575359385
769000,0.056782444081220185
770000,0.05589377561118454
771000,0.05634631867121373
772000,0.05739529316144233
773000,0.05703253093297067
774000,0.05612684977822937
775000,0.056498438658192755
776000,0.056858762806782925
777000,0.05571028114710417
778000,0.055675530844434565
779000,0.05507918590005359
780000,0.05467149491732319
781000,0.05372479867881104
782000,0.05301683288271306
783000,0.05274170642069569
784000,0.052347431337351306
785000,0.05175682338752917
786000,0.051317067071795466
787000,0.05103431154998976
788000,0.050323236814553016
789000,0.05015586698905398
