751000,0.2895443095731943
752000,0.280600230026811
753000,0.31397537503734624
754000,0.2903406926271555
755000,0.26989489725595905
756000,0.27338239264899133
757000,0.2805643200288555
758000,0.2522213066729772
759000,0.23001225654612173
760000,0.24447253189830206
761000,0.24742680381000062
762000,0.23975816800646446
763000,0.22764792858955432
764000,0.22035159179348296
765000,0.22206263949563204
766000,0.2306354789907976
767000,0.2233285505512277
768000,0.22521590961737184
769000,0.2255246559508982
770000,0.21347604802054332
771000,0.21695476938621766
772000,0.2237122258059195
773000,0.22018484586460002
774000,0.21639956086863593
775000,0.21937525697890267
776000,0.22279061755507543
777000,0.22005790323096286
778000,0.22003211429119665
779000,0.21714170237618613
780000,0.2135111431494575
781000,0.2135074925983217
782000,0.2124674714870007
783000,0.21142548633763616
784000,0.20651456442518157
785000,0.2047936199347763
786000,0.20538132156828434
787000,0.20601352520949115
788000,0.2045762480569625
789000,0.20184626764350647
