751000,0.32789477325327343
752000,0.265306528824671
753000,0.27570728903448743
754000,0.26481875018637935
755000,0.25426597184380056
756000,0.25480748566405
757000,0.2626390084451039
758000,0.25144451996493233
759000,0.2408086259327391
760000,0.2564271492993208
761000,0.25454781497465234
762000,0.24908377895891667
763000,0.2433180473195259
764000,0.2414340468129946
765000,0.23759038371053756
766000,0.243069895561358
767000,0.23946355340219325
768000,0.24333536199402742
769000,0.24169026396654913
770000,0.2353514405135205
771000,0.23943327228402392
772000,0.24636066095071005
773000,0.24398935302263536
774000,0.2422063523516344
775000,0.2441756036888962
776000,0.24769055775059243
777000,0.24378467078669377
778000,0.24332777218057725
779000,0.24041505638865845
780000,0.238907299329202
781000,0.23631076377537294
782000,0.23420851452390784
783000,0.23484908605869884
784000,0.23313775975021492
785000,0.23014139185327426
786000,0.23064412326528733
787000,0.2321793748790825
788000,0.23101181641390775
789000,0.22933129916277897
