751000,0.2734785339949939
751000,0.2734785339949939
753000,0.1902469194891084
754000,0.15842873509038802
755000,0.126798798268634
755000,0.126798798268634
757000,0.1400713975063723
758000,0.11537516899611538
758000,0.11537516899611538
760000,0.10637665300826886
761000,0.09802217019134
762000,0.100840919733278
763000,0.09423282203861595
764000,0.0988469747356165
765000,0.08825412667571313
766000,0.11407700752487074
766000,0.11407700752487074
768000,0.11481663563162041
769000,0.11983711615185477
770000,0.11462822227982125
771000,0.11108257153849532
771000,0.11108257153849532
773000,0.10923129214089461
774000,0.10630616199844654
775000,0.0993830020526952
775000,0.0993830020526952
775000,0.0993830020526952
778000,0.09694185339036573
779000,0.09381641357105014
779000,0.09381641357105014
781000,0.09115102020653237
781000,0.09115102020653237
781000,0.09115102020653237
784000,0.09232304570327252
785000,0.0899024826168012
786000,0.0874052454286437
787000,0.08513720245523482
788000,0.09060657463477688
789000,0.09278699602828691
