751000,0.14468816846044952
752000,0.14111105093387685
753000,0.08842504527438992
754000,0.08509768167060795
755000,0.07316991292177004
755000,0.07316991292177004
757000,0.09006138087985657
758000,0.09388820420870107
759000,0.08927659996544526
760000,0.08769862934366053
761000,0.09227992380030337
762000,0.10114929257235827
763000,0.0962299690084677
764000,0.10095461271655327
765000,0.0927999427306434
766000,0.10916372632455186
766000,0.10916372632455186
768000,0.11189762073742518
769000,0.12328734161439418
770000,0.11286278534927213
771000,0.10984268626034004
772000,0.11403058909406139
773000,0.11075184615973942
774000,0.10827388677845015
775000,0.10141165303833594
776000,0.10507260471070619
776000,0.10507260471070619
778000,0.10299071273373733
779000,0.10109144876337602
779000,0.10109144876337602
781000,0.09906582546475882
781000,0.09906582546475882
783000,0.10681586516391998
784000,0.10518441337003044
785000,0.10190473676596098
786000,0.10014414864179982
787000,0.1024419341938057
788000,0.1056037964789513
789000,0.1057803492328495
