751000,0.5587079757159451
752000,0.3891292561106397
753000,0.3970946546356742
754000,0.3694004898136116
755000,0.3506682709552122
756000,0.3358095281847593
757000,0.3394233671756797
758000,0.33038405386984976
759000,0.32251514552889676
760000,0.3609812016077366
761000,0.36740548903439446
762000,0.35927598982911013
763000,0.3539116081926722
764000,0.35314647110634834
765000,0.349314576136204
766000,0.3638025146191553
767000,0.3590756509725165
768000,0.3631166549576245
769000,0.3653801392491159
770000,0.35519845355635554
771000,0.3592378458148006
772000,0.36738366821823265
773000,0.36210995774708726
774000,0.3617416438141259
775000,0.3647582096686952
776000,0.3633227852016722
777000,0.3564180428470253
778000,0.35341713988978257
779000,0.3493252281808218
780000,0.34882930353406616
781000,0.3454873273662373
782000,0.3442935813505767
783000,0.3496637317644815
784000,0.3464637989758493
785000,0.3418896005407439
786000,0.344042978013358
787000,0.34483318482088066
788000,0.34207471949786056
789000,0.33874915548110845
