751000,0.4165218720357079
752000,0.3401728773311302
753000,0.35307534116839484
754000,0.3312195142722081
755000,0.3179305378166582
756000,0.30750911519967133
757000,0.32990313665192755
758000,0.32348356277519325
759000,0.3117808874868768
760000,0.3216331436224338
761000,0.3143911449920427
762000,0.31116067649336426
763000,0.3074139356127445
764000,0.30618316713779337
765000,0.295769861374986
766000,0.3082117599770385
767000,0.3040499451121774
768000,0.30861121924608126
769000,0.30248785697161873
770000,0.2963696756697732
771000,0.3023541562033231
772000,0.3071335278668774
773000,0.3038456686169126
774000,0.3012996258939828
775000,0.3019518256187898
776000,0.30975539817355174
777000,0.30463175191790126
778000,0.3045499035576297
779000,0.30026312347384415
780000,0.2978131566447342
781000,0.29429090544263486
782000,0.2934169987939474
783000,0.29544157643777214
784000,0.2942444472442819
785000,0.2935787428064492
786000,0.29415661709915847
787000,0.2969161190046153
788000,0.29698949405305014
789000,0.29496962338156474
