751000,0.28218964006561015
752000,0.25934815552226403
753000,0.295015866223547
754000,0.2891147718828583
755000,0.30257654479728513
756000,0.31476668138548797
757000,0.33774012230556005
758000,0.32743515463633727
759000,0.31471809936880807
760000,0.3169231538795889
761000,0.323075819518493
762000,0.31059430282195577
763000,0.2934686913767195
764000,0.2911012641732798
765000,0.2969854913413227
766000,0.3134614833412671
767000,0.3087535710870149
768000,0.31674278033642905
769000,0.31359214516878525
770000,0.30199494027226387
771000,0.30147026237568486
772000,0.31094071384419947
773000,0.30848066604079005
774000,0.3017661613265046
775000,0.3045898522800628
776000,0.3032971743515403
777000,0.2949162166466166
778000,0.2957533751515036
779000,0.29231102399116815
780000,0.28809556173696566
781000,0.28277381943854557
782000,0.27633645378287625
783000,0.27847832688447166
784000,0.27746969839403823
785000,0.27140516074865983
786000,0.26742791763269425
787000,0.2670847613608788
788000,0.26248908199508175
789000,0.26260459232769656
