751000,0.24008732858267756
751000,0.24008732858267756
753000,0.1258646043248467
754000,0.10396510087245947
754000,0.10396510087245947
754000,0.10396510087245947
757000,0.09162330902991453
758000,0.08214464520938532
758000,0.08214464520938532
758000,0.08214464520938532
758000,0.08214464520938532
762000,0.08671444143069328
762000,0.08671444143069328
762000,0.08671444143069328
765000,0.08332615995426186
765000,0.08332615995426186
765000,0.08332615995426186
765000,0.08332615995426186
765000,0.08332615995426186
770000,0.07455363750678701
770000,0.07455363750678701
770000,0.07455363750678701
770000,0.07455363750678701
770000,0.07455363750678701
770000,0.07455363750678701
770000,0.07455363750678701
770000,0.07455363750678701
770000,0.07455363750678701
770000,0.07455363750678701
770000,0.07455363750678701
770000,0.07455363750678701
770000,0.07455363750678701
770000,0.07455363750678701
770000,0.07455363750678701
785000,0.07784139440927731
786000,0.07185293580110687
786000,0.07185293580110687
786000,0.07185293580110687
789000,0.08292959294811508
