757000,0.23030310110220598
757000,0.23030310110220598
757000,0.23030310110220598
757000,0.23030310110220598
757000,0.23030310110220598
757000,0.23030310110220598
757000,0.23030310110220598
757000,0.23030310110220598
765000,0.1574885420005706
765000,0.1574885420005706
765000,0.1574885420005706
765000,0.1574885420005706
765000,0.1574885420005706
765000,0.1574885420005706
765000,0.1574885420005706
765000,0.1574885420005706
765000,0.1574885420005706
765000,0.1574885420005706
765000,0.1574885420005706
765000,0.1574885420005706
765000,0.1574885420005706
765000,0.1574885420005706
765000,0.1574885420005706
765000,0.1574885420005706
765000,0.1574885420005706
765000,0.1574885420005706
765000,0.1574885420005706
765000,0.1574885420005706
765000,0.1574885420005706
765000,0.1574885420005706
765000,0.1574885420005706
765000,0.1574885420005706
765000,0.1574885420005706
