751000,0.3905908707180715
752000,0.307342703652944
753000,0.32397496503309653
754000,0.32519861712486553
755000,0.30600108453615554
756000,0.30545472922238626
757000,0.302479898739007
758000,0.2929828697633258
759000,0.2751774022359942
760000,0.29062340833531913
761000,0.2851541463366357
762000,0.2784203431529962
763000,0.2747478990007327
764000,0.2720559490697284
765000,0.2646868412358767
766000,0.2762408090521087
767000,0.26794830394087216
768000,0.27810136846680733
769000,0.2731791213055231
770000,0.2650956954426479
771000,0.2679701709185238
772000,0.27457527566112155
773000,0.27379160996263446
774000,0.27028121159610363
775000,0.2715916473596244
776000,0.27753183052441077
777000,0.27346384549743635
778000,0.2707215421590608
779000,0.26625735800529204
780000,0.2629478281752782
781000,0.2590687283397686
782000,0.2570376545209031
783000,0.2581300945690965
784000,0.2581817708706497
785000,0.25555586359937943
786000,0.25673369510281385
787000,0.2603910334935281
788000,0.26240567121521263
789000,0.2596689313833146
