751000,0.1334074157172993
752000,0.14594262925092938
753000,0.12052500120605762
754000,0.10446970470269157
755000,0.09315092945895184
755000,0.09315092945895184
757000,0.09610379260695841
758000,0.10123359556224572
759000,0.09873183058330537
760000,0.09427993771556865
761000,0.09796655907831597
762000,0.10116105303906442
763000,0.09804549663011519
764000,0.10443623327896569
765000,0.10439152318663604
766000,0.11605324002947634
767000,0.11317058823973944
768000,0.12251063030527058
769000,0.12623137329373182
770000,0.11869896234101
771000,0.12159796342373423
772000,0.1278911291143298
773000,0.12344346115841116
774000,0.11915223044004292
775000,0.11815830440441899
776000,0.12094643637616845
776000,0.12094643637616845
778000,0.1190013294338139
779000,0.12102930558471583
780000,0.12418224578080964
781000,0.12475623663228937
782000,0.12349095599339911
783000,0.1281233627347027
784000,0.12339552275520412
785000,0.12110236681440971
786000,0.11651871051261163
787000,0.12078282507386943
788000,0.12568244584915522
789000,0.12231437955037693
