751000,0.06670185143120166
751000,0.06670185143120166
753000,0.03645229080163337
753000,0.03645229080163337
753000,0.03645229080163337
753000,0.03645229080163337
757000,0.08886731498376059
758000,0.07623166783064991
758000,0.07623166783064991
758000,0.07623166783064991
758000,0.07623166783064991
758000,0.07623166783064991
758000,0.07623166783064991
758000,0.07623166783064991
765000,0.08077169821355595
765000,0.08077169821355595
765000,0.08077169821355595
765000,0.08077169821355595
765000,0.08077169821355595
765000,0.08077169821355595
765000,0.08077169821355595
765000,0.08077169821355595
765000,0.08077169821355595
765000,0.08077169821355595
765000,0.08077169821355595
765000,0.08077169821355595
765000,0.08077169821355595
765000,0.08077169821355595
765000,0.08077169821355595
765000,0.08077169821355595
765000,0.08077169821355595
765000,0.08077169821355595
765000,0.08077169821355595
765000,0.08077169821355595
785000,0.06953429778025613
785000,0.06953429778025613
785000,0.06953429778025613
785000,0.06953429778025613
785000,0.06953429778025613
