751000,0.11796352675114763
751000,0.11796352675114763
751000,0.11796352675114763
751000,0.11796352675114763
751000,0.11796352675114763
751000,0.11796352675114763
757000,0.1411702347917132
758000,0.1343388259226598
758000,0.1343388259226598
758000,0.1343388259226598
758000,0.1343388259226598
758000,0.1343388259226598
758000,0.1343388259226598
758000,0.1343388259226598
765000,0.12478478311895258
765000,0.12478478311895258
765000,0.12478478311895258
765000,0.12478478311895258
765000,0.12478478311895258
765000,0.12478478311895258
765000,0.12478478311895258
765000,0.12478478311895258
765000,0.12478478311895258
765000,0.12478478311895258
765000,0.12478478311895258
765000,0.12478478311895258
765000,0.12478478311895258
765000,0.12478478311895258
765000,0.12478478311895258
765000,0.12478478311895258
765000,0.12478478311895258
765000,0.12478478311895258
765000,0.12478478311895258
765000,0.12478478311895258
765000,0.12478478311895258
765000,0.12478478311895258
765000,0.12478478311895258
765000,0.12478478311895258
765000,0.12478478311895258
