751000,0.4673476731009168
752000,0.32202311110911386
753000,0.31118132939173665
754000,0.3182360217889011
755000,0.31807551237409565
756000,0.31105642528610256
757000,0.3282144697908696
758000,0.33525695054806526
759000,0.31821585639915095
760000,0.34614505334113266
761000,0.33736122196356794
762000,0.32794121001258375
763000,0.3231837994517218
764000,0.3221520873279378
765000,0.31320571722971113
766000,0.31736976917535703
767000,0.3164223323024921
768000,0.3181665100289715
769000,0.31530431085416294
770000,0.3137935294711172
771000,0.3201531343032194
772000,0.32776103578896104
773000,0.32284007254741803
774000,0.32355133696647254
775000,0.3227299815737339
776000,0.32365670814260183
777000,0.3202514922889363
778000,0.3212780355071845
779000,0.3157412862197237
780000,0.31330805242406273
781000,0.3087756234301352
782000,0.3082119223261777
783000,0.3113845826982605
784000,0.3122664559447468
785000,0.3098592133465942
786000,0.31128017865652313
787000,0.31551863631593724
788000,0.31229637068514643
789000,0.31148959801214665
