751000,0.15313258474148972
752000,0.16464715284119202
753000,0.1888041742693958
754000,0.1863089196546295
755000,0.19531882831523645
756000,0.18854031939002633
757000,0.19862538472616864
758000,0.18018926780033281
759000,0.17818336376331184
760000,0.19247923112090756
761000,0.20002863525372858
762000,0.19336344058700747
763000,0.17890126353361338
764000,0.16840579426649283
765000,0.16708957489796894
766000,0.17357400775775253
767000,0.17088487034643146
768000,0.17191098076576233
769000,0.17050475876151444
770000,0.1648154666974706
771000,0.16479953309402745
772000,0.1718819880439473
773000,0.17339200472481286
774000,0.17130879054792747
775000,0.17314713333891998
776000,0.17752868879091868
777000,0.173349207463344
778000,0.17508470915834706
779000,0.17291940222570346
780000,0.17038840977500078
781000,0.1719770677513236
782000,0.17019982097739642
783000,0.1701258227156953
784000,0.1665097581957948
785000,0.1639799325432525
786000,0.1646002937751514
787000,0.16522324636237637
788000,0.16645552398329697
789000,0.16512837692660115
