751000,0.09269634350001861
752000,0.13251136644514783
753000,0.1500377711768124
754000,0.16006311772412327
755000,0.1574550569794314
756000,0.15124277393305036
757000,0.15227693913686238
758000,0.1318703539130472
759000,0.13436379911963628
760000,0.14137322980569486
761000,0.14002733333774733
762000,0.14195515451288582
763000,0.13180508098215973
764000,0.12792268696019726
765000,0.13497866610870843
766000,0.1415466238597635
767000,0.13776806288999688
768000,0.1405498099154082
769000,0.143315389506797
770000,0.13964282175395126
771000,0.13844283955125047
772000,0.1478934930565884
773000,0.1463236272009442
774000,0.1438897112692746
775000,0.14470222984893913
776000,0.15036263668154187
777000,0.14828180204400862
778000,0.14760220159150778
779000,0.14692555459065
780000,0.14438993228982763
781000,0.1447337310189681
782000,0.14509631625255462
783000,0.14630058905601534
784000,0.142753537548111
785000,0.14112542607130757
786000,0.14037837362404437
787000,0.14201697847057754
788000,0.14384612109581993
789000,0.14245526215850618
