751000,0.23925005759962148
751000,0.23925005759962148
753000,0.1647153078972082
754000,0.15867202220383336
754000,0.15867202220383336
754000,0.15867202220383336
757000,0.155242890069911
758000,0.12414588931486145
758000,0.12414588931486145
760000,0.1295305274131502
761000,0.11789595661797259
762000,0.12167265904761507
762000,0.12167265904761507
762000,0.12167265904761507
765000,0.11445751669970683
766000,0.1348400298991737
766000,0.1348400298991737
766000,0.1348400298991737
766000,0.1348400298991737
770000,0.12607532322211001
770000,0.12607532322211001
770000,0.12607532322211001
770000,0.12607532322211001
774000,0.11878499366729302
775000,0.11295574144517256
775000,0.11295574144517256
775000,0.11295574144517256
775000,0.11295574144517256
775000,0.11295574144517256
775000,0.11295574144517256
775000,0.11295574144517256
775000,0.11295574144517256
775000,0.11295574144517256
784000,0.10975956985403854
785000,0.10450846674126271
786000,0.09985048053609535
787000,0.09637086166760717
787000,0.09637086166760717
789000,0.10178002890061828
