751000,0.29617935
752000,0.28195322
753000,0.28126857
754000,0.28398752
755000,0.27076447
756000,0.2740313
757000,0.27430508
758000,0.27796367
759000,0.2789604
760000,0.2785461
761000,0.27881932
762000,0.278009
763000,0.28053945
764000,0.27868956
765000,0.28006208
766000,0.2791714
767000,0.28043523
768000,0.27926698
769000,0.2784548
770000,0.27993286
771000,0.28144133
772000,0.28389308
773000,0.28487167
774000,0.28141034
775000,0.28246957
776000,0.2807678
777000,0.27944127
778000,0.27792504
779000,0.27911186
780000,0.27882135
781000,0.27846944
782000,0.27744532
783000,0.27688542
784000,0.2769699
785000,0.27768144
786000,0.27846578
787000,0.27890217
788000,0.2795927
789000,0.27917507
