751000,0.25735940563026816
752000,0.22766805228052867
753000,0.2262990975952042
754000,0.2269612182127802
755000,0.23371812336457273
756000,0.23415390745704545
757000,0.23539944697061882
758000,0.23694163845040095
759000,0.23753828163766724
760000,0.23925123817515465
761000,0.23704441888171626
762000,0.23766832818845446
763000,0.2349145742446126
764000,0.23593475059876085
765000,0.23564131233551716
766000,0.23562537079759507
767000,0.23386758520722478
768000,0.23297373610653319
769000,0.23462416150636892
770000,0.23440584799303024
771000,0.2341815049048119
772000,0.23337879365335706
773000,0.23256301094181508
774000,0.23210412312588585
775000,0.2308560048338897
776000,0.23036594512915715
777000,0.22946197324981496
778000,0.2294236279424387
779000,0.2281985325761424
780000,0.22796996720228968
781000,0.22828207736949788
782000,0.2282232873173981
783000,0.2277988768054922
784000,0.22835858447130042
785000,0.2275898694689653
786000,0.22731555115259852
787000,0.2275513884163482
788000,0.22743069927858572
789000,0.22771607915818037
