750999,-0.00184375
751999,0.0018828125
752999,0.004328125
753999,0.0033320312
754999,0.004103125
755999,0.0036848958
756999,0.0046361606
757999,0.0043710936
758999,0.004
759999,0.0044125
760999,0.0048640626
761999,0.00455
762999,0.004003125
763999,0.003746875
764999,0.003296875
765999,0.0034859376
766999,0.0031859374
767999,0.003578125
768999,0.0035515625
769999,0.0028828124
770999,0.003353125
771999,0.003253125
772999,0.0032765626
773999,0.00385625
774999,0.0039015624
775999,0.003884375
776999,0.00300625
777999,0.002471875
778999,0.00239375
779999,0.0029171875
780999,0.0028671876
781999,0.0023546875
782999,0.0023203124
783999,0.00206875
784999,0.0035109376
785999,0.0033296875
786999,0.0043703127
787999,0.0044203126
788999,0.004921875
