751000,13.91554594039917
752000,29.468204021453857
753000,45.028419494628906
754000,60.71442794799805
755000,76.193363904953
756000,91.76667761802673
757000,107.27766370773315
758000,122.93434286117554
759000,138.45528507232666
760000,154.31707668304443
761000,169.81882762908936
762000,185.55699348449707
763000,201.06230974197388
764000,216.67588877677917
765000,232.33771109580994
766000,248.21163082122803
767000,263.86444115638733
768000,279.7324423789978
769000,295.4196436405182
770000,311.3830306529999
771000,326.9636504650116
772000,342.7264070510864
773000,358.38833117485046
774000,374.25144934654236
775000,389.9816997051239
776000,405.70158314704895
777000,421.3194205760956
778000,436.9791669845581
779000,452.53747725486755
780000,468.55681681632996
781000,484.1290090084076
782000,499.8121190071106
783000,515.4655013084412
784000,531.648074388504
785000,547.3041169643402
786000,563.1620943546295
787000,578.8885161876678
788000,594.7050225734711
789000,610.3359980583191
