751000,6428
752000,13084
753000,19676
754000,26282
755000,32975
756000,39742
757000,46537
758000,53223
759000,59963
760000,66593
761000,73301
762000,80205
763000,87176
764000,94029
765000,100702
766000,107441
767000,113961
768000,120621
769000,127299
770000,134139
771000,140876
772000,147355
773000,154098
774000,160630
775000,167502
776000,174034
777000,180825
778000,187516
779000,194290
780000,201105
781000,207793
782000,214719
783000,221548
784000,228068
785000,234547
786000,241198
787000,247622
788000,254248
789000,260875
