751000,1501200
752000,1503200
753000,1505200
754000,1507200
755000,1509200
756000,1511200
757000,1513200
758000,1515200
759000,1517200
760000,1519200
761000,1521200
762000,1523200
763000,1525200
764000,1527200
765000,1529200
766000,1531200
767000,1533200
768000,1535200
769000,1537200
770000,1539200
771000,1541200
772000,1543200
773000,1545200
774000,1547200
775000,1549200
776000,1551200
777000,1553200
778000,1555200
779000,1557200
780000,1559200
781000,1561200
782000,1563200
783000,1565200
784000,1567200
785000,1569200
786000,1571200
787000,1573200
788000,1575200
789000,1577200
