751000,0.03481940721394494
752000,0.035752011437176004
753000,0.03658016292112214
754000,0.03684473508282712
755000,0.03711407668500518
756000,0.037439295211164604
757000,0.03773004578097778
758000,0.0379075154912873
759000,0.037963362664661625
760000,0.03824140324865525
761000,0.03845385963925057
762000,0.03872300188404398
763000,0.038878497609402984
764000,0.03886223535822785
765000,0.038859924685361015
766000,0.0389251050515737
767000,0.03900027969142511
768000,0.03902055416779404
769000,0.03904528923560568
770000,0.039176073842540834
771000,0.03910447967847666
772000,0.03915143906301178
773000,0.03905633267366507
774000,0.03902092478394571
775000,0.0391297789624772
776000,0.03930719857205196
777000,0.03940864731453415
778000,0.039389494479895176
779000,0.03942367777765159
780000,0.03940325539602879
781000,0.0393306622584048
782000,0.039390085795132805
783000,0.03938133332725024
784000,0.039448677823939446
785000,0.03946512288162378
786000,0.03942824477803316
787000,0.03943372511370715
788000,0.039353014948092915
789000,0.03933987733980007
