1000,7.1
2000,7.8
3000,7.433333333333334
4000,7.8
5000,7.9
6000,8.183333333333334
7000,8.514285714285714
8000,8.5125
9000,8.588888888888889
10000,8.78
11000,8.763636363636364
12000,8.858333333333333
13000,8.938461538461539
14000,8.864285714285714
15000,8.806666666666667
16000,8.8625
17000,8.870588235294118
18000,8.88888888888889
19000,8.863157894736842
20000,8.86
21000,8.928571428571429
22000,8.954545454545455
23000,8.960869565217392
24000,8.945833333333333
25000,8.88
26000,8.811538461538461
27000,8.737037037037037
28000,8.682142857142857
29000,8.63448275862069
30000,8.56
31000,8.63225806451613
32000,8.625
33000,8.687878787878788
34000,8.68235294117647
35000,8.665714285714285
36000,8.627777777777778
37000,8.672972972972973
38000,8.663157894736843
39000,8.605128205128205
40000,8.5925
41000,8.573170731707316
42000,8.585714285714285
43000,8.595348837209302
44000,8.593181818181819
45000,8.54
46000,8.491304347826087
47000,8.461702127659574
48000,8.427083333333334
49000,8.440816326530612
50000,8.406
51000,8.405882352941177
52000,8.376923076923077
53000,8.350943396226414
54000,8.312962962962963
55000,8.305454545454545
56000,8.323214285714286
