2000,0.21450504400652592
2000,0.21450504400652592
4000,0.13722827515724068
5000,0.2482592379659064
6000,0.35828020032908664
7000,0.3786213093053875
7000,0.3786213093053875
9000,0.30643240912795616
10000,0.28749713035355406
10000,0.28749713035355406
12000,0.292023695155561
13000,0.2840318978038959
13000,0.2840318978038959
13000,0.2840318978038959
16000,0.2671312709352672
17000,0.262795966478176
18000,0.3068598612220842
19000,0.3014571156437898
20000,0.29967401689649475
21000,0.29744560485154053
22000,0.2951169617485354
23000,0.2930060982776269
24000,0.2960304762159858
24000,0.2960304762159858
26000,0.29766869568940363
26000,0.29766869568940363
28000,0.3029705484914319
29000,0.2948683009934673
29000,0.2948683009934673
31000,0.305110132740215
31000,0.305110132740215
33000,0.30553890725408145
34000,0.3068856800446811
34000,0.3068856800446811
36000,0.3003218069270366
37000,0.30973047387682806
38000,0.3095773645523428
39000,0.30362758593432493
40000,0.2983571884300933
41000,0.2942775483845135
42000,0.29529175136815267
43000,0.29910249964687746
44000,0.2984239087162405
44000,0.2984239087162405
44000,0.2984239087162405
44000,0.2984239087162405
44000,0.2984239087162405
49000,0.298809071027417
49000,0.298809071027417
51000,0.2987094732907237
51000,0.2987094732907237
51000,0.2987094732907237
54000,0.2972291584114885
55000,0.29388199003191884
56000,0.29493553311445003
