1000,0.8205716717815144
2000,0.7523696607479586
3000,0.7774645131714337
4000,0.8300901637470034
5000,0.8793292931426392
6000,0.87447264905709
7000,0.9364218420762453
8000,0.888584431934462
9000,0.851637941149428
10000,0.8197792115777054
11000,0.834259191677714
12000,0.8469701046694162
13000,0.8359177695135478
14000,0.8436519452317313
15000,0.8219653527631894
16000,0.8130560209404306
17000,0.8282646574513555
18000,0.8292106329086301
19000,0.8266161457333875
20000,0.8070962123669403
21000,0.80558191958466
22000,0.7918427951427794
23000,0.7821088147953447
24000,0.7723666245924232
25000,0.7591234437589296
26000,0.7510653221048635
27000,0.7311199516549709
28000,0.7235080185408621
29000,0.7114866008018952
30000,0.6989310829888913
31000,0.6979718170821853
32000,0.6875632874127303
33000,0.678096865359182
34000,0.6674083598450018
35000,0.6663946816729851
36000,0.6573622658549528
37000,0.6570276184406963
38000,0.6472996862430547
39000,0.6351481056495495
40000,0.6288454251359643
41000,0.6253407750660738
42000,0.6155993739651715
43000,0.6075151556007224
44000,0.6019529751854743
45000,0.5988925058671445
46000,0.5940253750469524
47000,0.5896635298192091
48000,0.5855213136324203
49000,0.5822856276954154
50000,0.5746583148376581
51000,0.5691077015124743
52000,0.5638561209486106
53000,0.5591774239228505
54000,0.5544812863868022
55000,0.5468159254684336
56000,0.5461422955238489
