1000,0.5137898662756248
2000,0.4389087189934378
3000,0.4344972144820655
4000,0.49595514852300737
5000,0.5716677660510239
6000,0.5826434564415144
7000,0.6188029157180647
8000,0.5623784982942437
9000,0.5308414616117691
10000,0.5042899932408491
11000,0.5126018321151553
12000,0.5209482989911108
13000,0.5093102411958614
14000,0.5107941574420277
15000,0.5022499805801665
16000,0.49291187279955956
17000,0.4993162520693877
18000,0.5009177356308079
19000,0.49705691053038775
20000,0.4851945431168758
21000,0.4846500522335265
22000,0.4838523144792488
23000,0.4821296455507207
24000,0.4763531716873602
25000,0.4764849150415552
26000,0.471870369761303
27000,0.4641032775430185
28000,0.46393795388795994
29000,0.46040153094447617
30000,0.45484855867301127
31000,0.4557668549308171
32000,0.4478884708004132
33000,0.44212894912984163
34000,0.43784159751265317
35000,0.4370916096389212
36000,0.4326986352956839
37000,0.43782460772220805
38000,0.4383837335193376
39000,0.4346768562479172
40000,0.43020845774123095
41000,0.4287822121204317
42000,0.4226848520258266
43000,0.41948776272057675
44000,0.41530345921424744
45000,0.41467684961813295
46000,0.4131174076017776
47000,0.4155958774776332
48000,0.416552885646955
49000,0.4137594784006757
50000,0.4121203428184011
51000,0.41110837810440914
52000,0.40865183554976336
53000,0.40727448627442486
54000,0.4050690957420558
55000,0.4034163317376789
56000,0.40301266742243785
