2000,0.17959494277521237
2000,0.17959494277521237
4000,0.09720449817720689
5000,0.19033671965578133
6000,0.30541012393050987
7000,0.3500251279634162
7000,0.3500251279634162
9000,0.28890747546764495
10000,0.27343983106433084
10000,0.27343983106433084
12000,0.28319399538986867
13000,0.28178009303854046
13000,0.28178009303854046
13000,0.28178009303854046
16000,0.2666232599760652
17000,0.2607077410654656
18000,0.296944626216696
19000,0.2936539292090528
20000,0.2917949701463755
21000,0.28429256823482735
22000,0.28602464894514534
23000,0.28025509408963767
24000,0.28290251144490275
24000,0.28290251144490275
26000,0.2881167882811786
26000,0.2881167882811786
28000,0.29331264175901345
29000,0.28564480827680444
29000,0.28564480827680444
31000,0.29810657213035296
31000,0.29810657213035296
33000,0.2944658434157346
34000,0.29610863602348086
34000,0.29610863602348086
36000,0.29000787275924494
37000,0.29922310218162423
38000,0.299532707168162
39000,0.2936251134149569
40000,0.2883831259593499
41000,0.2845535088283165
42000,0.2861450821630186
43000,0.288030793110661
44000,0.28841981307783326
44000,0.28841981307783326
44000,0.28841981307783326
44000,0.28841981307783326
44000,0.28841981307783326
49000,0.29040265058501274
49000,0.29040265058501274
51000,0.28839428129870065
51000,0.28839428129870065
51000,0.28839428129870065
54000,0.28656097560436583
55000,0.28345038234425
56000,0.2852157528159834
