1000,0.4548924043592713
2000,0.40548217335871717
3000,0.40009713018049414
4000,0.3968439166756858
5000,0.4031913599968446
6000,0.41927399906915075
7000,0.4377888097475381
8000,0.4151207534528423
9000,0.40944314524386577
10000,0.3963866511752366
11000,0.40706339638072536
12000,0.40802173406607783
13000,0.405763738172204
14000,0.40333525842444035
15000,0.39600327265108587
16000,0.39542074419673046
17000,0.39622145086614147
18000,0.3932316604783586
19000,0.39182824166916935
20000,0.3825586674163104
21000,0.37909128549202786
22000,0.37372324496397635
23000,0.37180382114485966
24000,0.36997773610628715
25000,0.3697218970509528
26000,0.3700202167890011
27000,0.3682356488478555
28000,0.3646460279303377
29000,0.3588702248908807
30000,0.35490526349002205
31000,0.3566203992368571
32000,0.3519858952563146
33000,0.34823261279528567
34000,0.34469383549996613
35000,0.3441558851475721
36000,0.34257855679860333
37000,0.3434224757542807
38000,0.3403084157474083
39000,0.33609257525256947
40000,0.3337231043489186
41000,0.3325948798374549
42000,0.3290570783409454
43000,0.3260425960269687
44000,0.3242791033024067
45000,0.3231259292612507
46000,0.32174832510695245
47000,0.32140143974347085
48000,0.31990221847062333
49000,0.3192080445494818
50000,0.3163994368213969
51000,0.3117748715819951
52000,0.30874321440938146
53000,0.3051679204319789
54000,0.30189648963442245
55000,0.29755373914939875
56000,0.293770599562636
