1000,0.7283319276876986
2000,0.6032281482358772
3000,0.6126644458917251
4000,0.6302997314048767
5000,0.6358830550565355
6000,0.6897731794068345
7000,0.7457992873431427
8000,0.6946637269372437
9000,0.6624803498150303
10000,0.6388919681001809
11000,0.6587911806113161
12000,0.6676141986936075
13000,0.6576438026557895
14000,0.6566776849535425
15000,0.6390889930702962
16000,0.6321179425298666
17000,0.6368627909804676
18000,0.6445012933818043
19000,0.6429034799492938
20000,0.6236882462195704
21000,0.614429330911091
22000,0.6096667395917534
23000,0.6053997319206663
24000,0.5984640192748749
25000,0.5982101863537636
26000,0.5959251254851434
27000,0.5912076049866576
28000,0.5902802638056892
29000,0.5884464313544014
30000,0.5837205505311831
31000,0.5916405040011036
32000,0.5801317822031951
33000,0.5728831499655664
34000,0.5660914419761752
35000,0.5618855318506272
36000,0.5570263432547573
37000,0.5621193215147864
38000,0.5605694631423109
39000,0.5546368890467073
40000,0.5481500396440949
41000,0.5467531936843145
42000,0.5380146101947825
43000,0.5316335891913048
44000,0.5275666024538068
45000,0.5292038116325382
46000,0.5276577310575742
47000,0.529157873071456
48000,0.5287413464659925
49000,0.5275686689032826
50000,0.5245565580596422
51000,0.5207632524136427
52000,0.5183176743281117
53000,0.5164941817154168
54000,0.5156169825586638
55000,0.5115477436753985
56000,0.5116709091078402
