1000,0.7023474389183402
2000,0.610968243910973
3000,0.6346881540449845
4000,0.664912205518692
5000,0.7473994904021284
6000,0.754414655084298
7000,0.810773056929611
8000,0.7595689438414783
9000,0.7146396711760562
10000,0.6834313008148618
11000,0.6976496453144703
12000,0.7104626461862915
13000,0.69324262035385
14000,0.6904809509064705
15000,0.6772387391121042
16000,0.6702402065859367
17000,0.6814382086594556
18000,0.6860590979289324
19000,0.6824671540850109
20000,0.6628365335338281
21000,0.6585300327882692
22000,0.6545114815210261
23000,0.6509550093596221
24000,0.6440621304522829
25000,0.6392341353714592
26000,0.6320028513843495
27000,0.6239459686724916
28000,0.623883885167999
29000,0.6216045308063216
30000,0.614596248178036
31000,0.6167901078111389
32000,0.6071732538407073
33000,0.5985920633529696
34000,0.5912175326347884
35000,0.5880763773598068
36000,0.5822633986444903
37000,0.5847405460759163
38000,0.5833825478013477
39000,0.577121677207052
40000,0.5715343855672075
41000,0.5704844760002329
42000,0.5619310667509227
43000,0.5561700091064955
44000,0.5502122820149022
45000,0.5503229707361139
46000,0.5498934612037586
47000,0.5512780389533734
48000,0.5505141344817722
49000,0.5468089210588675
50000,0.5425793611948863
51000,0.5393977824207796
52000,0.5361906145403806
53000,0.5351846723576799
54000,0.5331087180040371
55000,0.5290861607537655
56000,0.5288552823642491
