16000,0.02619539149205652
16000,0.02619539149205652
18000,0.17477832839196816
18000,0.17477832839196816
18000,0.17477832839196816
18000,0.17477832839196816
18000,0.17477832839196816
23000,0.2057485201883382
23000,0.2057485201883382
23000,0.2057485201883382
23000,0.2057485201883382
23000,0.2057485201883382
23000,0.2057485201883382
23000,0.2057485201883382
23000,0.2057485201883382
31000,0.23657237246175486
31000,0.23657237246175486
33000,0.2407010922247246
33000,0.2407010922247246
33000,0.2407010922247246
33000,0.2407010922247246
37000,0.2553981432086729
38000,0.25536111605432255
38000,0.25536111605432255
38000,0.25536111605432255
38000,0.25536111605432255
38000,0.25536111605432255
38000,0.25536111605432255
38000,0.25536111605432255
38000,0.25536111605432255
38000,0.25536111605432255
38000,0.25536111605432255
38000,0.25536111605432255
38000,0.25536111605432255
38000,0.25536111605432255
51000,0.2507875271259368
51000,0.2507875271259368
51000,0.2507875271259368
51000,0.2507875271259368
55000,0.23280396107032988
56000,0.22599494306023024
