1000,0.9990421344993523
2000,0.9306743555569266
3000,0.912120410429551
4000,0.9469351733870406
5000,0.8558617333291545
6000,0.9360938750619978
7000,0.9771277365610891
8000,0.9185092834388119
9000,0.893397082269247
10000,0.863822454351881
11000,0.8855969556158005
12000,0.8882612705292435
13000,0.8896365076866272
14000,0.8820390192652949
15000,0.8615518272365497
16000,0.8594978627117534
17000,0.8632158483038428
18000,0.8607721403040428
19000,0.8583021848561361
20000,0.8348170613454413
21000,0.8280180176241148
22000,0.8167217241621098
23000,0.8151223663984686
24000,0.8061917295845958
25000,0.7927746992715383
26000,0.7873240984680961
27000,0.7735577668916024
28000,0.7611760467100717
29000,0.748748549693987
30000,0.7340878603326941
31000,0.7424572930693866
32000,0.7291942090373617
33000,0.7173692068927466
34000,0.7034708873344483
35000,0.6980222611860954
36000,0.6875712981063117
37000,0.686363062231888
38000,0.6733551162953908
39000,0.6618462330279122
40000,0.652687675859366
41000,0.6496423825117654
42000,0.6402111805920493
43000,0.6331578944960474
44000,0.6263889508383716
45000,0.6235257725067402
46000,0.6180746545581072
47000,0.6138461871293551
48000,0.6095754844734734
49000,0.605436605335874
50000,0.5978760270701237
51000,0.5915899992442059
52000,0.5871051439853576
53000,0.5811531414793492
54000,0.5771672999922771
55000,0.5679974269080301
56000,0.5691109823194184
