1000,0.531821278673047
2000,0.4181395006759
3000,0.41731997664949533
4000,0.4529026281127423
5000,0.48077387797617616
6000,0.516397999112649
7000,0.5261219642259389
8000,0.4776139213594048
9000,0.4640067853012898
10000,0.4404323386563111
11000,0.45626866444994635
12000,0.464009013488844
13000,0.45902920127087116
14000,0.4613491017939161
15000,0.45143128428941004
16000,0.4476726162589969
17000,0.44698596821778924
18000,0.45205014137419713
19000,0.45143537100021225
20000,0.4385198868092239
21000,0.43637418216174884
22000,0.4384953998107046
23000,0.43548267276295505
24000,0.4321626223539974
25000,0.4357811176190723
26000,0.43546317252395716
27000,0.4302062749776228
28000,0.430593043258562
29000,0.4296322737277994
30000,0.4252725418136295
31000,0.42766112045483584
32000,0.41998598727936526
33000,0.4155137434171158
34000,0.41047572478646394
35000,0.4103343365991341
36000,0.408712939345818
37000,0.41653043927136024
38000,0.4168218145774377
39000,0.4134955490332323
40000,0.40969377366912685
41000,0.4089690609517618
42000,0.40256305287376876
43000,0.397392280960648
44000,0.3937468842995968
45000,0.3942154885414667
46000,0.3925716447862588
47000,0.39398005531779945
48000,0.39484624521314465
49000,0.393893394357904
50000,0.3933257433945141
51000,0.39247143353621977
52000,0.38974975116185767
53000,0.3879126993249013
54000,0.38588513505492855
55000,0.3841657488897751
56000,0.38451196893327955
