16000,0.07349113890746395
16000,0.07349113890746395
18000,0.2101510351075453
18000,0.2101510351075453
18000,0.2101510351075453
18000,0.2101510351075453
18000,0.2101510351075453
23000,0.2271486522285404
23000,0.2271486522285404
23000,0.2271486522285404
23000,0.2271486522285404
23000,0.2271486522285404
23000,0.2271486522285404
23000,0.2271486522285404
23000,0.2271486522285404
31000,0.23177965227336883
31000,0.23177965227336883
33000,0.2440489202185863
33000,0.2440489202185863
33000,0.2440489202185863
33000,0.2440489202185863
37000,0.27603059801107416
38000,0.28104670850920555
38000,0.28104670850920555
38000,0.28104670850920555
38000,0.28104670850920555
38000,0.28104670850920555
38000,0.28104670850920555
38000,0.28104670850920555
38000,0.28104670850920555
38000,0.28104670850920555
38000,0.28104670850920555
38000,0.28104670850920555
38000,0.28104670850920555
38000,0.28104670850920555
51000,0.2766700369615744
51000,0.2766700369615744
51000,0.2766700369615744
51000,0.2766700369615744
55000,0.2592987390075083
56000,0.25214324844383207
