16000,0.02917795226200015
16000,0.02917795226200015
18000,0.20669381415500188
18000,0.20669381415500188
18000,0.20669381415500188
21000,0.22918439580662206
21000,0.22918439580662206
23000,0.2151372799724307
23000,0.2151372799724307
23000,0.2151372799724307
23000,0.2151372799724307
23000,0.2151372799724307
23000,0.2151372799724307
23000,0.2151372799724307
23000,0.2151372799724307
31000,0.24442980926137384
31000,0.24442980926137384
33000,0.26632047180078355
33000,0.26632047180078355
33000,0.26632047180078355
33000,0.26632047180078355
37000,0.2851926846444508
38000,0.2758064311011216
38000,0.2758064311011216
38000,0.2758064311011216
38000,0.2758064311011216
42000,0.2699668893520863
43000,0.2647584019534668
44000,0.25721559558232104
44000,0.25721559558232104
44000,0.25721559558232104
44000,0.25721559558232104
44000,0.25721559558232104
49000,0.24861146529013606
49000,0.24861146529013606
51000,0.26431639455123046
51000,0.26431639455123046
51000,0.26431639455123046
51000,0.26431639455123046
55000,0.2547138383440319
56000,0.2519539477123526
