2000,0.2620302468762432
3000,0.2709123559885782
4000,0.2554273003324613
5000,0.2834078048060362
6000,0.35678754565425314
7000,0.4856101291382496
8000,0.4529748146746017
9000,0.3946742452368113
10000,0.3522966380884787
11000,0.34859999550379406
12000,0.3418487834218149
13000,0.3360341449913743
13000,0.3360341449913743
15000,0.3245191189239432
16000,0.31541814496364434
17000,0.3157210978451009
18000,0.33195162240472625
19000,0.33045523101852853
20000,0.3291358627613019
21000,0.32046574990262594
22000,0.3212013382258546
23000,0.3165957529507689
24000,0.3183310885152154
25000,0.3193508885758407
26000,0.31790780677745445
26000,0.31790780677745445
28000,0.3145802725814432
29000,0.3091002329514179
29000,0.3091002329514179
31000,0.32318739426046617
32000,0.3195738022881695
33000,0.3097404088890235
34000,0.3114463172817437
35000,0.3124543942668555
36000,0.30824581384169925
37000,0.32278423517426924
38000,0.32128560711242404
39000,0.3170131742506195
40000,0.3109293976409628
41000,0.3080972661218896
42000,0.3036046244528872
43000,0.30771358120874254
44000,0.30879462548817926
44000,0.30879462548817926
44000,0.30879462548817926
44000,0.30879462548817926
48000,0.30428567894247893
49000,0.3053407992147936
49000,0.3053407992147936
51000,0.3058977703835801
51000,0.3058977703835801
53000,0.30269852484193427
54000,0.302439921982531
55000,0.3014746691926744
56000,0.30298378206509996
