1000,0.38902308836428634
2000,0.2842697013986177
3000,0.29462266805486786
4000,0.32304324549459845
5000,0.3394797978363492
6000,0.3641547197077824
7000,0.41068306223528434
8000,0.37359934293393743
9000,0.35518767533185275
10000,0.34024080386060623
11000,0.3520742266347394
12000,0.3578303785853434
13000,0.36075766032372186
14000,0.36080526352500686
15000,0.35191176438060523
16000,0.34419580063852395
17000,0.3418963089336287
18000,0.3523531785548936
19000,0.35830021666098455
20000,0.35022768150398115
21000,0.35050809498985813
22000,0.35108431033739956
23000,0.357923543051064
24000,0.35564498236121045
25000,0.35421741686897096
26000,0.3569225394022283
27000,0.35257393299664325
28000,0.35162306855019704
29000,0.3494901178229933
30000,0.3451401844541842
31000,0.350047412522049
32000,0.34396199502341135
33000,0.3387837707286853
34000,0.3356495554599661
35000,0.33833266348944024
36000,0.33663419108965764
37000,0.34486060645171296
38000,0.3486730213962855
39000,0.3446232542907177
40000,0.339054709183258
41000,0.3400240710024872
42000,0.33296819867340666
43000,0.32964491407204216
44000,0.32562622561570315
45000,0.3249508472103437
46000,0.32596259928152876
47000,0.327051747759259
48000,0.3277319717604397
49000,0.32835038674342076
50000,0.3284309772302001
51000,0.3264694056963124
52000,0.32547978781413694
53000,0.3250439215798831
54000,0.32276219057639755
55000,0.3216909038559737
56000,0.3207491954176364
