7000,0.9108127906945929
7000,0.9108127906945929
9000,0.5036156346112823
9000,0.5036156346112823
9000,0.5036156346112823
12000,0.43969460665356364
13000,0.3685904720765204
13000,0.3685904720765204
13000,0.3685904720765204
16000,0.30155114148209183
16000,0.30155114148209183
18000,0.33413529986090973
18000,0.33413529986090973
18000,0.33413529986090973
21000,0.33585656568706945
22000,0.3202351701764844
23000,0.3085592974671917
24000,0.30226341191442296
24000,0.30226341191442296
26000,0.29991208547626586
26000,0.29991208547626586
28000,0.2984820590926909
28000,0.2984820590926909
28000,0.2984820590926909
31000,0.2915103123940768
31000,0.2915103123940768
33000,0.29782767318286274
33000,0.29782767318286274
33000,0.29782767318286274
33000,0.29782767318286274
37000,0.3162922753649201
38000,0.29543202808951763
39000,0.283685715297687
40000,0.275230252287002
41000,0.2677811070778421
42000,0.26403697378541924
43000,0.26609397014607733
44000,0.26457869106775983
44000,0.26457869106775983
44000,0.26457869106775983
44000,0.26457869106775983
44000,0.26457869106775983
49000,0.26085837889211844
49000,0.26085837889211844
51000,0.2615463574476082
51000,0.2615463574476082
51000,0.2615463574476082
51000,0.2615463574476082
55000,0.25287291582341925
56000,0.2496808334666723
