16000,0.09280918404892491
16000,0.09280918404892491
18000,0.19259754857384714
18000,0.19259754857384714
18000,0.19259754857384714
18000,0.19259754857384714
18000,0.19259754857384714
18000,0.19259754857384714
18000,0.19259754857384714
18000,0.19259754857384714
18000,0.19259754857384714
18000,0.19259754857384714
18000,0.19259754857384714
18000,0.19259754857384714
18000,0.19259754857384714
31000,0.232050820372121
31000,0.232050820372121
31000,0.232050820372121
31000,0.232050820372121
31000,0.232050820372121
31000,0.232050820372121
37000,0.2302567358587334
38000,0.22228583156827905
38000,0.22228583156827905
38000,0.22228583156827905
38000,0.22228583156827905
38000,0.22228583156827905
38000,0.22228583156827905
38000,0.22228583156827905
38000,0.22228583156827905
38000,0.22228583156827905
38000,0.22228583156827905
38000,0.22228583156827905
38000,0.22228583156827905
38000,0.22228583156827905
38000,0.22228583156827905
38000,0.22228583156827905
38000,0.22228583156827905
38000,0.22228583156827905
55000,0.20246927013164565
55000,0.20246927013164565
