4000,0.007510669708501894
4000,0.007510669708501894
6000,0.2125721821416251
7000,0.27584451536791665
7000,0.27584451536791665
9000,0.22397645444639186
10000,0.23253895006903683
10000,0.23253895006903683
12000,0.2381027490504677
13000,0.24066889560906532
13000,0.24066889560906532
13000,0.24066889560906532
16000,0.22449943809235035
17000,0.22106228441232254
18000,0.26427025494943035
19000,0.26535577636468244
20000,0.2594577322772596
21000,0.25894778743080393
22000,0.2697108585279515
23000,0.26637681643026995
24000,0.2684745916373147
24000,0.2684745916373147
26000,0.27993107131977923
26000,0.27993107131977923
28000,0.28510434238047094
28000,0.28510434238047094
28000,0.28510434238047094
31000,0.3114898352837999
31000,0.3114898352837999
33000,0.3061072645699542
34000,0.29963950405555
34000,0.29963950405555
34000,0.29963950405555
37000,0.3152135106580717
38000,0.3123377095755463
39000,0.3029639234036113
40000,0.29449946314492276
41000,0.2897311745934236
42000,0.28632365315572494
43000,0.2866620554501727
44000,0.286702328681327
44000,0.286702328681327
44000,0.286702328681327
44000,0.286702328681327
44000,0.286702328681327
49000,0.2880843699890618
49000,0.2880843699890618
51000,0.28402766083132747
51000,0.28402766083132747
51000,0.28402766083132747
51000,0.28402766083132747
55000,0.28021192558204366
56000,0.28121048956088124
