1000,0.8789244706245765
2000,0.6954615394062857
3000,0.7015568965150241
4000,0.7272853311869579
5000,0.7124815262905484
6000,0.7685838904795063
7000,0.8328802919266828
8000,0.7740103240298596
9000,0.742451268093192
10000,0.7110867984272266
11000,0.7299151575559112
12000,0.7404559910067922
13000,0.7379584763635924
14000,0.7308131314849565
15000,0.7054100373422708
16000,0.6970184023211957
17000,0.7056375168686658
18000,0.7053071429034897
19000,0.702726405735716
20000,0.6852592573282423
21000,0.6794788040235644
22000,0.6714361330409871
23000,0.6650468293738814
24000,0.6580031245651924
25000,0.6518345548067364
26000,0.6507380104311064
27000,0.6381684903454976
28000,0.6300289166470329
29000,0.62286852336007
30000,0.6132610217706154
31000,0.6180855964174619
32000,0.605353471770703
33000,0.5984153122991986
34000,0.5889668137073014
35000,0.58130757748349
36000,0.5745913295095154
37000,0.5800090833616229
38000,0.573889325880658
39000,0.5638050616388908
40000,0.5575579587966831
41000,0.5524320876330756
42000,0.5431145933178904
43000,0.5371765149370433
44000,0.5345452468053894
45000,0.5342475651827387
46000,0.5303569331326791
47000,0.5292884025889495
48000,0.5243094902731448
49000,0.5219501258504694
50000,0.5170303802040166
51000,0.5135125693286631
52000,0.5101068869270681
53000,0.5063481957047968
54000,0.5032227748015389
55000,0.49720356703656765
56000,0.49895107476353906
