1000,0.4077944859296162
2000,0.29373097607365617
3000,0.3115980094387677
4000,0.38593546817251423
5000,0.4307774311205523
6000,0.42438455977329226
7000,0.48451503875265706
8000,0.44362994843440506
9000,0.4115958451908034
10000,0.39533530419775753
11000,0.40030608468167095
12000,0.39811103164191164
13000,0.3931404891894624
14000,0.3904127036233797
15000,0.38164306731972153
16000,0.37372051772640535
17000,0.3757733460820085
18000,0.38245082472976977
19000,0.3835738616665123
20000,0.3763941454853887
21000,0.3755918229829036
22000,0.37707260995899633
23000,0.3797503877818497
24000,0.37447555154818757
25000,0.3718391459639825
26000,0.3712034550085543
27000,0.36475989062703745
28000,0.3634785807505687
29000,0.3605442121195338
30000,0.3552605455834458
31000,0.35764784589441134
32000,0.3511167274203186
33000,0.3479264761159887
34000,0.3448161071903301
35000,0.3486147818842196
36000,0.3459063393920851
37000,0.35270746090260124
38000,0.3543671068503078
39000,0.3501418858765337
40000,0.34444383071343015
41000,0.3454898761446187
42000,0.3382204966578722
43000,0.3359769852197931
44000,0.3314822561974049
45000,0.3305902522600287
46000,0.3314822926968289
47000,0.33221326684876673
48000,0.3324624653701135
49000,0.33191532083680625
50000,0.3312096843020848
51000,0.329700930951352
52000,0.32794131731219395
53000,0.3280717982175269
54000,0.325562914811715
55000,0.32570803754952443
56000,0.32452906932373426
