16000,0.08880153104432198
16000,0.08880153104432198
18000,0.24982100213362846
18000,0.24982100213362846
18000,0.24982100213362846
21000,0.24753396825758042
21000,0.24753396825758042
23000,0.23124256322402614
23000,0.23124256322402614
23000,0.23124256322402614
23000,0.23124256322402614
23000,0.23124256322402614
23000,0.23124256322402614
23000,0.23124256322402614
23000,0.23124256322402614
31000,0.23445846922102231
31000,0.23445846922102231
33000,0.2612614580894565
33000,0.2612614580894565
33000,0.2612614580894565
33000,0.2612614580894565
37000,0.29915012931967466
38000,0.29768059456231455
38000,0.29768059456231455
38000,0.29768059456231455
38000,0.29768059456231455
42000,0.2887340497869823
43000,0.2831719654503931
44000,0.2736687770730589
44000,0.2736687770730589
44000,0.2736687770730589
44000,0.2736687770730589
44000,0.2736687770730589
49000,0.2634410927723304
49000,0.2634410927723304
51000,0.27746103369899944
51000,0.27746103369899944
51000,0.27746103369899944
51000,0.27746103369899944
55000,0.27258336779000986
56000,0.26798578355333486
