1000,0.26992786171864996
2000,0.19842348473669125
3000,0.220298459252882
4000,0.2563879961059628
5000,0.30484280729198554
6000,0.35218849500320343
7000,0.40777587892011896
8000,0.38338832362215053
9000,0.34387668181371667
10000,0.318477011091515
11000,0.32204354720804884
12000,0.3214024589205481
13000,0.3095883286969113
14000,0.3049917088125605
15000,0.30242984975587234
16000,0.30441285399829376
17000,0.31218669761104223
18000,0.31569173133977185
19000,0.3146729210644008
20000,0.3185200777255971
21000,0.32042712416314145
22000,0.32494236667290427
23000,0.32487431787953136
24000,0.3220604599357854
25000,0.32347429160708974
26000,0.32208871115336374
27000,0.3229277934273545
28000,0.3199789790893467
29000,0.3175692933929542
30000,0.308629782080974
31000,0.3093765328834291
32000,0.3049431342751583
33000,0.3043459948214329
34000,0.3080440074404713
35000,0.31137632697160483
36000,0.3105673524211996
37000,0.31737029730606325
38000,0.31837469571181504
39000,0.31382880413968406
40000,0.30744150722033037
41000,0.3075041840373907
42000,0.30252855954122604
43000,0.30046014885823163
44000,0.3006599304898605
45000,0.30196938426091335
46000,0.3032047096689674
47000,0.3022607107613993
48000,0.30230762345012413
49000,0.30482878228885907
50000,0.30304986777642945
51000,0.3011368078106342
52000,0.3022941729419695
53000,0.30110417508824855
54000,0.30140507794079574
55000,0.30186195165277924
56000,0.30173344519279965
