1000,0.6055259500898339
2000,0.4887217499666638
3000,0.4768788185501225
4000,0.5092519463943125
5000,0.538583321287913
6000,0.5803189029482804
7000,0.6263769720300962
8000,0.5864869871926355
9000,0.5619848652516565
10000,0.5365929397900743
11000,0.5494610112245324
12000,0.5593744715186667
13000,0.552207581174622
14000,0.553237823007931
15000,0.5416859458999157
16000,0.5335904515163153
17000,0.5381002323629366
18000,0.5412004439290529
19000,0.5434476453264595
20000,0.5274426232144934
21000,0.5241637870111364
22000,0.5231672541244081
23000,0.518032414368861
24000,0.5135179012308385
25000,0.5145051068843659
26000,0.5125356170410231
27000,0.5078953756375687
28000,0.5068508563062678
29000,0.5084653266856769
30000,0.5051826471400133
31000,0.5099532815459448
32000,0.500770419126476
33000,0.49367440991388045
34000,0.48682501248201315
35000,0.48600991815320044
36000,0.4832509136420736
37000,0.48702632625460507
38000,0.4857656635489868
39000,0.4814520408774576
40000,0.47587840488255084
41000,0.47598686959505737
42000,0.4673426141214171
43000,0.46144109939302524
44000,0.45753550092544937
45000,0.45937145067869223
46000,0.45704694971284876
47000,0.45856617132601674
48000,0.4580595575474988
49000,0.45730561460683145
50000,0.45456739926434925
51000,0.45384287685736985
52000,0.4530430268411063
53000,0.45053107052546315
54000,0.44867980924936757
55000,0.44459571344167226
56000,0.4455963840816914
