7000,0.5493520102891409
7000,0.5493520102891409
9000,0.3025075988430501
9000,0.3025075988430501
9000,0.3025075988430501
12000,0.27854231439810445
12000,0.27854231439810445
12000,0.27854231439810445
12000,0.27854231439810445
16000,0.2203689769356264
16000,0.2203689769356264
18000,0.26473484897491534
18000,0.26473484897491534
18000,0.26473484897491534
21000,0.2696621333014239
22000,0.25655657604604326
23000,0.24866008142191193
24000,0.2489762111736079
24000,0.2489762111736079
24000,0.2489762111736079
24000,0.2489762111736079
24000,0.2489762111736079
24000,0.2489762111736079
24000,0.2489762111736079
31000,0.24551693641380756
31000,0.24551693641380756
33000,0.2531084738864179
33000,0.2531084738864179
33000,0.2531084738864179
33000,0.2531084738864179
37000,0.27860351553569096
38000,0.26767741162154823
39000,0.2542978761366888
40000,0.24297091242846225
40000,0.24297091242846225
42000,0.2376636105519721
43000,0.23759689876620085
44000,0.2360183293162978
44000,0.2360183293162978
44000,0.2360183293162978
44000,0.2360183293162978
44000,0.2360183293162978
49000,0.23338046437985163
49000,0.23338046437985163
51000,0.2374994344607373
51000,0.2374994344607373
51000,0.2374994344607373
51000,0.2374994344607373
55000,0.23236536094666863
56000,0.22814786123007622
