16000,0.09295249374390124
16000,0.09295249374390124
18000,0.25455162085050986
18000,0.25455162085050986
18000,0.25455162085050986
18000,0.25455162085050986
18000,0.25455162085050986
23000,0.2393058853505874
23000,0.2393058853505874
23000,0.2393058853505874
23000,0.2393058853505874
23000,0.2393058853505874
23000,0.2393058853505874
23000,0.2393058853505874
23000,0.2393058853505874
31000,0.2672826383178045
31000,0.2672826383178045
33000,0.257390662079239
33000,0.257390662079239
33000,0.257390662079239
33000,0.257390662079239
37000,0.26370110764191057
38000,0.26528851607456205
38000,0.26528851607456205
38000,0.26528851607456205
38000,0.26528851607456205
38000,0.26528851607456205
38000,0.26528851607456205
38000,0.26528851607456205
38000,0.26528851607456205
38000,0.26528851607456205
38000,0.26528851607456205
38000,0.26528851607456205
38000,0.26528851607456205
38000,0.26528851607456205
38000,0.26528851607456205
38000,0.26528851607456205
38000,0.26528851607456205
38000,0.26528851607456205
55000,0.2520385409562743
55000,0.2520385409562743
