16000,0.1170703085402569
16000,0.1170703085402569
18000,0.2622258852681061
18000,0.2622258852681061
18000,0.2622258852681061
18000,0.2622258852681061
18000,0.2622258852681061
23000,0.239857773865385
23000,0.239857773865385
23000,0.239857773865385
23000,0.239857773865385
23000,0.239857773865385
23000,0.239857773865385
23000,0.239857773865385
23000,0.239857773865385
31000,0.28052768648115717
31000,0.28052768648115717
33000,0.26731129573468687
33000,0.26731129573468687
33000,0.26731129573468687
33000,0.26731129573468687
37000,0.27529232444978324
38000,0.2798879071392762
38000,0.2798879071392762
38000,0.2798879071392762
38000,0.2798879071392762
38000,0.2798879071392762
38000,0.2798879071392762
38000,0.2798879071392762
38000,0.2798879071392762
38000,0.2798879071392762
38000,0.2798879071392762
38000,0.2798879071392762
38000,0.2798879071392762
38000,0.2798879071392762
38000,0.2798879071392762
38000,0.2798879071392762
38000,0.2798879071392762
38000,0.2798879071392762
55000,0.2682669626973275
55000,0.2682669626973275
