1000,0.6012835754087971
2000,0.5367130683627837
3000,0.5605828969813375
4000,0.5904976846760382
5000,0.6413642872067981
6000,0.6432902670104849
7000,0.6720526944999529
8000,0.6349198362452786
9000,0.6055398934812538
10000,0.5776171230423739
11000,0.5841026980221478
12000,0.586381987539194
13000,0.5732471921740859
14000,0.5721981221642307
15000,0.5574462738924757
16000,0.5522776255367929
17000,0.5589201382203909
18000,0.55623140226299
19000,0.5520146439723741
20000,0.5377884284339004
21000,0.5331533750298966
22000,0.525655258146105
23000,0.5185474639933586
24000,0.5120975258622161
25000,0.5059493298111947
26000,0.5012029298337156
27000,0.48975523261931536
28000,0.4825250290166707
29000,0.4768511384419296
30000,0.46917886660601427
31000,0.4681679655850058
32000,0.4595102581164934
33000,0.45284341423796887
34000,0.4468790762908621
35000,0.4447735359373263
36000,0.43881340717848616
37000,0.4399097611910449
38000,0.4346463975039822
39000,0.4271369827222212
40000,0.4220169458091656
41000,0.4195564294989455
42000,0.41347239329045676
43000,0.4083962713499196
44000,0.4050940101574816
45000,0.4035222493512808
46000,0.40002708161093475
47000,0.39891563381279727
48000,0.3956701004241289
49000,0.3936584686209836
50000,0.3893503697998513
51000,0.38665007765696985
52000,0.3831423169485965
53000,0.3806108372628604
54000,0.3775862076969753
55000,0.3732571776394821
56000,0.37300840012253744
