16000,0.08911184761807478
16000,0.08911184761807478
18000,0.18769230311998286
18000,0.18769230311998286
18000,0.18769230311998286
18000,0.18769230311998286
18000,0.18769230311998286
18000,0.18769230311998286
18000,0.18769230311998286
18000,0.18769230311998286
18000,0.18769230311998286
18000,0.18769230311998286
18000,0.18769230311998286
18000,0.18769230311998286
18000,0.18769230311998286
31000,0.22268458433258717
31000,0.22268458433258717
31000,0.22268458433258717
31000,0.22268458433258717
31000,0.22268458433258717
31000,0.22268458433258717
37000,0.23357335771705912
38000,0.2217896419895423
38000,0.2217896419895423
38000,0.2217896419895423
38000,0.2217896419895423
38000,0.2217896419895423
38000,0.2217896419895423
38000,0.2217896419895423
38000,0.2217896419895423
38000,0.2217896419895423
38000,0.2217896419895423
38000,0.2217896419895423
38000,0.2217896419895423
38000,0.2217896419895423
38000,0.2217896419895423
38000,0.2217896419895423
38000,0.2217896419895423
38000,0.2217896419895423
55000,0.2037212107353655
55000,0.2037212107353655
