2000,0.23412184876386677
3000,0.2694374896430767
4000,0.20350160523534988
5000,0.220278169508516
6000,0.29595887374070834
7000,0.4550920297008001
8000,0.4218566986372967
9000,0.3726738438919123
10000,0.330876146044869
11000,0.32818587101349317
12000,0.3280912625300138
13000,0.32293347984315907
13000,0.32293347984315907
15000,0.3108900742338768
16000,0.3039849429118071
17000,0.3017198157149744
18000,0.3194939031028904
19000,0.3200036194246718
20000,0.31778066293252805
21000,0.3112990573399585
22000,0.31192983548219294
23000,0.307857827745476
24000,0.31221384279469566
25000,0.3128438823323682
26000,0.313224024553337
26000,0.313224024553337
28000,0.3094354179328847
29000,0.30398261154187717
29000,0.30398261154187717
31000,0.32511395937670307
32000,0.32121681072056113
33000,0.30787557271255195
34000,0.30936005478122985
35000,0.3105402365743518
36000,0.30697678266515743
37000,0.3203310350827381
38000,0.32060582384105335
39000,0.31627486329388865
40000,0.31027814563453254
41000,0.3073005592385607
42000,0.3049887890099704
43000,0.3061460641107723
44000,0.3080581291512531
44000,0.3080581291512531
44000,0.3080581291512531
44000,0.3080581291512531
48000,0.30422701835476734
49000,0.30621925994636545
49000,0.30621925994636545
51000,0.3062197668326288
51000,0.3062197668326288
53000,0.30261344182925837
54000,0.30251051217900393
55000,0.3023423436881152
56000,0.3018107392437423
