1000,0.6169362415060449
2000,0.5300020774789123
3000,0.5242621403132823
4000,0.5624724109921794
5000,0.6537481508786034
6000,0.6586800285114293
7000,0.7127903034411553
8000,0.6678303935296451
9000,0.6278201668508923
10000,0.5969729440645011
11000,0.6042261976418501
12000,0.6159564943380392
13000,0.599266838827709
14000,0.5995921499182884
15000,0.5876471284049746
16000,0.5776815456598171
17000,0.5903835580322893
18000,0.5909586960161786
19000,0.5884201835542949
20000,0.5722961659432112
21000,0.5719505288678413
22000,0.5674418264120369
23000,0.5639848997156993
24000,0.5571220020504906
25000,0.5551924031872758
26000,0.5488180296737191
27000,0.5414560302474039
28000,0.539432856298841
29000,0.5388030722333286
30000,0.5335621487292703
31000,0.534641077930308
32000,0.5264556513389352
33000,0.5192624279491466
34000,0.5133706425848702
35000,0.511510836823293
36000,0.5067965651800966
37000,0.5100373896271952
38000,0.5099428365562589
39000,0.5057538505014579
40000,0.49964947547823346
41000,0.49862971844725273
42000,0.49027133051411753
43000,0.48643330871710816
44000,0.4815646650604769
45000,0.48242349416700414
46000,0.4805745765215675
47000,0.4820459302514901
48000,0.4805971946795324
49000,0.4779300654406667
50000,0.4741500656431473
51000,0.4728388853111564
52000,0.47086921854838243
53000,0.46836067939873377
54000,0.4665644869053115
55000,0.4629491694640275
56000,0.46208037775484395
