1000,0.9112883052718322
2000,0.770029751716447
3000,0.7773763499277148
4000,0.7875844481103877
5000,0.7569517715573193
6000,0.8082251538098421
7000,0.8737404176969967
8000,0.8196538569687176
9000,0.7928928472088599
10000,0.7570142945691793
11000,0.7903771751224086
12000,0.8015036743115383
13000,0.7967435681113264
14000,0.7986799543353859
15000,0.7719391394767231
16000,0.767624879836065
17000,0.7749987822437112
18000,0.7764956713130128
19000,0.7739792703158849
20000,0.7552947980803062
21000,0.7492045865644206
22000,0.73790450453365
23000,0.7351166288551222
24000,0.7293573094200969
25000,0.7212417298810766
26000,0.7181960412884852
27000,0.7030221830232226
28000,0.6935006576114753
29000,0.6831976395604872
30000,0.6719678563744065
31000,0.6757030502914441
32000,0.6646308469193751
33000,0.6568200673373015
34000,0.6449261957027582
35000,0.6401566604861523
36000,0.6336380503290479
37000,0.6364726653365443
38000,0.6274141765599103
39000,0.6170418052491136
40000,0.6107453099538898
41000,0.6048230835581914
42000,0.5949553453943585
43000,0.5864434550142451
44000,0.5821174308430452
45000,0.5800029235214235
46000,0.575880266896828
47000,0.5720568513009678
48000,0.5687369170529692
49000,0.5681939247656187
50000,0.5607404417105795
51000,0.5558110557135668
52000,0.5513300921929091
53000,0.5463790281525935
54000,0.541571785638347
55000,0.5344092861765309
56000,0.5360142408115033
