7000,0.5248791587332562
7000,0.5248791587332562
9000,0.2906296177569061
9000,0.2906296177569061
9000,0.2906296177569061
12000,0.2718277755713814
12000,0.2718277755713814
12000,0.2718277755713814
12000,0.2718277755713814
16000,0.22922849204000117
16000,0.22922849204000117
18000,0.28360613759393016
18000,0.28360613759393016
18000,0.28360613759393016
21000,0.28087461770714456
22000,0.2658456591643587
23000,0.2580170276313378
24000,0.2550902878400865
24000,0.2550902878400865
24000,0.2550902878400865
24000,0.2550902878400865
24000,0.2550902878400865
24000,0.2550902878400865
24000,0.2550902878400865
31000,0.25020974657450074
31000,0.25020974657450074
33000,0.25152037856392073
33000,0.25152037856392073
33000,0.25152037856392073
33000,0.25152037856392073
37000,0.28653765233840656
38000,0.2791371301797275
39000,0.2647141763677853
40000,0.25238648814528464
40000,0.25238648814528464
42000,0.2476548018240402
43000,0.24397915082362642
44000,0.24316920282542856
44000,0.24316920282542856
44000,0.24316920282542856
44000,0.24316920282542856
44000,0.24316920282542856
49000,0.2400699265682744
49000,0.2400699265682744
51000,0.24313981951125246
51000,0.24313981951125246
51000,0.24313981951125246
51000,0.24313981951125246
55000,0.23985034848816264
56000,0.23977999773961886
