1000,0.5310215153845258
2000,0.35172330081077224
3000,0.3513380120366172
4000,0.39271950493009866
5000,0.4223702273906937
6000,0.4620664630571146
7000,0.5046673891057233
8000,0.44797167957768946
9000,0.4316817614114226
10000,0.4052099235534088
11000,0.4195830774916221
12000,0.43343726595110227
13000,0.43151660400830627
14000,0.4286472710908172
15000,0.4203041310027467
16000,0.40827613434072785
17000,0.40635833787432074
18000,0.41127006134888006
19000,0.40961826129844553
20000,0.4024159190852473
21000,0.3990788469339426
22000,0.4011621436148755
23000,0.39910541999670923
24000,0.3955623474918004
25000,0.39803674351043355
26000,0.4041980108394086
27000,0.3983390956970828
28000,0.3964091671220124
29000,0.3952852709013439
30000,0.3909556949631962
31000,0.39588062178871714
32000,0.38927118117172693
33000,0.38585208670107546
34000,0.38175204620665126
35000,0.3807438175669353
36000,0.37879006633763546
37000,0.3836732447636344
38000,0.38671826865668674
39000,0.3840861894125929
40000,0.37987186489872976
41000,0.37954314117606114
42000,0.37446840035057677
43000,0.36859113455720843
44000,0.36522412006672883
45000,0.3658417253815899
46000,0.3667999449526828
47000,0.3685565685895976
48000,0.36824226330605686
49000,0.36861962255244124
50000,0.36632625263584107
51000,0.3642947148534886
52000,0.36239272429019237
53000,0.361575530440796
54000,0.35897816084844564
55000,0.3571314267628404
56000,0.3579624660635117
