1000,0.35081816131884747
2000,0.23529742326924508
3000,0.252660243273017
4000,0.32018379546490483
5000,0.364552402284926
6000,0.4161128534083846
7000,0.44903655925279706
8000,0.4227364113882137
9000,0.3919725862926071
10000,0.3666894640036124
11000,0.3700962133698561
12000,0.36711605733849234
13000,0.35947915144698883
14000,0.35484453766229873
15000,0.3462816335606014
16000,0.3437573479366055
17000,0.3437929455667083
18000,0.3479640224504315
19000,0.34612180981254237
20000,0.3377931601138671
21000,0.3378814553645932
22000,0.3400366109021277
23000,0.3406743371535329
24000,0.3380195342712656
25000,0.3391835192065639
26000,0.33766074705717625
27000,0.33400423245487576
28000,0.3328519405904452
29000,0.3292073018184363
30000,0.3226527480614698
31000,0.322568416124901
32000,0.3177957436992186
33000,0.313626130225373
34000,0.31318752942574435
35000,0.3180750090384166
36000,0.31441274932356933
37000,0.32095104738826175
38000,0.32334901830971363
39000,0.3200846243430092
40000,0.31334850782963064
41000,0.3127075572563489
42000,0.3076496222497077
43000,0.30717001734350075
44000,0.3029923774006419
45000,0.30353948457974783
46000,0.3058204649040496
47000,0.30603966403913074
48000,0.3048767987039169
49000,0.30329865971944875
50000,0.3014307295253369
51000,0.30013955398131187
52000,0.3004286739809678
53000,0.30048427190416227
54000,0.30064071138235693
55000,0.30211585868869256
56000,0.30160406486480834
