7000,0.7928812701509007
7000,0.7928812701509007
9000,0.43981810423096085
9000,0.43981810423096085
9000,0.43981810423096085
12000,0.39771366120937324
13000,0.3440110009700965
13000,0.3440110009700965
13000,0.3440110009700965
16000,0.2869356208865878
16000,0.2869356208865878
18000,0.35965705174556684
18000,0.35965705174556684
18000,0.35965705174556684
21000,0.3509362252371145
22000,0.33264915529968125
23000,0.3203352611047302
24000,0.3144350205080695
24000,0.3144350205080695
26000,0.314530409352904
26000,0.314530409352904
28000,0.31244207316664957
28000,0.31244207316664957
28000,0.31244207316664957
31000,0.3166179056897243
31000,0.3166179056897243
33000,0.31615090098672605
33000,0.31615090098672605
33000,0.31615090098672605
33000,0.31615090098672605
37000,0.3349407526855466
38000,0.31620588862658
39000,0.30407984870037985
40000,0.2945967181439778
41000,0.2873680269925964
42000,0.2847191552213774
43000,0.2879230873404666
44000,0.28873962624078964
44000,0.28873962624078964
44000,0.28873962624078964
44000,0.28873962624078964
44000,0.28873962624078964
49000,0.28402990169689407
49000,0.28402990169689407
51000,0.2828114385710168
51000,0.2828114385710168
51000,0.2828114385710168
51000,0.2828114385710168
55000,0.27649820643619055
56000,0.2785546978395639
