1000,0.216230747085433
2000,0.17622120053347556
3000,0.23903082458236624
4000,0.23564000115851394
5000,0.3058150628075401
6000,0.320140403002719
7000,0.38967338417986275
8000,0.37671974738410413
9000,0.3302747633658973
10000,0.31730209514972285
11000,0.3172127482040643
12000,0.3120786205628458
13000,0.3069047947039197
14000,0.30680934412706834
15000,0.30353413321467543
16000,0.2998343478349821
17000,0.3050885990387944
18000,0.3067545698677183
19000,0.3064177064075797
20000,0.30981038418633605
21000,0.3037997625855107
22000,0.30485255466963473
23000,0.3022292938349394
24000,0.3046637751114118
25000,0.30532321729243983
26000,0.30561993518280983
27000,0.3071983337976408
28000,0.30267522893930077
29000,0.2982861241867774
30000,0.29461010732623266
31000,0.30335891299051193
32000,0.303817852690814
33000,0.3019226595103066
34000,0.304425811435924
35000,0.30734216044373625
36000,0.3046953781173051
37000,0.3125996072359746
38000,0.3146237608460638
39000,0.31161941723720443
40000,0.30710640068506634
41000,0.30659425975995863
42000,0.3039089830833469
43000,0.30402350910063636
44000,0.30434346815195695
44000,0.30434346815195695
46000,0.3042037812722398
47000,0.3043852664822542
48000,0.3032727392555147
49000,0.30379330205133315
50000,0.30130725570789835
51000,0.30360416425181874
52000,0.3036854723981105
53000,0.30184908304332236
54000,0.30190983054544074
55000,0.30250368947791295
56000,0.30291644974297843
