4000,0.03076063965244913
4000,0.03076063965244913
6000,0.25535855444363875
7000,0.3337021367155054
7000,0.3337021367155054
9000,0.2670676662652072
10000,0.2746260352227042
10000,0.2746260352227042
12000,0.26124665123482915
13000,0.25615359169039936
13000,0.25615359169039936
13000,0.25615359169039936
16000,0.2373706347992648
17000,0.23690997717705475
18000,0.2789622322177291
19000,0.27773155059810023
20000,0.2741347633719935
21000,0.2820347007826336
22000,0.29327597182930293
23000,0.28829073011519907
24000,0.2888151100252877
24000,0.2888151100252877
26000,0.29428114817124623
26000,0.29428114817124623
28000,0.29627640325201093
28000,0.29627640325201093
28000,0.29627640325201093
31000,0.31250550714291686
31000,0.31250550714291686
33000,0.3080358900433955
34000,0.3026169991059879
34000,0.3026169991059879
34000,0.3026169991059879
37000,0.3139887325299772
38000,0.3122026861706104
39000,0.3030078864117086
40000,0.29459845714385163
41000,0.2886519895820322
42000,0.2875695047841881
43000,0.2917273881805945
44000,0.2902533127475153
44000,0.2902533127475153
44000,0.2902533127475153
44000,0.2902533127475153
44000,0.2902533127475153
49000,0.28999338768263655
49000,0.28999338768263655
51000,0.2877060370095066
51000,0.2877060370095066
51000,0.2877060370095066
51000,0.2877060370095066
55000,0.2816883884208612
56000,0.27948712557054
