1000,0.5737490258260776
2000,0.37337543413869084
3000,0.36725747831503675
4000,0.44861399412436315
5000,0.5092664596906565
6000,0.5168123948792965
7000,0.5707810898786383
8000,0.5074939402661286
9000,0.47518149381596086
10000,0.44398980797123044
11000,0.45196085034297023
12000,0.4585935843322151
13000,0.45377475202975326
14000,0.4502564340160158
15000,0.44359490343511726
16000,0.43212226947185406
17000,0.4364837295468261
18000,0.4396160730224204
19000,0.43380745231474743
20000,0.42743756514185766
21000,0.42173063221461815
22000,0.4202503212157155
23000,0.4172102574041888
24000,0.4094888194214648
25000,0.41120710422139073
26000,0.4127086500128269
27000,0.4057116378412768
28000,0.4028498152302864
29000,0.39962546002274557
30000,0.3945334138715934
31000,0.3980233302475265
32000,0.39165441103665694
33000,0.38726356903199327
34000,0.38377242647054954
35000,0.38358849687930613
36000,0.3801198756516597
37000,0.3864183278913132
38000,0.3883006647469575
39000,0.38526948974905123
40000,0.3807391663780361
41000,0.3810106336711343
42000,0.37591528205541785
43000,0.37183181162553797
44000,0.36801974742652205
45000,0.3679394890001634
46000,0.3693042418283323
47000,0.3714889017098062
48000,0.37099477578554835
49000,0.3700537513146129
50000,0.36747807401357846
51000,0.3659408890854761
52000,0.3634089518846278
53000,0.36383481051122435
54000,0.36173735096025106
55000,0.36113998613306453
56000,0.3611154915894474
