1000,0.19609411990217085
2000,0.16792073170617794
3000,0.2272107615743474
4000,0.19943133331908824
5000,0.22159198384810708
6000,0.2618164880050657
7000,0.3327249377420272
8000,0.3192992007322582
9000,0.28299387447907653
10000,0.27228161980864934
11000,0.277854495765949
12000,0.2834813347893258
13000,0.2801731192018832
14000,0.28034824496077176
15000,0.2776141028479434
16000,0.276781462622678
17000,0.281044821338339
18000,0.28557428145093744
19000,0.28935558152839774
20000,0.290577169515783
21000,0.2872104873325542
22000,0.2880157114285369
23000,0.2878444117169694
24000,0.29244011480515086
25000,0.29363964584451274
26000,0.29626980416160487
27000,0.29859425566895453
28000,0.2949157290042594
29000,0.2907652368518884
30000,0.28726850406194165
31000,0.2989511163833296
32000,0.29890326480264245
33000,0.2913906807957688
34000,0.293243266955048
35000,0.2955027031802298
36000,0.2940624766294833
37000,0.30411569414936496
38000,0.3080992001081986
39000,0.30513743268823185
40000,0.30204367716531394
41000,0.3022378739049838
42000,0.30041020234878985
43000,0.3007121431993888
44000,0.3025935637687651
44000,0.3025935637687651
46000,0.3021186151865431
47000,0.3020902211580201
48000,0.3015883069682098
49000,0.3021538101731451
50000,0.3001554492268215
51000,0.30310377924159904
52000,0.3032364624521216
53000,0.3016877950717569
54000,0.30174187623630555
55000,0.30195698973171997
56000,0.3029950791436179
