1000,0.34472196535171556
2000,0.2310384881311261
3000,0.24808702830851398
4000,0.2719504240201039
5000,0.28125374929262276
6000,0.3470340856658215
7000,0.3698696377907754
8000,0.34628152322318645
9000,0.32235465495479065
10000,0.30435231511565847
11000,0.3129715346582823
12000,0.32046104533113934
13000,0.3213234379617666
14000,0.31956864374387695
15000,0.3115430530925328
16000,0.31239198184790906
17000,0.31251283034769733
18000,0.32365538643656655
19000,0.3266968688539383
20000,0.3154400492174868
21000,0.3170325589731798
22000,0.31786327094537953
23000,0.3178581986765496
24000,0.31640419806810716
25000,0.3183202043327182
26000,0.31914878152215786
27000,0.3169168464839262
28000,0.3161372854788675
29000,0.31348095589445957
30000,0.3073908860872288
31000,0.3149943773301235
32000,0.30848601989722046
33000,0.30219731333534783
34000,0.30103297445295857
35000,0.30419203943177586
36000,0.3019237392246408
37000,0.31167220529543344
38000,0.31515392845650086
39000,0.3123144088353838
40000,0.30613530617758516
41000,0.30491197521231234
42000,0.30015458751783125
43000,0.29877299620037867
44000,0.29497945097004113
45000,0.2958359833906931
46000,0.297965034053198
47000,0.2979059653571408
48000,0.29712797389759893
49000,0.29607402188435955
50000,0.29500343415951236
51000,0.29365922474167433
52000,0.29395303145178936
53000,0.2936242657656506
54000,0.2940257658162566
55000,0.29352627812082793
56000,0.292753751908948
