1000,0.7791447359666555
2000,0.6699988394747283
3000,0.7056309220787412
4000,0.7547147639626848
5000,0.8223352211608587
6000,0.818121129854798
7000,0.8912205325370708
8000,0.83932429743951
9000,0.7991535550962674
10000,0.7663102872485033
11000,0.7768997092334736
12000,0.7940767879068317
13000,0.7838408070007162
14000,0.7795514111001651
15000,0.7595705155695031
16000,0.7525776786307993
17000,0.7700861572275056
18000,0.7677289199924804
19000,0.7605219884412427
20000,0.7410587892673831
21000,0.7375631171277812
22000,0.7255329542535388
23000,0.718704401068579
24000,0.7099339433315237
25000,0.6977775217167952
26000,0.6893650858734006
27000,0.6715094247519127
28000,0.6627907787193821
29000,0.654789908042863
30000,0.6427965283323611
31000,0.642616483628004
32000,0.6318638075041364
33000,0.6216262526164262
34000,0.6130741923374919
35000,0.6077688968764198
36000,0.5994467512617342
37000,0.601950760959438
38000,0.5961850640939129
39000,0.5856428456532402
40000,0.5797195853970246
41000,0.576225743840904
42000,0.5682405904812164
43000,0.5625762494926536
44000,0.5574483245300313
45000,0.5557668769519795
46000,0.5517026918402076
47000,0.5496039826384735
48000,0.5447762896621714
49000,0.54196446915442
50000,0.5356502380043675
51000,0.5319520491484461
52000,0.5272108909442803
53000,0.5239555641675335
54000,0.5197328661660725
55000,0.513561020633909
56000,0.5126440210356364
