1000,0.9532829206681314
2000,0.9107803279507014
3000,0.9131903571833996
4000,0.9744301236619464
5000,0.9760719531282017
6000,0.9854368003893053
7000,1.0466961761225912
8000,0.9926998849947506
9000,0.9559492168831816
10000,0.9259127020559067
11000,0.9373316635741201
12000,0.9475519296823702
13000,0.9381799568739309
14000,0.9453447269833841
15000,0.9248704752404926
16000,0.922285457428783
17000,0.9382357758379947
18000,0.9343316808566327
19000,0.928767369043551
20000,0.9063668435316294
21000,0.8997934659190852
22000,0.887318188468864
23000,0.8752532857943186
24000,0.8615656429293727
25000,0.8442346119684271
26000,0.8297516338011217
27000,0.8088659849287545
28000,0.7954473466049103
29000,0.7814981112718943
30000,0.7665183874984289
31000,0.7670343822156284
32000,0.7550838819058601
33000,0.7444210958487616
34000,0.7314578507132293
35000,0.7278833534501759
36000,0.7148143814678739
37000,0.7175769823870226
38000,0.7056793301078522
39000,0.6924380755484931
40000,0.6823741358851442
41000,0.680705892283918
42000,0.6703321448177427
43000,0.6629252919833193
44000,0.6561571561482847
45000,0.651139618447487
46000,0.6451935917487752
47000,0.6385469609207349
48000,0.6332659328611396
49000,0.6278576799788675
50000,0.6195317724721906
51000,0.6131351353698711
52000,0.6079166354049144
53000,0.6020111773007819
54000,0.596861100715204
55000,0.5875714226038642
56000,0.5875941877315284
