1000,0.264241600712499
2000,0.19958322213747448
3000,0.2118790946962321
4000,0.2213480508417855
5000,0.23554237478308077
6000,0.29662514348391705
7000,0.3414029404988975
8000,0.3198938257196764
9000,0.28871462539662923
10000,0.2728316571241662
11000,0.28231250679569475
12000,0.2885750605012485
13000,0.2817527036242447
14000,0.2791989739031427
15000,0.27589177316240376
16000,0.27691428637267373
17000,0.2817330467388895
18000,0.28915527769456056
19000,0.29178934053672884
20000,0.2924477856602826
21000,0.29717258091126103
22000,0.2998200845423954
23000,0.3006411301394023
24000,0.3004770080131981
25000,0.3022482822897906
26000,0.30324302966541317
27000,0.3056862983077515
28000,0.30390769255572986
29000,0.3019029808453678
30000,0.2935378608252612
31000,0.3011981941165301
32000,0.29449313498804847
33000,0.2895707592978235
34000,0.2937415070437963
35000,0.29687124395810505
36000,0.2974433836893577
37000,0.30816221612220385
38000,0.310337193777469
39000,0.3061000809256387
40000,0.3008017114476979
41000,0.30044591352616135
42000,0.29656087716125296
43000,0.29438319519585926
44000,0.2965907586812567
45000,0.29835098325725773
46000,0.29938532186569994
47000,0.29855824246508067
48000,0.2992302770328865
49000,0.30173420179003735
50000,0.3001505049336911
51000,0.29741370404231
52000,0.29873394845222834
53000,0.2973764084669983
54000,0.2980637336664835
55000,0.2983367997571627
56000,0.2985082913460154
