1000,-1.0
2000,-0.7
3000,-0.7333333333333334
4000,-0.75
5000,-0.76
6000,-0.7666666666666666
7000,-0.7857142857142857
8000,-0.6625
9000,-0.6111111111111112
10000,-0.55
11000,-0.5909090909090909
12000,-0.6083333333333333
13000,-0.5923076923076923
14000,-0.5928571428571429
15000,-0.5400000000000001
16000,-0.525
17000,-0.5294117647058824
18000,-0.5277777777777778
19000,-0.5210526315789474
20000,-0.48500000000000004
21000,-0.4714285714285714
22000,-0.45
23000,-0.43043478260869567
24000,-0.4208333333333334
25000,-0.41200000000000003
26000,-0.4115384615384616
27000,-0.38148148148148153
28000,-0.36071428571428577
29000,-0.34827586206896555
30000,-0.33000000000000007
31000,-0.335483870967742
32000,-0.30625
33000,-0.29090909090909095
34000,-0.2764705882352942
35000,-0.2685714285714286
36000,-0.25555555555555565
37000,-0.26216216216216226
38000,-0.2552631578947369
39000,-0.23333333333333342
40000,-0.21750000000000003
41000,-0.19250000000000003
42000,-0.17250000000000001
43000,-0.14250000000000002
44000,-0.12250000000000001
45000,-0.1025
46000,-0.0725
47000,-0.05500000000000001
48000,-0.05500000000000001
49000,-0.05500000000000001
50000,-0.045
51000,-0.020000000000000004
52000,0.009999999999999995
53000,0.025
54000,0.05
55000,0.057499999999999996
56000,0.05500000000000001
