1000,0.13606819398701192
2000,0.12594498805701732
3000,0.1371525797372063
4000,0.14402975835837423
5000,0.14457317683845758
6000,0.14396739760413765
7000,0.14540682592030083
8000,0.1388881148886867
9000,0.13397821722966102
10000,0.12788914850912989
11000,0.12765475991605357
12000,0.12685549512971192
13000,0.12372858467726754
14000,0.12379973232080894
15000,0.1207049922303607
16000,0.11991714131290791
17000,0.12129379617570735
18000,0.11965715780259213
19000,0.1188896494439656
20000,0.11549169044592418
21000,0.11393199254692132
22000,0.11181198019343852
23000,0.11005244660697391
24000,0.10839491464333453
25000,0.1064862973978743
26000,0.10517291789426683
27000,0.10272492354442538
28000,0.10088251447720853
29000,0.09926600170980111
30000,0.09777470398771887
31000,0.09720757574879474
32000,0.09560531651150087
33000,0.09404927518458642
34000,0.09271806556087754
35000,0.09199237367204789
36000,0.09061962262688515
37000,0.09038819571315135
38000,0.08889734181391663
39000,0.08738901964687289
40000,0.08646823111397679
41000,0.08593908508092438
42000,0.08476589637464799
43000,0.08356642947846288
44000,0.08278971473284236
45000,0.08222493917888238
46000,0.08141623735630318
47000,0.08074664536447443
48000,0.08021176895611765
49000,0.07966783751201417
50000,0.07874052694905549
51000,0.0779492238938224
52000,0.07722625826628736
53000,0.07655487582878262
54000,0.07606015021705793
55000,0.0750473632866686
56000,0.07488377997818003
