2000,0.0026090264141491737
2000,0.0026090264141491737
4000,0.060360939702129225
4000,0.060360939702129225
4000,0.060360939702129225
4000,0.060360939702129225
4000,0.060360939702129225
9000,0.07076711212737564
10000,0.0878583480879427
10000,0.0878583480879427
12000,0.06987209066089467
13000,0.07414698098950648
14000,0.06867347462160554
15000,0.09385317745241133
16000,0.11047659685429587
17000,0.1098232254601031
18000,0.10872712139493441
19000,0.10609616191719913
20000,0.09935455594542394
21000,0.10255595587824774
22000,0.09813196801482443
23000,0.09164227276499928
24000,0.08831020488335799
25000,0.08701028750573071
26000,0.08525178781804542
26000,0.08525178781804542
28000,0.08767181660476175
29000,0.08110673421837723
30000,0.0769638410591748
31000,0.07565694648063481
32000,0.07888844481688316
33000,0.07636940015857054
34000,0.07922628387529776
35000,0.08284679321185008
36000,0.08933065308275075
37000,0.09070279028165346
38000,0.0890326453227406
39000,0.08686264477257523
40000,0.08592443111636587
41000,0.08722019118799282
42000,0.08802625271944667
43000,0.0875006133366507
44000,0.08897827296253018
45000,0.09156102518656832
45000,0.09156102518656832
47000,0.09112366422172342
48000,0.09395365776979216
49000,0.09121720393880678
49000,0.09121720393880678
51000,0.09110515953151346
52000,0.08952731042028987
53000,0.08871876229613732
54000,0.08795295535057883
55000,0.08764958580780528
56000,0.0886686160523675
