1000,0.13837491303237193
2000,0.1120363264537309
3000,0.13826439854048742
4000,0.10786649686400954
5000,0.10285485923184792
6000,0.11069461250294141
7000,0.15294261499796086
8000,0.13608657956714662
9000,0.13175665434770492
10000,0.12844704918369346
11000,0.13303132399162393
12000,0.11428888125546685
13000,0.1262734635319474
14000,0.13123911276594535
15000,0.14016512217793944
16000,0.14313831910431507
17000,0.1458647877954372
18000,0.14318555040700368
19000,0.13757411681140852
20000,0.1405994609139755
21000,0.14479386604832
22000,0.14095004869372263
23000,0.13960757703380927
24000,0.13863481000790379
25000,0.13807031415992752
26000,0.13981555670122947
27000,0.14113674163775428
28000,0.14243700310177748
29000,0.13598974034352973
30000,0.1328250096348242
31000,0.13120703471926093
32000,0.1303135301736251
33000,0.1285129666273957
34000,0.1292525704894781
35000,0.12955050137303323
36000,0.13331315799114393
37000,0.13363610582458882
38000,0.1344621655797274
39000,0.1333343205827198
40000,0.1317652138095573
41000,0.13301181277197063
42000,0.13475242540496535
43000,0.1354907088540083
44000,0.13611131543147856
45000,0.13635850794124518
46000,0.1376998132413728
47000,0.13796226762790564
48000,0.13858908299903758
49000,0.14008911834910523
49000,0.14008911834910523
51000,0.13730692930995328
52000,0.13663917644875193
53000,0.13366610903270634
54000,0.13272610439139562
55000,0.13405442060841974
56000,0.13396958300978226
