10000,0.32779788519065534
10000,0.32779788519065534
10000,0.32779788519065534
10000,0.32779788519065534
10000,0.32779788519065534
10000,0.32779788519065534
10000,0.32779788519065534
17000,0.20306918764173373
17000,0.20306918764173373
17000,0.20306918764173373
17000,0.20306918764173373
21000,0.1529618354514004
22000,0.10793022292856029
23000,0.09316463452368065
23000,0.09316463452368065
23000,0.09316463452368065
23000,0.09316463452368065
23000,0.09316463452368065
23000,0.09316463452368065
23000,0.09316463452368065
23000,0.09316463452368065
23000,0.09316463452368065
32000,0.08240672610647633
32000,0.08240672610647633
32000,0.08240672610647633
32000,0.08240672610647633
32000,0.08240672610647633
32000,0.08240672610647633
32000,0.08240672610647633
32000,0.08240672610647633
32000,0.08240672610647633
41000,0.08475232653881534
41000,0.08475232653881534
43000,0.09710542827590528
43000,0.09710542827590528
45000,0.10195132585361617
45000,0.10195132585361617
47000,0.10036964493337572
47000,0.10036964493337572
49000,0.09379137733624378
49000,0.09379137733624378
49000,0.09379137733624378
52000,0.09094560979677402
52000,0.09094560979677402
52000,0.09094560979677402
55000,0.09568902560401567
55000,0.09568902560401567
