10000,0.27180983721386653
10000,0.27180983721386653
10000,0.27180983721386653
10000,0.27180983721386653
10000,0.27180983721386653
10000,0.27180983721386653
10000,0.27180983721386653
17000,0.2512206736460426
17000,0.2512206736460426
17000,0.2512206736460426
17000,0.2512206736460426
17000,0.2512206736460426
22000,0.14724556251681029
23000,0.11781707036202267
23000,0.11781707036202267
23000,0.11781707036202267
23000,0.11781707036202267
23000,0.11781707036202267
23000,0.11781707036202267
23000,0.11781707036202267
23000,0.11781707036202267
23000,0.11781707036202267
32000,0.10079382719082243
32000,0.10079382719082243
32000,0.10079382719082243
32000,0.10079382719082243
32000,0.10079382719082243
32000,0.10079382719082243
32000,0.10079382719082243
32000,0.10079382719082243
32000,0.10079382719082243
41000,0.10615976017806646
41000,0.10615976017806646
41000,0.10615976017806646
41000,0.10615976017806646
41000,0.10615976017806646
41000,0.10615976017806646
47000,0.09710837982526015
47000,0.09710837982526015
47000,0.09710837982526015
47000,0.09710837982526015
47000,0.09710837982526015
52000,0.08744055460881024
52000,0.08744055460881024
52000,0.08744055460881024
52000,0.08744055460881024
52000,0.08744055460881024
