9000,0.017138537653720087
10000,0.09117977189977422
10000,0.09117977189977422
10000,0.09117977189977422
13000,0.06852342142235002
13000,0.06852342142235002
13000,0.06852342142235002
13000,0.06852342142235002
17000,0.0853788054224817
18000,0.07703864823368813
18000,0.07703864823368813
20000,0.09820630758864479
21000,0.08731492244789843
22000,0.07786416433690996
23000,0.07282186600688655
23000,0.07282186600688655
25000,0.06819199530547383
26000,0.06450554890785956
26000,0.06450554890785956
26000,0.06450554890785956
29000,0.06093953278753201
30000,0.058413277465708555
30000,0.058413277465708555
32000,0.05616287893297206
32000,0.05616287893297206
34000,0.062313589469819575
34000,0.062313589469819575
36000,0.07770049802478865
37000,0.0742804338822479
38000,0.07302314403468704
38000,0.07302314403468704
40000,0.0702416897353757
41000,0.07056068428964818
41000,0.07056068428964818
43000,0.07607719664872015
43000,0.07607719664872015
45000,0.08319295204190273
45000,0.08319295204190273
47000,0.08408756024154096
48000,0.090987794361608
49000,0.08845091895455733
49000,0.08845091895455733
49000,0.08845091895455733
52000,0.0882417794613282
52000,0.0882417794613282
52000,0.0882417794613282
55000,0.09019163670279601
56000,0.08774637570650486
