1000,0.29824622747607704
2000,0.3499003634084974
3000,0.30466310971845
4000,0.2946460256845576
5000,0.3279384769791232
6000,0.32852902547825164
7000,0.35655676175448525
8000,0.33797561350184097
9000,0.3540369926756434
10000,0.3483855920542673
11000,0.3532623328571254
12000,0.35008992804898453
13000,0.3466853863818814
14000,0.3393928710372569
15000,0.3399010638012449
16000,0.3467867929924069
17000,0.34969231145085794
18000,0.3432290034483982
19000,0.3392368103924139
20000,0.3343306286552347
21000,0.33407818685144197
22000,0.3311178028024367
23000,0.32845508327268563
24000,0.33006826943377426
25000,0.33211853098743066
26000,0.3351658180143775
27000,0.33525599712627224
28000,0.3341871102424574
29000,0.32739611856842066
30000,0.32359724397663586
31000,0.3263460604003282
32000,0.3261688257891351
33000,0.323052439950398
34000,0.3214245762810835
35000,0.3265902753806528
36000,0.3244289163264589
37000,0.32425266603509323
38000,0.3236420349078312
39000,0.32283594682101524
40000,0.32566018669181834
41000,0.32663790860488956
42000,0.32660063524724164
43000,0.32697751816542375
44000,0.3240924398970892
45000,0.32038517103553676
46000,0.32158970684295984
47000,0.3229796539876778
48000,0.32115591367346186
49000,0.3220369017153268
50000,0.3208833735887967
51000,0.31822196555765503
52000,0.31841711140049866
53000,0.31783602798342003
54000,0.3173093149587747
55000,0.31666246705131523
56000,0.31612765012531885
