2000,0.0029290552665988123
2000,0.0029290552665988123
4000,0.05773249681423757
4000,0.05773249681423757
4000,0.05773249681423757
4000,0.05773249681423757
4000,0.05773249681423757
9000,0.07887744926604201
10000,0.08848213669803087
10000,0.08848213669803087
12000,0.07012273117139323
13000,0.07784229195976837
14000,0.07150160429239878
15000,0.0918573288868146
16000,0.11311925775579522
17000,0.10967855414762558
18000,0.10800088466020331
19000,0.10929270945038803
20000,0.0978035478189264
21000,0.10002942350536001
22000,0.09498597790773407
23000,0.08890909860719778
24000,0.08599765469541916
25000,0.0848225255173552
26000,0.08183866934479768
26000,0.08183866934479768
28000,0.08365444350230174
29000,0.0775503085253873
30000,0.07384508934145947
31000,0.07261542335559308
32000,0.07604894201622896
33000,0.07378346720504299
34000,0.078613540834525
35000,0.08212825117515
36000,0.09037216192213901
37000,0.0927260426783046
38000,0.09114602967752897
39000,0.08892766971710646
40000,0.08796537845857282
41000,0.08891738290555275
42000,0.09020270184505447
43000,0.09080137854745782
44000,0.0923269709819825
45000,0.09784964141887072
45000,0.09784964141887072
47000,0.09673686029458566
48000,0.0994812949206157
49000,0.09654407929691548
49000,0.09654407929691548
51000,0.09646768368020668
52000,0.09484482869196752
53000,0.09399831103660071
54000,0.09316364532295475
55000,0.09392371894644842
56000,0.09461780919595152
