1000,0.36681532261842964
2000,0.37638750394520326
3000,0.3172289983541017
4000,0.29867639590547096
5000,0.3242717035042108
6000,0.3294796436910427
7000,0.35244363205018886
8000,0.34464926824703296
9000,0.3586765939182021
10000,0.350808990982674
11000,0.3581350247867918
12000,0.3545560524920995
13000,0.35685935916164424
14000,0.3494088310684351
15000,0.3524300331834908
16000,0.35926774853520477
17000,0.36006765513670164
18000,0.35224342617057314
19000,0.3505697179148196
20000,0.34500696292121474
21000,0.34342324486005865
22000,0.3391001577910592
23000,0.33610316402691054
24000,0.3373161441177257
25000,0.34168309918622247
26000,0.34649327509221023
27000,0.3501486292580523
28000,0.3501131579989624
29000,0.3417544849322472
30000,0.3376475642168182
31000,0.33818616831709464
32000,0.33802667288919314
33000,0.3374846038210425
34000,0.3363281083867785
35000,0.3407001737029505
36000,0.34061165778460045
37000,0.340481520108924
38000,0.3401791779693581
39000,0.33947630654940686
40000,0.3431850244671199
41000,0.34375408261833723
42000,0.343665785777513
43000,0.34424233936122617
44000,0.3417599852040603
45000,0.3401587081950081
46000,0.34145512897322405
47000,0.34323861736746275
48000,0.3424858904802818
49000,0.34280308189648934
50000,0.34109405176149427
51000,0.3381691072457322
52000,0.3375722236019492
53000,0.3368935226825378
54000,0.33546835442013595
55000,0.335271238790076
56000,0.3338091730575803
