1000,0.2651682893562557
2000,0.27584264174637374
3000,0.2512044917863652
4000,0.23819507212774582
5000,0.2663309738341182
6000,0.2665077868075594
7000,0.2825841740095076
8000,0.27575998647739824
9000,0.28819360193085203
10000,0.28377819297339474
11000,0.2975634826848684
12000,0.2963650307602787
13000,0.2971361436198336
14000,0.2923255542644181
15000,0.2936051356390416
16000,0.3001867373823754
17000,0.30591112787496394
18000,0.30087058426320806
19000,0.29479269016150006
20000,0.2931725440477661
21000,0.2876793280425618
22000,0.28392052049600575
23000,0.2887166847883646
24000,0.28926620684069887
25000,0.2936473193616309
26000,0.29691723024918565
27000,0.30399995530955837
28000,0.30550069326227436
29000,0.2972834187411432
30000,0.29624065479223083
31000,0.29655322547751833
32000,0.2981458003034278
33000,0.29741092567895505
34000,0.29678538376904445
35000,0.2999274363660034
36000,0.302936876474597
37000,0.3018395527394375
38000,0.3027249105428399
39000,0.3027284760475665
40000,0.3024627794065453
41000,0.30194554033198684
42000,0.30030948732087503
43000,0.3006855833310718
44000,0.30052688293257085
45000,0.2981097648874859
46000,0.29837870288529966
47000,0.30119787360918615
48000,0.30165426970225195
49000,0.3013346676505753
50000,0.2990161500853939
51000,0.2989622100517706
52000,0.2987114877849481
53000,0.29876978064169135
54000,0.2978996482238614
55000,0.29907536029617
56000,0.2997691368858103
