10000,0.22213907489913964
10000,0.22213907489913964
10000,0.22213907489913964
10000,0.22213907489913964
10000,0.22213907489913964
10000,0.22213907489913964
10000,0.22213907489913964
10000,0.22213907489913964
10000,0.22213907489913964
10000,0.22213907489913964
10000,0.22213907489913964
10000,0.22213907489913964
10000,0.22213907489913964
23000,0.1110786323273596
23000,0.1110786323273596
23000,0.1110786323273596
23000,0.1110786323273596
23000,0.1110786323273596
23000,0.1110786323273596
23000,0.1110786323273596
23000,0.1110786323273596
23000,0.1110786323273596
23000,0.1110786323273596
23000,0.1110786323273596
23000,0.1110786323273596
23000,0.1110786323273596
23000,0.1110786323273596
23000,0.1110786323273596
23000,0.1110786323273596
23000,0.1110786323273596
23000,0.1110786323273596
23000,0.1110786323273596
23000,0.1110786323273596
23000,0.1110786323273596
23000,0.1110786323273596
23000,0.1110786323273596
23000,0.1110786323273596
47000,0.08438880208284945
47000,0.08438880208284945
47000,0.08438880208284945
47000,0.08438880208284945
47000,0.08438880208284945
52000,0.07114486830317468
52000,0.07114486830317468
52000,0.07114486830317468
52000,0.07114486830317468
52000,0.07114486830317468
