1000,0.07861458900176066
2000,0.048551213662070755
2000,0.048551213662070755
4000,0.05142601916832534
5000,0.04559040858208835
5000,0.04559040858208835
7000,0.1778931394941394
8000,0.16520633837050333
9000,0.1518281342370057
10000,0.1478776874843594
10000,0.1478776874843594
12000,0.12297307415574696
13000,0.11477300496773245
14000,0.11517020957496395
15000,0.12529363202592622
16000,0.13521693110088276
17000,0.13720923521110745
18000,0.1339649638471965
19000,0.13413092607286267
20000,0.1303726522740561
21000,0.13474763092650457
22000,0.1277278061028749
23000,0.12490433584711501
24000,0.1215069642559598
25000,0.12005633597401619
26000,0.12551634332087153
27000,0.12835724597061277
28000,0.1269331250859327
29000,0.11940423892624767
30000,0.11561243082317302
31000,0.11299593824514087
32000,0.11362252103997178
33000,0.1114674522193516
34000,0.11474108043026685
35000,0.11534486585003946
36000,0.12148353174367418
37000,0.12211724876277609
38000,0.12081379905650179
39000,0.11876900145587171
40000,0.118225404523887
41000,0.11658597695462326
42000,0.1184474576545579
43000,0.12025406094574333
44000,0.12210780098785091
45000,0.12415475324273735
46000,0.12594004870346584
47000,0.12716958650734506
48000,0.1294972645554775
49000,0.12847668525052885
49000,0.12847668525052885
51000,0.12565403588364898
52000,0.1242242275062539
53000,0.1230448690560215
54000,0.1222520957294985
55000,0.12375811933725442
56000,0.12369850372283521
