10000,0.40955697763327414
10000,0.40955697763327414
10000,0.40955697763327414
10000,0.40955697763327414
10000,0.40955697763327414
10000,0.40955697763327414
10000,0.40955697763327414
17000,0.22262562041326595
17000,0.22262562041326595
17000,0.22262562041326595
17000,0.22262562041326595
21000,0.1694040666810992
22000,0.1182922296175714
23000,0.10419840529928871
23000,0.10419840529928871
23000,0.10419840529928871
23000,0.10419840529928871
23000,0.10419840529928871
23000,0.10419840529928871
23000,0.10419840529928871
23000,0.10419840529928871
23000,0.10419840529928871
32000,0.09332339872556172
32000,0.09332339872556172
32000,0.09332339872556172
32000,0.09332339872556172
32000,0.09332339872556172
32000,0.09332339872556172
32000,0.09332339872556172
32000,0.09332339872556172
32000,0.09332339872556172
41000,0.09335274392737149
41000,0.09335274392737149
43000,0.10695473302625888
43000,0.10695473302625888
45000,0.112006252472593
45000,0.112006252472593
47000,0.10915628262954002
47000,0.10915628262954002
49000,0.10206546631473566
49000,0.10206546631473566
49000,0.10206546631473566
52000,0.0989883277582363
52000,0.0989883277582363
52000,0.0989883277582363
55000,0.10554534157161898
55000,0.10554534157161898
