2000,8.107466947793185e-05
2000,8.107466947793185e-05
2000,8.107466947793185e-05
2000,8.107466947793185e-05
2000,8.107466947793185e-05
2000,8.107466947793185e-05
2000,8.107466947793185e-05
9000,0.003549604034654615
10000,0.04950216819214104
10000,0.04950216819214104
12000,0.03391442727660424
13000,0.03131482898408094
13000,0.03131482898408094
15000,0.05778232637198277
16000,0.08465280990906704
17000,0.09924964992440662
18000,0.10799491441703585
18000,0.10799491441703585
20000,0.09876962393123898
21000,0.10158677698172587
22000,0.09045219264989529
23000,0.08456446516621897
24000,0.08147205175901
25000,0.07942191257564868
26000,0.07519879287002564
26000,0.07519879287002564
26000,0.07519879287002564
29000,0.07070154068886661
30000,0.06671250235020904
30000,0.06671250235020904
32000,0.06503070512311829
32000,0.06503070512311829
34000,0.06890789626869254
35000,0.06753482604068313
36000,0.07868035634645329
37000,0.0769152990629176
38000,0.0733879396321351
38000,0.0733879396321351
40000,0.07172686474663337
41000,0.07471604778175543
42000,0.07309192739928058
43000,0.07297917248171375
43000,0.07297917248171375
45000,0.07917048961625996
45000,0.07917048961625996
47000,0.07875381942790752
48000,0.08294714672561225
49000,0.08028123155025252
49000,0.08028123155025252
51000,0.08018849322224157
52000,0.07821772474956269
52000,0.07821772474956269
52000,0.07821772474956269
55000,0.07853268353032856
56000,0.07612854794685137
