1000,0.4830248062094314
2000,0.48599076968090743
3000,0.40770823115656385
4000,0.38203030585532716
5000,0.3884504904480797
6000,0.3680080149594605
7000,0.39096431219733063
8000,0.3709872538654564
9000,0.3787852296856138
10000,0.37957074147287595
11000,0.39915432656859456
12000,0.3956126801222709
13000,0.4037182036778334
14000,0.40303074632696767
15000,0.40738213798736095
16000,0.40964212812662887
17000,0.4086949122507298
18000,0.39663871172670356
19000,0.3965055447404706
20000,0.39018636203897406
21000,0.38869423502706124
22000,0.38447569933953124
23000,0.3873187538783547
24000,0.38805673486426107
25000,0.3943958866589423
26000,0.3917065839026882
27000,0.39863882137326007
28000,0.3966485960816109
29000,0.3906992468790758
30000,0.38819686999598835
31000,0.39275958451654985
32000,0.391659090142401
33000,0.39012829623980305
34000,0.3908578121176805
35000,0.39281666388221165
36000,0.39058170493694794
37000,0.39082597743376796
38000,0.38797650589133864
39000,0.3842558443697869
40000,0.3871276462161339
41000,0.3869579803282187
42000,0.3854915349868217
43000,0.38494778876614255
44000,0.38113519160523673
45000,0.3782246330469914
46000,0.3802519621310337
47000,0.3806033603826436
48000,0.3780848209989963
49000,0.37629098980909925
50000,0.3736635284871918
51000,0.37155300036908084
52000,0.3693981108552592
53000,0.36805267021199284
54000,0.3664584191789034
55000,0.3664131480444214
56000,0.36554790097430745
