1000,0.5094448379118683
2000,0.5268822091804695
3000,0.46475256256320546
4000,0.43164600453791235
5000,0.46832093639844913
6000,0.43322804891639205
7000,0.4140186581749457
8000,0.40556231823894046
9000,0.4253735869049748
10000,0.4161660655002961
11000,0.4141549639792985
12000,0.4078264460973411
13000,0.40941462332134987
14000,0.4056218355560805
15000,0.41087968527054625
16000,0.42082004239399673
17000,0.4151662715591039
18000,0.40835175512493477
19000,0.40084704435374635
20000,0.3914452497449479
21000,0.388700372079393
22000,0.3876526355071776
23000,0.3890381011331112
24000,0.3831706789605446
25000,0.3845903864829538
26000,0.3801284483558889
27000,0.38062188521959556
28000,0.37699249294884724
29000,0.3673411503108507
30000,0.3611073396393194
31000,0.36232260205055855
32000,0.3610632368854006
33000,0.35974139992376897
34000,0.35617549566791346
35000,0.3564266910473516
36000,0.35412410309606424
37000,0.35582889645007787
38000,0.3517566114712127
39000,0.3493442362502199
40000,0.3460201347789092
41000,0.34993999524277164
42000,0.345485992774264
43000,0.34320439561490457
44000,0.34460176334058396
45000,0.3432906096358047
46000,0.3442910351830508
47000,0.3420759300839535
48000,0.340586480518911
49000,0.33988502773301427
50000,0.33593032623429886
51000,0.3349589437393498
52000,0.33280823045672997
53000,0.3313753607239301
54000,0.3313266887564954
55000,0.329828010623012
56000,0.32742376006723145
