1000,0.2933005109740772
2000,0.2948564511078188
3000,0.26627110936379605
4000,0.24977499585356255
5000,0.29031118354158153
6000,0.2841952680125574
7000,0.3141381971112098
8000,0.2950600016040652
9000,0.30006230064520034
10000,0.2937072873194387
11000,0.3011035524169149
12000,0.29806692595063017
13000,0.2960841324409801
14000,0.29324201056500976
15000,0.29441958812742897
16000,0.30243480119301364
17000,0.31115830818530393
18000,0.30637511407316764
19000,0.3002610002919965
20000,0.3007972163910717
21000,0.29767118810793797
22000,0.2932379455797202
23000,0.2939031829154652
24000,0.2944449133083979
25000,0.29924111451730334
26000,0.30162419216204267
27000,0.3025863134991232
28000,0.3026956529212451
29000,0.29534350617286415
30000,0.29395218511932103
31000,0.2948066777521492
32000,0.29650776152744435
33000,0.2939183207070359
34000,0.29227771487757215
35000,0.29617445750925747
36000,0.29694162850341455
37000,0.295797930689359
38000,0.29821663597665476
39000,0.29759931163409675
40000,0.29668966314058265
41000,0.2969046949334011
42000,0.2966661874905343
43000,0.2959106322934805
44000,0.295000168341598
45000,0.2921994797875003
46000,0.29344460191353144
47000,0.29536078988604997
48000,0.29505970869016
49000,0.29461345420392937
50000,0.29311756068551226
51000,0.29261605302901283
52000,0.2927766811891566
53000,0.2928221296540378
54000,0.2926719344480516
55000,0.29248298293437625
56000,0.29329772402897714
