1000,0.4909125744547561
2000,0.5063735725258154
3000,0.4170825698699198
4000,0.39555458163178286
5000,0.4161016059426154
6000,0.3846391831916576
7000,0.40820673181313794
8000,0.38627636587220604
9000,0.38365062636823766
10000,0.38154870792876655
11000,0.3946413833201606
12000,0.3889576732480552
13000,0.3915763845252463
14000,0.38930062052708964
15000,0.3911644607578554
16000,0.3952454294137991
17000,0.3933561855805995
18000,0.3826408526666163
19000,0.3785798211080564
20000,0.37483614611941035
21000,0.3746254211337291
22000,0.3738591105447923
23000,0.3766899834622933
24000,0.3771944110247682
25000,0.3829901396768689
26000,0.38170223443956103
27000,0.3836247475030577
28000,0.3805329356711503
29000,0.3755567667424614
30000,0.37452686561051307
31000,0.38189060571956224
32000,0.3818602735388244
33000,0.3785217217849901
34000,0.3766420919051749
35000,0.37776643673903654
36000,0.3754748752931306
37000,0.37697538359190325
38000,0.3733164656617003
39000,0.3706808097798199
40000,0.37250110882059334
41000,0.37325824608770025
42000,0.3718872264740052
43000,0.37340065147653456
44000,0.3702963089954669
45000,0.36708642896797755
46000,0.3689051728639775
47000,0.36800931726617353
48000,0.36548778833257195
49000,0.3636176134568538
50000,0.3629898268985502
51000,0.36111267423062304
52000,0.35888144701970875
53000,0.35710285485517695
54000,0.3569021683354503
55000,0.3564288505619847
56000,0.35506378524472587
