9000,0.007050845268559147
10000,0.08941810587085393
10000,0.08941810587085393
10000,0.08941810587085393
13000,0.06762741204545566
13000,0.06762741204545566
13000,0.06762741204545566
13000,0.06762741204545566
17000,0.09284380507580346
18000,0.08150312283438456
18000,0.08150312283438456
20000,0.10502051323877
21000,0.09434215514635604
22000,0.08030260409165063
23000,0.07460703832645497
23000,0.07460703832645497
25000,0.07030159098667098
26000,0.06644163844001065
26000,0.06644163844001065
26000,0.06644163844001065
29000,0.06273516459173814
30000,0.059502147002268364
30000,0.059502147002268364
32000,0.056481610507611836
32000,0.056481610507611836
34000,0.06090836244345882
34000,0.06090836244345882
36000,0.0717260787808975
37000,0.06848035795486009
38000,0.06759072247838997
38000,0.06759072247838997
40000,0.06510110274584567
41000,0.06676201266729176
41000,0.06676201266729176
43000,0.07081443442253806
43000,0.07081443442253806
45000,0.0769850766211475
45000,0.0769850766211475
47000,0.07753505272466729
48000,0.08338962114800248
49000,0.0808944252988243
49000,0.0808944252988243
49000,0.0808944252988243
52000,0.08264186636931237
52000,0.08264186636931237
52000,0.08264186636931237
55000,0.08306070549425194
56000,0.08082993668027673
