1000,0.1733281727485122
2000,0.1405470246459506
3000,0.13020665476962387
4000,0.10347304237763054
5000,0.12872082593529607
6000,0.14033669035393745
7000,0.22247473351575925
8000,0.18854616490325204
9000,0.18804910320530457
10000,0.1822574379474945
11000,0.18488435421513424
12000,0.17454206607887063
13000,0.17603468793748578
14000,0.17842859201819097
15000,0.19145523770286124
16000,0.1926561261674861
17000,0.19547359781379153
18000,0.19233104435134815
19000,0.19396828918535255
20000,0.1923556376441533
21000,0.1914545425109211
22000,0.1896084369763412
23000,0.19151106232090936
24000,0.18938581127173756
25000,0.19091683733254813
26000,0.19131019189022624
27000,0.19025588376660238
28000,0.18915765180786073
29000,0.18215406719148472
30000,0.18158340502527892
31000,0.18466785744072806
32000,0.18487607848775053
33000,0.1832746933262661
34000,0.1829651526817259
35000,0.18345592730147553
36000,0.18739461455493733
37000,0.18782622948293803
38000,0.18776784444674183
39000,0.1865650663070638
40000,0.18670977535699335
41000,0.18812406587542674
42000,0.18845228802245906
43000,0.18903994637099028
44000,0.18983763427401748
45000,0.18920275462985583
46000,0.1900065891646679
47000,0.1907980589641882
48000,0.19268583036346906
49000,0.192906164144878
50000,0.19164431743479785
51000,0.18991373940022052
52000,0.1900067263989163
53000,0.1881326191745345
54000,0.18766030280953713
55000,0.18742460956646076
56000,0.18958135978651955
