10000,0.26844537170822236
10000,0.26844537170822236
10000,0.26844537170822236
10000,0.26844537170822236
10000,0.26844537170822236
10000,0.26844537170822236
10000,0.26844537170822236
17000,0.26604495883812185
17000,0.26604495883812185
17000,0.26604495883812185
17000,0.26604495883812185
17000,0.26604495883812185
22000,0.15595689318129177
23000,0.12489108463535299
23000,0.12489108463535299
23000,0.12489108463535299
23000,0.12489108463535299
23000,0.12489108463535299
23000,0.12489108463535299
23000,0.12489108463535299
23000,0.12489108463535299
23000,0.12489108463535299
32000,0.10581092068668597
32000,0.10581092068668597
32000,0.10581092068668597
32000,0.10581092068668597
32000,0.10581092068668597
32000,0.10581092068668597
32000,0.10581092068668597
32000,0.10581092068668597
32000,0.10581092068668597
41000,0.11234954392672607
41000,0.11234954392672607
41000,0.11234954392672607
41000,0.11234954392672607
41000,0.11234954392672607
41000,0.11234954392672607
47000,0.10191291291491948
47000,0.10191291291491948
47000,0.10191291291491948
47000,0.10191291291491948
47000,0.10191291291491948
52000,0.09270097613811516
52000,0.09270097613811516
52000,0.09270097613811516
52000,0.09270097613811516
52000,0.09270097613811516
