1000,0.08115835189819336
2000,0.0770587520673871
3000,0.071789411152713
4000,0.06763165346928872
5000,0.07563570822123439
6000,0.07314706957355763
7000,0.0700649838661775
8000,0.07234590556763579
9000,0.07240794828006376
10000,0.07078721801983193
11000,0.07065708421551707
12000,0.06939280504205575
13000,0.06889037086556737
14000,0.06773393649740943
15000,0.06768008423969149
16000,0.068323497538222
17000,0.06705860893844681
18000,0.06587099791504443
19000,0.06470660723647789
20000,0.06343578724190593
21000,0.06333065428105848
22000,0.06250493780032478
23000,0.06347807661994644
24000,0.062829896142163
25000,0.06288269873894752
26000,0.06267495842543072
27000,0.06272769685041298
28000,0.0621457886832234
29000,0.060855909493141645
30000,0.06023416507057846
31000,0.0604271306656301
32000,0.06012113529141061
33000,0.05973094899038022
34000,0.05908752288121511
35000,0.05927419469824859
36000,0.058954008186184285
37000,0.05910222655212557
38000,0.05867429829668254
39000,0.05835315320903483
40000,0.058157750553218646
41000,0.05836051994048786
42000,0.05762080352065996
43000,0.057260065334091004
44000,0.05768911413827234
45000,0.057317928604574665
46000,0.057560054292780875
47000,0.05713437619183133
48000,0.05696544605986371
49000,0.056826358266668965
50000,0.05641683326195925
51000,0.05622598043752505
52000,0.055795164371374995
53000,0.05556243230096715
54000,0.055522366394978706
55000,0.05541812882462347
56000,0.054994191568195155
