2000,0.00014676724888262882
2000,0.00014676724888262882
2000,0.00014676724888262882
2000,0.00014676724888262882
2000,0.00014676724888262882
2000,0.00014676724888262882
2000,0.00014676724888262882
9000,0.009058568249563859
10000,0.05443186187001603
10000,0.05443186187001603
12000,0.03781224671965341
13000,0.03256307291460114
13000,0.03256307291460114
15000,0.0572729579731327
16000,0.08449074213408928
17000,0.09187105040385016
18000,0.1034679564490624
18000,0.1034679564490624
20000,0.09207357886094966
21000,0.09429702154121586
22000,0.08364552868334406
23000,0.07761490448216282
24000,0.07481264829763469
25000,0.07265320322111732
26000,0.06820367649700419
26000,0.06820367649700419
26000,0.06820367649700419
29000,0.0643245425369375
30000,0.06091755330997068
30000,0.06091755330997068
32000,0.06069805782505867
32000,0.06069805782505867
34000,0.06532471760460314
35000,0.06399124672252227
36000,0.08070815619638796
37000,0.07875258310206193
38000,0.07532615384610296
38000,0.07532615384610296
40000,0.07363302811796128
41000,0.07595721623667785
42000,0.07431682398365601
43000,0.07589670151700047
43000,0.07589670151700047
45000,0.08389382343285616
45000,0.08389382343285616
47000,0.08401413265712035
48000,0.08803500376772727
49000,0.08530556045176438
49000,0.08530556045176438
51000,0.08556872621876804
52000,0.08360108350969409
52000,0.08360108350969409
52000,0.08360108350969409
55000,0.08478692099014896
56000,0.08215799699523403
