10000,0.27891980483418166
10000,0.27891980483418166
10000,0.27891980483418166
10000,0.27891980483418166
10000,0.27891980483418166
10000,0.27891980483418166
10000,0.27891980483418166
10000,0.27891980483418166
10000,0.27891980483418166
10000,0.27891980483418166
10000,0.27891980483418166
10000,0.27891980483418166
10000,0.27891980483418166
23000,0.140881294467601
23000,0.140881294467601
23000,0.140881294467601
23000,0.140881294467601
23000,0.140881294467601
23000,0.140881294467601
23000,0.140881294467601
23000,0.140881294467601
23000,0.140881294467601
23000,0.140881294467601
23000,0.140881294467601
23000,0.140881294467601
23000,0.140881294467601
23000,0.140881294467601
23000,0.140881294467601
23000,0.140881294467601
23000,0.140881294467601
23000,0.140881294467601
23000,0.140881294467601
23000,0.140881294467601
23000,0.140881294467601
23000,0.140881294467601
23000,0.140881294467601
23000,0.140881294467601
47000,0.10259226311268706
47000,0.10259226311268706
47000,0.10259226311268706
47000,0.10259226311268706
47000,0.10259226311268706
52000,0.08483568400338581
52000,0.08483568400338581
52000,0.08483568400338581
52000,0.08483568400338581
52000,0.08483568400338581
