1000,0.22359301864731865
2000,0.18039165257853715
3000,0.17448097185957892
4000,0.16340389066976363
5000,0.1785893175480097
6000,0.18234422341271483
7000,0.24055561250985028
8000,0.21912850423733485
9000,0.21843076873966846
10000,0.2200806944622471
11000,0.21597271317495878
12000,0.20955709471837566
13000,0.21189530595320238
14000,0.21411741282910995
15000,0.22107170298024043
16000,0.23178412492026912
17000,0.24187156643873484
18000,0.2407525940609053
19000,0.2377089909526183
20000,0.23853009243850393
21000,0.2357042407921826
22000,0.23040307827604858
23000,0.23131981101470733
24000,0.232963526083147
25000,0.23586439212064067
26000,0.23557838080663876
27000,0.2357434405051595
28000,0.2350782396983774
29000,0.22766868122868142
30000,0.22503450572014622
31000,0.22741683819124298
32000,0.22684718994875935
33000,0.22546396284217168
34000,0.22345335594076018
35000,0.22547706273720267
36000,0.22629276621929195
37000,0.22621081351197064
38000,0.22744200853641838
39000,0.22523644010959964
40000,0.2246343748580966
41000,0.2279137015541093
42000,0.22786819280779605
43000,0.22820420002556754
44000,0.2280897026510122
45000,0.22677754319355387
46000,0.2256742652924619
47000,0.22680123898899
48000,0.22813548928459074
49000,0.22811428307544634
50000,0.22663180331438404
51000,0.22629701364302346
52000,0.2250583520749549
53000,0.22324537270129127
54000,0.2241116091360425
55000,0.2244008019919259
56000,0.22568875907036223
