1000,0.13497372953440112
2000,0.10905803217210891
3000,0.1365476566547101
4000,0.10674877604852548
5000,0.09996773742321431
6000,0.10575607365082768
7000,0.15381023872917857
8000,0.13597192026426766
9000,0.13774336593684455
10000,0.1384853129738
11000,0.14355938037681434
12000,0.12348474648878839
13000,0.13971728979602535
14000,0.14611592550568098
15000,0.15213967305002823
16000,0.15524287236929682
17000,0.15511561019200493
18000,0.14999066644399706
19000,0.14664188870342915
20000,0.14806875544570727
21000,0.14957181563633104
22000,0.1434032557237493
23000,0.14607387157602933
24000,0.14482143650300014
25000,0.1446134120601423
26000,0.14742454526311352
27000,0.15028744648683348
28000,0.15138155784342577
29000,0.1440476451959595
30000,0.14064514006563048
31000,0.13875582339485282
32000,0.1381739930866832
33000,0.13626236705005848
34000,0.1380754056706955
35000,0.13783999161933216
36000,0.14315766912570627
37000,0.14341055120474866
38000,0.14396127370148637
39000,0.1427522245481385
40000,0.14126733605013664
41000,0.14229092020698497
42000,0.14401749600513522
43000,0.14419152556610335
44000,0.14520843684386667
45000,0.14591595422541115
46000,0.14745674963966512
47000,0.1483057227381427
48000,0.14908908621237726
49000,0.14974976204915377
49000,0.14974976204915377
51000,0.14684213287503767
52000,0.14517921150939797
53000,0.1423149711951775
54000,0.14129638124029473
55000,0.14431318381441066
56000,0.14377343627330036
