1000,0.15942740386053417
2000,0.126463589802157
3000,0.12605906631383523
4000,0.10006211213748971
5000,0.11150684881591136
6000,0.12708977543118757
7000,0.19380303118850825
8000,0.16781824314501356
9000,0.1757111602433942
10000,0.17505744416401323
11000,0.17919053152833817
12000,0.16964696118325195
13000,0.17325528334650256
14000,0.17917424165924187
15000,0.18873264771074885
16000,0.18986132073895076
17000,0.19286422768907815
18000,0.19170679216222605
19000,0.19491088680422075
20000,0.19171391726331935
21000,0.18842297012682482
22000,0.18411191740116142
23000,0.1879774658802224
24000,0.18558082951509305
25000,0.18765138482175167
26000,0.18794973479460714
27000,0.18999064475749206
28000,0.19004422259077203
29000,0.18274291661309555
30000,0.18303171434577178
31000,0.18614323037442873
32000,0.18685810989329235
33000,0.18617542849856453
34000,0.1860589702187561
35000,0.1862165723099351
36000,0.191811249840178
37000,0.1922230971314013
38000,0.19169277591525782
39000,0.18973492122232286
40000,0.1896308275571927
41000,0.19057449595594303
42000,0.19081847992207865
43000,0.19141753951681625
44000,0.1917842679879445
45000,0.19052324682596988
46000,0.19120069551145757
47000,0.1914948569634585
48000,0.19349349086255424
49000,0.19386845013265827
50000,0.19242806624581416
51000,0.19147254472938438
52000,0.191567081853803
53000,0.1896650764556945
54000,0.1892048165130412
55000,0.1904997982838962
56000,0.1922852437839839
