1000,0.26764208339023837
2000,0.2502840939511797
3000,0.2361177980424993
4000,0.21425396419864406
5000,0.23269721771329907
6000,0.2241963360700109
7000,0.24825944471578903
8000,0.24016520348924314
9000,0.2472998172304331
10000,0.24914275706980918
11000,0.254949773170427
12000,0.254234994393517
13000,0.24953589464488166
14000,0.2518792551587243
15000,0.2552062326273218
16000,0.25981250982973525
17000,0.2646632848836364
18000,0.25982086882660843
19000,0.2575440359738235
20000,0.25560271621164204
21000,0.24962930076808473
22000,0.24468810460344106
23000,0.24693011380618435
24000,0.24713710118557444
25000,0.25063337008381514
26000,0.2532171159036921
27000,0.25890028606709437
28000,0.2612976370682658
29000,0.2533903473085619
30000,0.25320520423699694
31000,0.25407482064817943
32000,0.25577542889591887
33000,0.25539639159183514
34000,0.25550893566015187
35000,0.2575247624175294
36000,0.2593866984292334
37000,0.2587137349944315
38000,0.2570967151979024
39000,0.2580192584543256
40000,0.25718526616157344
41000,0.2594775250116038
42000,0.258203896684484
43000,0.25839868167906216
44000,0.25812463717000933
45000,0.25634008695593963
46000,0.2562823391987603
47000,0.25788469583192597
48000,0.2586764654803454
49000,0.25889908084378943
50000,0.25726472126818245
51000,0.25641427759909174
52000,0.25576071304347514
53000,0.25610609339284124
54000,0.256826737907674
55000,0.25875126243196517
56000,0.2591345620835526
