1000,0.1878548269594001
2000,0.15560784346608203
3000,0.16163230152027902
4000,0.15326453832523856
5000,0.15779384594034634
6000,0.16661474933215314
7000,0.21201373088913925
8000,0.19872365496517785
9000,0.20406268986689924
10000,0.20614416584342793
11000,0.20708679957999598
12000,0.2030206426865868
13000,0.20524258041887083
14000,0.21304149983487386
15000,0.21616462895035324
16000,0.22519437745668966
17000,0.23210539572801644
18000,0.22988599190357129
19000,0.22953804688447407
20000,0.2287619911111539
21000,0.22461823138623938
22000,0.21740430392069587
23000,0.22083576214481962
24000,0.22118980068551322
25000,0.22586146466769771
26000,0.2258713059907153
27000,0.23108161656213227
28000,0.23202673435724552
29000,0.2241547732639706
30000,0.22273830922183488
31000,0.22571172752993035
32000,0.22688546117681183
33000,0.22578261123890758
34000,0.2245889296648777
35000,0.22617776311969318
36000,0.22791009749619773
37000,0.2276742624231049
38000,0.22773593822530086
39000,0.2261819168951526
40000,0.22530222478487638
41000,0.22748707519517675
42000,0.22816641080293062
43000,0.22741513020916732
44000,0.22697715796258167
45000,0.22506524243353906
46000,0.22400968133143873
47000,0.22436580698322384
48000,0.22599502370318417
49000,0.22713919797932525
50000,0.22545982257841216
51000,0.2260249272026941
52000,0.2247635219845543
53000,0.22319949329312294
54000,0.2240521790298814
55000,0.22566573335075937
56000,0.2275164461204496
