1000,6.9
2000,7.5
3000,6.766666666666667
4000,7.025
5000,6.84
6000,6.616666666666666
7000,6.785714285714286
8000,6.825
9000,7.044444444444444
10000,7.12
11000,7.118181818181818
12000,7.225
13000,7.269230769230769
14000,7.307142857142857
15000,7.3933333333333335
16000,7.425
17000,7.535294117647059
18000,7.533333333333333
19000,7.5473684210526315
20000,7.68
21000,7.723809523809524
22000,7.85
23000,7.826086956521739
24000,7.8
25000,7.796
26000,7.819230769230769
27000,7.781481481481482
28000,7.785714285714286
29000,7.824137931034483
30000,7.83
31000,7.832258064516129
32000,7.825
33000,7.821212121212121
34000,7.8
35000,7.777142857142858
36000,7.802777777777778
37000,7.818918918918919
38000,7.842105263157895
39000,7.82051282051282
40000,7.81
41000,7.851219512195122
42000,7.845238095238095
43000,7.879069767441861
44000,7.834090909090909
45000,7.871111111111111
46000,7.856521739130435
47000,7.8936170212765955
48000,7.875
49000,7.889795918367347
50000,7.85
51000,7.874509803921568
52000,7.892307692307693
53000,7.8830188679245285
54000,7.861111111111111
55000,7.856363636363636
56000,7.858928571428572
