1000,0.295379879965393
2000,0.2922691708937347
3000,0.2602589453904075
4000,0.24636099598925282
5000,0.27911896023353544
6000,0.27283567480358767
7000,0.2888822085734841
8000,0.2779385438374022
9000,0.2783266027050525
10000,0.27421859066157633
11000,0.277390344973364
12000,0.2734112359070718
13000,0.2719158915241428
14000,0.26835833125788394
15000,0.26996167829949125
16000,0.27418176438426706
17000,0.27595662426975587
18000,0.2709447164117939
19000,0.266983504490047
20000,0.2641769678666634
21000,0.2636845572104229
22000,0.2597835110281257
23000,0.2606919858935961
24000,0.2609609327419495
25000,0.26249529354772083
26000,0.26240842022940064
27000,0.2630281451376
28000,0.2619339122665685
29000,0.25551972961521635
30000,0.2534310206465386
31000,0.2554196782153605
32000,0.25536541395277707
33000,0.2532827008458662
34000,0.25160373824027354
35000,0.2536220213692185
36000,0.25301265764522096
37000,0.2527324973952315
38000,0.2515344901030765
39000,0.24993102995209435
40000,0.25017011502401454
41000,0.25120282149494366
42000,0.25024596953221606
43000,0.2497921610883788
44000,0.24896168693050083
45000,0.24690511810944563
46000,0.24801727204675247
47000,0.24817588736172919
48000,0.2479275689838852
49000,0.24744265079022718
50000,0.2460022897751002
51000,0.24487286583553863
52000,0.243750567410059
53000,0.24263057141051725
54000,0.24284557074035948
55000,0.24305403166880762
56000,0.2425048708246081
