1000,0.17568345696556176
2000,0.13495810562845573
3000,0.14802235042112488
4000,0.11256962769931447
5000,0.10245817792616178
6000,0.10947840540236241
7000,0.17607140355188142
8000,0.15703184565073885
9000,0.15703130131780066
10000,0.16054079156701143
11000,0.16147241706554066
12000,0.14438489594584267
13000,0.15469303397274248
14000,0.16328176477303238
15000,0.17241194929203926
16000,0.1745881107157671
17000,0.1767541909584132
18000,0.17276623568213523
19000,0.17311161800437966
20000,0.17231289763950902
21000,0.17348247963454927
22000,0.16765373862063995
23000,0.16916231585429217
24000,0.16573482242339627
25000,0.16564586619286079
26000,0.1664626249373292
27000,0.16856439894856157
28000,0.16854180800724566
29000,0.16054477846153933
30000,0.15934306688704963
31000,0.15898136442873534
32000,0.16050972553013027
33000,0.1582876329590057
34000,0.16040374272501745
35000,0.16086636257585435
36000,0.16551070193462433
37000,0.1659319131377994
38000,0.16594344709745343
39000,0.16461166207152372
40000,0.16411477538218447
41000,0.16350263001794196
42000,0.16493456689602967
43000,0.16509186181406632
44000,0.1662133503569526
45000,0.16453719721257515
46000,0.16394485036355774
47000,0.164093576318903
48000,0.1660621848694592
49000,0.16595424513457255
50000,0.16487008384334179
51000,0.1638565467975213
52000,0.16171538578663736
53000,0.16023122747393834
54000,0.1595836783148746
55000,0.16230352362058953
56000,0.16388425027609954
