1000,0.2851031945607542
2000,0.25960211616015716
3000,0.23934847462369904
4000,0.21438306985092717
5000,0.2439511747273687
6000,0.23073126986902714
7000,0.25925604833271465
8000,0.24596074718591757
9000,0.2570946171860127
10000,0.2555515153699048
11000,0.2543535198707736
12000,0.25266376019124803
13000,0.24808845211218436
14000,0.24856842824534367
15000,0.25214083703991524
16000,0.25861956731014685
17000,0.26737473967205244
18000,0.2635737535726876
19000,0.26001159438034316
20000,0.25908348124254493
21000,0.2556096074729849
22000,0.25156439711599593
23000,0.25175131687162555
24000,0.25238957018363783
25000,0.2541237456052102
26000,0.25635205643238973
27000,0.25573924215227534
28000,0.25625058624147967
29000,0.24935742164300104
30000,0.2478921290160171
31000,0.24893688417394055
32000,0.2505507514887722
33000,0.24914605694145606
34000,0.24840769401556703
35000,0.2511659322299115
36000,0.25125630925621195
37000,0.24981924764236849
38000,0.24873203542597475
39000,0.24830137588908788
40000,0.24756263064704737
41000,0.25060447004135344
42000,0.24968162239238495
43000,0.2501688057663072
44000,0.2501467409058074
45000,0.24756400696773498
46000,0.24819526355036178
47000,0.24978038712070166
48000,0.25009895912435876
49000,0.2494233642868507
50000,0.24837287151061152
51000,0.2476058900182593
52000,0.2470105983832121
53000,0.24725214322674036
54000,0.2482966555386116
55000,0.24944026527952504
56000,0.250053413184868
