1000,0.4870614836667266
2000,0.5171022492266126
3000,0.4614060356487063
4000,0.4378833672001111
5000,0.4384324358246532
6000,0.4119160369050799
7000,0.3844102040581251
8000,0.3851723243250948
9000,0.39827188932156105
10000,0.39709598471989793
11000,0.3989492394275869
12000,0.3935129652901732
13000,0.40017555904762747
14000,0.40186770090670093
15000,0.4078882184334199
16000,0.4126336920459197
17000,0.4047307534306145
18000,0.3943309432086942
19000,0.3917341706899286
20000,0.37977344004879937
21000,0.3767058589820965
22000,0.37407957401991493
23000,0.37869125157435457
24000,0.37342690310640936
25000,0.3767519875312299
26000,0.37347090948221506
27000,0.3802944287435441
28000,0.37544750559702855
29000,0.3644074660037973
30000,0.3590188423567603
31000,0.3614815232930129
32000,0.3589071536662606
33000,0.3579953663478885
34000,0.35716862092560975
35000,0.3580472979835564
36000,0.3595573837014835
37000,0.35948800948255344
38000,0.356626390554898
39000,0.3547292489932328
40000,0.3516793263075481
41000,0.3535496852703289
42000,0.3491165944770285
43000,0.34568004453328316
44000,0.3460444553733049
45000,0.34573204107339506
46000,0.3456527203806472
47000,0.3441823204226702
48000,0.3419380874106527
49000,0.3399447033933672
50000,0.33610978243797446
51000,0.33495020064311887
52000,0.3338728375984549
53000,0.332592897402478
54000,0.3310911894310748
55000,0.33060509474540484
56000,0.32999805724499276
