10000,0.19127698311594266
10000,0.19127698311594266
10000,0.19127698311594266
10000,0.19127698311594266
10000,0.19127698311594266
10000,0.19127698311594266
10000,0.19127698311594266
10000,0.19127698311594266
10000,0.19127698311594266
10000,0.19127698311594266
10000,0.19127698311594266
10000,0.19127698311594266
10000,0.19127698311594266
10000,0.19127698311594266
10000,0.19127698311594266
10000,0.19127698311594266
10000,0.19127698311594266
10000,0.19127698311594266
10000,0.19127698311594266
10000,0.19127698311594266
10000,0.19127698311594266
10000,0.19127698311594266
10000,0.19127698311594266
10000,0.19127698311594266
10000,0.19127698311594266
10000,0.19127698311594266
10000,0.19127698311594266
10000,0.19127698311594266
10000,0.19127698311594266
10000,0.19127698311594266
10000,0.19127698311594266
10000,0.19127698311594266
10000,0.19127698311594266
10000,0.19127698311594266
10000,0.19127698311594266
10000,0.19127698311594266
10000,0.19127698311594266
47000,0.10626350271782603
47000,0.10626350271782603
47000,0.10626350271782603
47000,0.10626350271782603
47000,0.10626350271782603
52000,0.08492340222748156
52000,0.08492340222748156
52000,0.08492340222748156
52000,0.08492340222748156
52000,0.08492340222748156
