10000,0.2074609182538656
10000,0.2074609182538656
10000,0.2074609182538656
10000,0.2074609182538656
10000,0.2074609182538656
10000,0.2074609182538656
10000,0.2074609182538656
10000,0.2074609182538656
10000,0.2074609182538656
10000,0.2074609182538656
10000,0.2074609182538656
10000,0.2074609182538656
10000,0.2074609182538656
10000,0.2074609182538656
10000,0.2074609182538656
10000,0.2074609182538656
10000,0.2074609182538656
10000,0.2074609182538656
10000,0.2074609182538656
10000,0.2074609182538656
10000,0.2074609182538656
10000,0.2074609182538656
10000,0.2074609182538656
10000,0.2074609182538656
10000,0.2074609182538656
10000,0.2074609182538656
10000,0.2074609182538656
10000,0.2074609182538656
10000,0.2074609182538656
10000,0.2074609182538656
10000,0.2074609182538656
10000,0.2074609182538656
10000,0.2074609182538656
10000,0.2074609182538656
10000,0.2074609182538656
10000,0.2074609182538656
10000,0.2074609182538656
47000,0.11268453797398914
47000,0.11268453797398914
47000,0.11268453797398914
47000,0.11268453797398914
47000,0.11268453797398914
52000,0.08575116387617232
52000,0.08575116387617232
52000,0.08575116387617232
52000,0.08575116387617232
52000,0.08575116387617232
