1000,0.08984016282635894
2000,0.05503200913312754
2000,0.05503200913312754
4000,0.05701853523369232
5000,0.05365103628508587
5000,0.05365103628508587
7000,0.1735666580349912
8000,0.16220417600664072
9000,0.14554982123225535
10000,0.14676088844856663
10000,0.14676088844856663
12000,0.12308003415601496
13000,0.11467527698469439
14000,0.11369000926636283
15000,0.1267130954957126
16000,0.13571000576784895
17000,0.14054997217562648
18000,0.138621289221527
19000,0.1340843388302217
20000,0.1330417107389332
21000,0.138351624210095
22000,0.13308915111209474
23000,0.12749330101616088
24000,0.12383632625563328
25000,0.12223559053395237
26000,0.12539791704588965
27000,0.12690396968336973
28000,0.1249752792830273
29000,0.11756539132324922
30000,0.11366500863883933
31000,0.11109396001422182
32000,0.11179286423380276
33000,0.10955212845612401
34000,0.1116158311384002
35000,0.11240177726159525
36000,0.11637424305139908
37000,0.11581673214338577
38000,0.11507769122397589
39000,0.1131228361088463
40000,0.11269337085246163
41000,0.11181504279455858
42000,0.11385007294706453
43000,0.11512074361608958
44000,0.1167698112454811
45000,0.11846294151160564
46000,0.12005775100063835
47000,0.12065065142736188
48000,0.12344315526538979
49000,0.12237678270233333
49000,0.12237678270233333
51000,0.11970196452901215
52000,0.118443784664437
53000,0.11723270383736546
54000,0.11643226853681296
55000,0.11688127359841415
56000,0.11619225335430208
