1000,0.1979989515809596
2000,0.14046682288254503
3000,0.1541263877305071
4000,0.11149478287557724
5000,0.1032274579468914
6000,0.11064115820684196
7000,0.184177956481269
8000,0.16277462193424702
9000,0.16352579839214545
10000,0.16385979897721473
11000,0.1632122457797665
12000,0.14638727698641432
13000,0.15196487558392666
14000,0.1596618075084369
15000,0.17474830612220127
16000,0.17987238071550823
17000,0.1838402024412961
18000,0.18043441422568876
19000,0.17748670776657635
20000,0.17776567418669437
21000,0.17962133943854086
22000,0.17550551067927783
23000,0.17476594640869486
24000,0.17154708747844388
25000,0.1706796565372471
26000,0.1710160602076676
27000,0.17069888606470437
28000,0.16937424670271978
29000,0.161866547770966
30000,0.1601939200039323
31000,0.15912497667678724
32000,0.15984491812504764
33000,0.1571235479627223
34000,0.15759291671701878
35000,0.15843256489319
36000,0.16163932313808468
37000,0.1615665590543687
38000,0.16246974054308963
39000,0.1613712128247992
40000,0.16117413662603228
41000,0.1605284942119311
42000,0.16167844928441535
43000,0.16213122189764437
44000,0.1629769429456337
45000,0.1618896865712393
46000,0.16113513894184892
47000,0.16140673493697533
48000,0.16306865728132638
49000,0.16296579924125462
50000,0.16205321661082653
51000,0.16047029344760802
52000,0.15924646443670534
53000,0.1575476259513494
54000,0.15671685349501557
55000,0.15817634118787344
56000,0.1598603837144926
