1000,0.11721903
2000,0.14458878
3000,0.14614917
4000,0.1668787
5000,0.18391426
6000,0.20826438
7000,0.2150956
8000,0.21913414
9000,0.23200732
10000,0.23407793
11000,0.2302529
12000,0.22848253
13000,0.22896793
14000,0.22772674
15000,0.2260098
16000,0.22424755
17000,0.22663844
18000,0.22830671
19000,0.22701348
20000,0.22811112
21000,0.22989549
22000,0.2315314
23000,0.23227984
24000,0.23349969
25000,0.2352395
26000,0.23495722
27000,0.23467188
28000,0.23510492
29000,0.2345323
30000,0.23436975
31000,0.23607348
32000,0.23550391
33000,0.23677385
34000,0.236877
35000,0.23614022
36000,0.23715189
37000,0.23849405
38000,0.23939946
39000,0.23925617
40000,0.2393583
41000,0.23903058
42000,0.2393094
43000,0.23962058
44000,0.239072
45000,0.23854156
46000,0.23747724
47000,0.23824209
48000,0.23801522
49000,0.23884
50000,0.2384188
51000,0.2413089
52000,0.24313024
53000,0.24455819
54000,0.24462658
55000,0.24457453
56000,0.24323212
