1000,0.26717022
2000,0.2584858
3000,0.28278697
4000,0.27789456
5000,0.30268833
6000,0.2897046
7000,0.30531132
8000,0.31493145
9000,0.28878355
10000,0.28174242
11000,0.27952728
12000,0.2790353
13000,0.2731346
14000,0.27101296
15000,0.2771171
16000,0.27980918
17000,0.28175184
18000,0.2814269
19000,0.2801022
20000,0.28347427
21000,0.28364372
22000,0.28190017
23000,0.28074846
24000,0.27940196
25000,0.2752985
26000,0.27329913
27000,0.27278566
28000,0.27228442
29000,0.27412114
30000,0.27456588
31000,0.27247572
32000,0.27392384
33000,0.2751286
34000,0.27394253
35000,0.27573603
36000,0.27429822
37000,0.2724393
38000,0.27191117
39000,0.2716288
40000,0.27122074
41000,0.2721259
42000,0.27185842
43000,0.27248487
44000,0.2722414
45000,0.27318445
46000,0.27545264
47000,0.27443245
48000,0.27489445
49000,0.27320585
50000,0.27301452
51000,0.2737351
52000,0.27313462
53000,0.27209577
54000,0.2728842
55000,0.26963148
56000,0.26899174
