1000,0.07588639178720769
2000,0.1775612157394385
3000,0.21840308399987407
4000,0.2417351675532317
5000,0.2622790760724456
6000,0.2768450287182751
7000,0.2893174855733592
8000,0.2939002442469176
9000,0.2976353227105309
10000,0.2968864506858933
11000,0.2936462208755849
12000,0.2915770617635305
13000,0.2908833395622423
14000,0.2899365987944201
15000,0.2901972537550358
16000,0.28991029838238597
17000,0.29210146933369935
18000,0.2936894954123346
19000,0.2940038338772943
20000,0.29364817060772425
21000,0.29447573795858684
22000,0.2949639179080579
23000,0.29530255388613513
24000,0.2954438749946333
25000,0.29437355659554726
26000,0.2938779686652521
27000,0.29344194759084813
28000,0.2925900611218246
29000,0.29239997732050443
30000,0.29218005673958286
31000,0.2916498316157845
32000,0.2914360319875597
33000,0.2911272052353924
34000,0.2913973413779092
35000,0.29168120697749533
36000,0.29188482589237963
37000,0.2920848674481892
38000,0.2919167448127785
39000,0.2916459725475414
40000,0.2915559263812757
41000,0.2913539569602946
42000,0.29102346119242517
43000,0.2910456657493988
44000,0.29111125645919844
45000,0.29082380303355293
46000,0.2906597475620397
47000,0.29089543454992806
48000,0.2912301262487486
49000,0.2914008418950691
50000,0.2912765313835205
51000,0.29099256655281064
52000,0.29073480305933436
53000,0.29067737957666395
54000,0.2904302467655678
55000,0.2900338093238206
56000,0.2897984553126395
