999,-0.0205625
1999,-0.008335938
2999,-0.005598958
3999,-0.0045664064
4999,-0.00253125
5999,-0.0029817708
6999,-0.0018794643
7999,-0.0013339844
8999,-0.0017847222
9999,-0.00204375
10999,-2.5e-05
11999,0.00020625
12999,2.96875e-05
13999,-8.28125e-05
14999,-0.0009390625
15999,-0.001146875
16999,-0.0001625
17999,-0.000596875
18999,-0.00023125
19999,0.00011875
20999,0.000528125
21999,-0.000890625
22999,-0.0003046875
23999,0.0001015625
24999,-0.0002171875
25999,0.00090625
26999,-0.0009953125
27999,-0.00058125
28999,-0.0010234375
29999,-0.0006875
30999,-0.0008609375
31999,0.00028125
32999,-0.00025
33999,-3.4375e-05
34999,0.001090625
35999,0.0007640625
36999,0.000446875
37999,0.000703125
38999,0.000878125
39999,0.0002515625
40999,0.0005828125
41999,0.00043125
42999,0.000653125
43999,-0.000296875
44999,-0.0005265625
45999,1.40625e-05
46999,0.001759375
47999,0.001503125
48999,0.00209375
49999,0.0026640624
50999,0.0025265624
51999,0.003175
52999,0.0026984375
53999,0.00330625
54999,0.0031546876
55999,0.0032578125
