1000,34.757548093795776
2000,50.72560524940491
3000,66.24393463134766
4000,81.99712944030762
5000,97.53048086166382
6000,113.20125412940979
7000,128.73818826675415
8000,144.34915375709534
9000,159.87041306495667
10000,176.05732941627502
11000,191.59365105628967
12000,207.26143431663513
13000,222.83725953102112
14000,238.58948874473572
15000,254.15302753448486
16000,269.8220934867859
17000,285.3411648273468
18000,300.97941160202026
19000,316.5135304927826
20000,332.64386892318726
21000,348.1988935470581
22000,363.8921973705292
23000,379.425151348114
24000,395.1189637184143
25000,410.62760066986084
26000,426.34887194633484
27000,441.8903272151947
28000,457.5703227519989
29000,473.11593866348267
30000,489.30347204208374
31000,504.84991097450256
32000,520.6422293186188
33000,536.2708144187927
34000,552.0682702064514
35000,567.6326565742493
36000,583.3422570228577
37000,598.9218037128448
38000,614.610045671463
39000,630.1390898227692
40000,646.1174020767212
41000,661.6642029285431
42000,677.3729951381683
43000,692.8909986019135
44000,708.5205664634705
45000,724.0377988815308
46000,739.6560153961182
47000,755.2135345935822
48000,770.932580947876
49000,786.4925980567932
50000,802.6186571121216
51000,818.1656937599182
52000,833.8157594203949
53000,849.3627152442932
54000,865.010026216507
55000,880.491879940033
56000,896.3549699783325
