1000,1600
2000,3600
3000,5600
4000,7600
5000,9600
6000,11600
7000,13600
8000,15600
9000,17600
10000,19600
11000,21600
12000,23600
13000,25600
14000,27600
15000,29600
16000,31600
17000,33600
18000,35600
19000,37600
20000,39600
21000,41600
22000,43600
23000,45600
24000,47600
25000,49600
26000,51600
27000,53600
28000,55600
29000,57600
30000,59600
31000,61600
32000,63600
33000,65600
34000,67600
35000,69600
36000,71600
37000,73600
38000,75600
39000,77600
40000,79600
41000,81600
42000,83600
43000,85600
44000,87600
45000,89600
46000,91600
47000,93600
48000,95600
49000,97600
50000,99600
51000,101600
52000,103600
53000,105600
54000,107600
55000,109600
56000,111600
