1000,6947
2000,14309
3000,22108
4000,30257
5000,38824
6000,47762
7000,55990
8000,63481
9000,70643
10000,77777
11000,84489
12000,91215
13000,98044
14000,104782
15000,111662
16000,118701
17000,125451
18000,132250
19000,139112
20000,146010
21000,152944
22000,159831
23000,166890
24000,173721
25000,180609
26000,187578
27000,194510
28000,201448
29000,208322
30000,215185
31000,222117
32000,228838
33000,235551
34000,242281
35000,249178
36000,256024
37000,262844
38000,269614
39000,276257
40000,282948
41000,289589
42000,296204
43000,303056
44000,309820
45000,316548
46000,323363
47000,330223
48000,336981
49000,343833
50000,350524
51000,357348
52000,364068
53000,370832
54000,377617
55000,384401
56000,391204
