950,0.059292283530036606
2000,0.05224213619218316
3000,0.05223574418397177
4000,0.05312817682882389
5000,0.05414035460613306
6000,0.05453331922254865
7000,0.053996047030927405
7950,0.05358993252621421
8950,0.05274046190164011
9950,0.052009296802739004
11000,0.05084293698136871
12000,0.05018429886317847
12950,0.050033432895382396
14000,0.04949085560711947
14950,0.04873267132915607
15950,0.048352614120249784
17000,0.04807839536175401
18000,0.04761679223685695
18950,0.0472631189191865
19950,0.04694809293095756
21000,0.0466335269048151
22000,0.046315021421803534
22950,0.04627624201687234
24000,0.04610126766158228
25000,0.04592307130595355
26000,0.04577510941891216
27000,0.045482180763453076
27950,0.045443995282890934
29000,0.045357120744618395
30000,0.045226038952261724
30950,0.04509072949954619
32000,0.04496633257405955
32950,0.044893156718112365
34000,0.04469202459841787
35000,0.04453886906910492
36000,0.04452107987226787
37000,0.04429283056995028
38000,0.04410713765755256
39000,0.044031960595916
39950,0.04396094761566086
41000,0.04393720333319828
42000,0.04381431993119617
43000,0.043660870363706306
44000,0.04350529190516848
44950,0.043450875967682476
46000,0.04334326380998582
47000,0.04320263526393411
47950,0.04310394602214705
48950,0.04311653793970323
50000,0.043012669628285795
51000,0.04293890330799908
52000,0.04288940008849516
52900,0.042802229887623895
54000,0.0427594062031684
55000,0.04271271564583812
55950,0.042769422128103814
