1000,0.05669681714581592
2000,0.05242667790373851
2950,0.05077830394159774
3950,0.05379516769038594
4950,0.05485148566743631
6000,0.05462030649958354
7000,0.054667580043314956
8000,0.054246178852370035
9000,0.053607809878442256
10000,0.05228267811940915
11000,0.05153791587799787
12000,0.0506412432129894
13000,0.049889013347889595
14000,0.04921375589599893
15000,0.04875785738054738
16000,0.04821966667167889
17000,0.04784194974995711
18000,0.047477266233828336
19000,0.047128617022362054
20000,0.04674195676335018
20900,0.04655552779926973
21950,0.04644288784927792
23000,0.04607886612496298
24000,0.045786954234528096
25000,0.04554923073841413
26000,0.045518346443062734
27000,0.04532557874234445
28000,0.04530371353684913
29000,0.045163484517163434
29950,0.044905548997442514
31000,0.0447836174317223
32000,0.044731139453653194
33000,0.044564769338009444
34000,0.044550903660552074
34950,0.0444414770772607
36000,0.044353873789638856
37000,0.04423824961816847
38000,0.04410113198975228
39000,0.04409789398246383
40000,0.04398383596962868
40950,0.04392713637619382
42000,0.04388283041633895
43000,0.04387981929142492
43950,0.04380764183746714
45000,0.043779894234106095
46000,0.04377919693639421
47000,0.043665427435486404
48000,0.04362264967280057
49000,0.04347897029284963
49950,0.04346211552138535
51000,0.04335493569693914
52000,0.04327959993971693
53000,0.043271478657935104
54000,0.04325524473622922
55000,0.04322546623352406
56000,0.043184047266184494
