1000,0.058156766986940056
2000,0.05231646549267074
3000,0.05159811407793313
4000,0.053430955575190876
5000,0.054469993483508006
6000,0.05457306340946976
7000,0.054312062566168606
8000,0.05391384898207317
9000,0.05315442343602295
10000,0.052142500454483896
11000,0.05118077394500789
12000,0.050407930525903734
13000,0.04996206932992209
14000,0.04935180375932891
15000,0.048745349442863184
16000,0.04828487823664246
17000,0.047958765141499625
18000,0.04754624538139304
19000,0.047194794817342164
20000,0.0468411207530704
21000,0.046593683611718006
22000,0.04637968781459735
23000,0.04617668838718122
24000,0.04594212998107796
25000,0.04573238246807558
26000,0.04564448871898876
27000,0.04540256499712453
28000,0.045372214425428894
29000,0.04525778132584593
30000,0.04506149209626394
31000,0.044933184997220946
32000,0.04484633231058178
33000,0.04472445771339486
34000,0.04462010719739011
35000,0.04448933348704622
36000,0.04443630919071154
37000,0.04426531761735374
38000,0.04410410304763231
39000,0.0440654370834158
40000,0.0439725355637124
41000,0.043932102001431925
42000,0.043848984925472956
43000,0.043771879516311306
44000,0.04365750231629144
45000,0.04361630312061087
46000,0.04356218219224331
47000,0.04343526743991205
48000,0.04336546815563554
49000,0.043299239494772934
50000,0.043239648829319
51000,0.0431487621656091
52000,0.043086383218021204
53000,0.04303952045897445
54000,0.04300939914386124
55000,0.04297283364470069
56000,0.04298026421220846
