1,0.3750157684087753
1001,0.3348430246114731
2001,0.35531467348337176
3001,0.3498791877180338
4001,0.39777471095323563
5001,0.38698935384551686
6001,0.40046330967119764
7001,0.4135024223476648
8001,0.4054592077930768
9001,0.4002489426732063
10001,0.4054736241698265
11001,0.40527175888419154
12001,0.4051545516802714
13001,0.41394605721746175
14001,0.42029055297374723
15001,0.41949468636885284
16001,0.42433117969947703
17001,0.42115391054087215
18001,0.42050524769644987
19001,0.418997917547822
20001,0.4167276367545128
21001,0.420406160639091
22001,0.4166269785036211
23001,0.4218698135887583
24001,0.42183153170347215
25001,0.4204103445777526
26001,0.4213299400276608
27001,0.42203413311924254
28001,0.4224519100682489
29001,0.42144115214546524
30001,0.4198612066526567
31001,0.42101164399646224
32001,0.4191934226137219
33001,0.42122582468916386
34001,0.41960404310907634
35001,0.420092880146371
36001,0.42595185887169196
37001,0.4251610853954365
38001,0.42330636179600006
