1,0.25977786146104337
1001,0.23302967228228227
2001,0.2855325896060094
3001,0.28635708995279857
4001,0.290942715019919
5001,0.30850544477580116
6001,0.32075918927855257
7001,0.324009751380072
8001,0.34737418082077054
9001,0.3602717042271979
10001,0.35407940639733254
11001,0.34909855614144664
12001,0.34137845586161486
13001,0.3441858636165437
14001,0.3468214356604343
15001,0.34543911928340093
16001,0.348625452834291
17001,0.3448911565213671
18001,0.3434513356499864
19001,0.3423765979486052
20001,0.344882978548828
21001,0.3415372611923059
22001,0.3440945689252618
23001,0.34469787175476085
24001,0.34327164606470617
25001,0.3424850822184593
26001,0.3408916002182566
27001,0.33941616478259673
28001,0.3381673733840279
29001,0.3394250703207217
30001,0.3408247524789805
31001,0.3430524478528241
32001,0.3464705612489276
33001,0.3443619007443297
34001,0.3455170710897073
35001,0.34432069852547204
36001,0.3450084041785197
37001,0.3431866044160224
38001,0.3412218710532985
