1,0.09425075
1001,0.16828115
2001,0.20109299
3001,0.22809777
4001,0.24984957
5001,0.26183432
6001,0.26937625
7001,0.27826637
8001,0.28552002
9001,0.29109257
10001,0.2941119
11001,0.29902074
12001,0.30354068
13001,0.30718857
14001,0.310045
15001,0.31263208
16001,0.31441545
17001,0.31571466
18001,0.318556
19001,0.31981286
20001,0.3218774
21001,0.32223344
22001,0.32334894
23001,0.32449362
24001,0.3248946
25001,0.324803
26001,0.32648695
27001,0.32655242
28001,0.3268027
29001,0.3273731
30001,0.32781845
31001,0.32824546
32001,0.32895157
33001,0.32976118
34001,0.33022368
35001,0.3308072
36001,0.3316494
37001,0.33196878
38001,0.33246425
