1,nan
1001,0.14243601
2001,0.31452537
3001,0.3264224
4001,0.33648264
5001,0.33942074
6001,0.35065284
7001,0.34624577
8001,0.34547558
9001,0.35797015
10001,0.3582046
11001,0.35899535
12001,0.3677901
13001,0.34760502
14001,0.3625718
15001,0.3480542
16001,0.34470925
17001,0.35891625
18001,0.35668916
19001,0.35394856
20001,0.3547848
21001,0.34464294
22001,0.35883132
23001,0.35275078
24001,0.33118516
25001,0.3449516
26001,0.34971863
27001,0.34009153
28001,0.34076205
29001,0.3584561
30001,0.34989735
31001,0.34969652
32001,0.34819362
33001,0.35123727
34001,0.37296063
35001,0.3597837
36001,0.36402392
37001,0.35580322
38001,0.35835066
