1,nan
1001,-0.14499386429786681
2001,-0.2298779556155205
3001,-0.23425765439867974
4001,-0.24145473867654801
5001,-0.24307871013879775
6001,-0.25024842604994774
7001,-0.2449313060939312
8001,-0.24428048714995385
9001,-0.24930481612682343
10001,-0.2550370237231255
11001,-0.24595865845680237
12001,-0.25727009028196335
13001,-0.2449333767592907
14001,-0.2525767643749714
15001,-0.24701793000102043
16001,-0.23546066358685494
17001,-0.25202990278601645
18001,-0.2468881995975971
19001,-0.2468108794093132
20001,-0.24587926149368286
21001,-0.23679233461618424
22001,-0.24817150503396987
23001,-0.2465267598628998
24001,-0.22620015315711497
25001,-0.23557682812213898
26001,-0.2400760342180729
27001,-0.23197016954421998
28001,-0.2300150838494301
29001,-0.24496480241417884
30001,-0.24407179415225982
31001,-0.2407077245414257
32001,-0.23921235755085946
33001,-0.2409755077958107
34001,-0.26039921656250953
35001,-0.24708000227808952
36001,-0.2483665719628334
37001,-0.2480393433570862
38001,-0.2525196012854576
