1,0.0
1001,-63.020833333333336
2001,-115.359375
3001,-143.7125
4001,-161.84375
5001,-176.98214285714286
6001,-186.7109375
7001,-194.05555555555554
8001,-197.31875
9001,-202.9943181818182
10001,-206.859375
11001,-211.22596153846155
12001,-213.41071428571428
13001,-215.10416666666666
14001,-217.37890625
15001,-218.41544117647058
16001,-219.66319444444446
17001,-220.40131578947367
18001,-220.903125
19001,-222.5327380952381
20001,-222.95454545454547
21001,-223.54347826086956
22001,-223.76302083333334
23001,-224.5975
24001,-224.97115384615384
25001,-225.40509259259258
26001,-226.16517857142858
27001,-227.2219827586207
28001,-227.7625
29001,-228.74798387096774
30001,-228.74609375
31001,-229.17613636363637
32001,-230.25735294117646
33001,-231.2375
34001,-231.59201388888889
35001,-231.8935810810811
36001,-232.05921052631578
37001,-232.5528846153846
38001,-232.8046875
