1,0.000105
1001,0.00010459880693834044
2001,0.00010262661842389672
3001,0.00010069348185852818
4001,9.879862396183314e-05
5001,9.694128676538786e-05
6001,9.51207273095489e-05
7001,9.333621734625951e-05
8001,9.158704304774055e-05
9001,8.987250472094998e-05
10001,8.81919165276963e-05
11001,8.654460621029404e-05
12001,8.492991482265184e-05
13001,8.33471964666851e-05
14001,8.179581803394826e-05
15001,8.027515895238289e-05
16001,7.878461093808067e-05
17001,7.732357775196159e-05
18001,7.589147496127055e-05
19001,7.448772970579628e-05
20001,7.311178046871977e-05
21001,7.176307685199993e-05
22001,7.044107935620712e-05
23001,6.914525916471615e-05
24001,6.787509793217261e-05
25001,6.663008757714775e-05
26001,6.540973007889923e-05
27001,6.421353727815608e-05
28001,6.304103068184855e-05
29001,6.189174127170448e-05
30001,6.076520931663577e-05
31001,5.966098418883976e-05
32001,5.857862418354214e-05
33001,5.751769634230911e-05
34001,5.647777627985831e-05
35001,5.545844801429895e-05
36001,5.4459303800733595e-05
37001,5.347994396815471e-05
38001,5.251997675957097e-05
