1,nan
1001,0.22006348728095715
2001,0.18405428379774094
3001,0.18055966122075914
4001,0.18335456056520344
5001,0.1810562227666378
6001,0.18012120300903917
7001,0.18022950945422053
8001,0.18160120772197844
9001,0.1757450296357274
10001,0.17839452512562276
11001,0.17678235266357661
12001,0.17835233733057976
13001,0.1820842926390469
14001,0.17733434844762086
15001,0.17925866222009063
16001,0.17587719846516847
17001,0.17835175396874547
18001,0.1778985799662769
19001,0.1780885569564998
20001,0.17561624605208637
21001,0.17655409596860408
22001,0.17951830487698317
23001,0.1775791477970779
24001,0.1816306089051068
25001,0.1807379717566073
26001,0.18109010180458426
27001,0.17662294982001187
28001,0.17851849064230918
29001,0.18017377831041814
30001,0.1797686135582626
31001,0.1765658162161708
32001,0.17714427968487143
33001,0.18209870571270584
34001,0.1793251564912498
35001,0.17902283081784845
36001,0.17910249520093202
37001,0.1765587268397212
38001,0.18158488405868412
