1000,6.8
2000,7.0
3000,6.4
4000,6.325
5000,6.68
6000,7.15
7000,7.171428571428572
8000,7.45
9000,7.855555555555555
10000,8.22
11000,8.39090909090909
12000,8.425
13000,8.338461538461539
14000,8.385714285714286
15000,8.406666666666666
16000,8.45625
17000,8.405882352941177
18000,8.53888888888889
19000,8.573684210526316
20000,8.58
21000,8.514285714285714
22000,8.572727272727272
23000,8.534782608695652
24000,8.429166666666667
25000,8.356
26000,8.326923076923077
27000,8.355555555555556
28000,8.271428571428572
29000,8.172413793103448
30000,8.166666666666666
31000,8.1
32000,8.034375
33000,8.036363636363637
34000,8.01764705882353
35000,8.062857142857142
36000,8.158333333333333
37000,8.067567567567568
38000,8.094736842105263
39000,8.071794871794872
40000,8.0125
41000,8.036585365853659
42000,7.9904761904761905
43000,8.046511627906977
44000,8.031818181818181
45000,8.04
46000,8.060869565217391
47000,8.038297872340426
48000,8.014583333333333
49000,8.00204081632653
50000,8.026
51000,8.06078431372549
52000,8.017307692307693
53000,8.011320754716982
54000,8.051851851851852
55000,8.074545454545454
56000,8.051785714285714
57000,8.03859649122807
58000,8.01551724137931
59000,7.9847457627118645
60000,7.98
61000,7.99016393442623
62000,7.946774193548387
63000,7.915873015873016
64000,7.9046875
65000,7.849230769230769
66000,7.8530303030303035
67000,7.8373134328358205
68000,7.794117647058823
69000,7.755072463768116
70000,7.7371428571428575
71000,7.714084507042253
72000,7.730555555555555
73000,7.728767123287671
74000,7.7337837837837835
75000,7.721333333333333
76000,7.711842105263158
77000,7.718181818181818
78000,7.683333333333334
79000,7.692405063291139
80000,7.6925
81000,7.681481481481481
82000,7.684146341463415
83000,7.683132530120482
84000,7.660714285714286
85000,7.681176470588236
86000,7.694186046511628
87000,7.690804597701149
88000,7.698863636363637
89000,7.714606741573034
90000,7.726666666666667
91000,7.7274725274725276
92000,7.746739130434783
93000,7.754838709677419
94000,7.763829787234043
95000,7.769473684210526
96000,7.747916666666667
97000,7.7309278350515465
98000,7.731632653061224
99000,7.716161616161616
100000,7.71
101000,7.716
102000,7.747
103000,7.753
104000,7.756
105000,7.752
106000,7.762
107000,7.762
108000,7.732
109000,7.695
110000,7.661
111000,7.607
112000,7.589
113000,7.584
114000,7.581
115000,7.569
116000,7.551
117000,7.548
118000,7.519
119000,7.499
120000,7.473
121000,7.491
122000,7.467
123000,7.497
124000,7.529
125000,7.529
126000,7.53
127000,7.517
128000,7.517
129000,7.538
130000,7.549
131000,7.551
132000,7.575
133000,7.569
134000,7.585
135000,7.562
136000,7.53
137000,7.564
138000,7.541
139000,7.561
140000,7.579
141000,7.563
142000,7.578
143000,7.536
144000,7.577
145000,7.561
146000,7.539
147000,7.553
148000,7.556
149000,7.552
150000,7.55
151000,7.513
152000,7.532
153000,7.54
154000,7.484
155000,7.456
156000,7.49
157000,7.502
158000,7.541
159000,7.559
160000,7.555
161000,7.546
162000,7.561
163000,7.572
164000,7.557
165000,7.558
166000,7.532
167000,7.545
168000,7.562
169000,7.595
170000,7.611
171000,7.616
172000,7.588
173000,7.594
174000,7.601
175000,7.594
176000,7.593
177000,7.58
178000,7.611
179000,7.617
180000,7.621
181000,7.639
182000,7.646
183000,7.656
184000,7.67
185000,7.663
186000,7.64
187000,7.633
188000,7.616
189000,7.601
190000,7.587
191000,7.579
192000,7.528
193000,7.502
194000,7.513
195000,7.499
196000,7.518
197000,7.524
198000,7.52
199000,7.531
200000,7.507
201000,7.499
202000,7.463
203000,7.478
204000,7.476
205000,7.468
206000,7.431
207000,7.437
208000,7.438
209000,7.442
210000,7.433
211000,7.447
212000,7.446
213000,7.454
214000,7.472
215000,7.451
216000,7.449
217000,7.468
218000,7.462
219000,7.473
220000,7.473
221000,7.469
222000,7.453
223000,7.421
224000,7.392
225000,7.41
226000,7.41
227000,7.406
228000,7.417
229000,7.416
230000,7.421
231000,7.457
232000,7.435
233000,7.437
234000,7.449
235000,7.473
236000,7.478
237000,7.465
238000,7.462
239000,7.428
240000,7.428
241000,7.437
242000,7.422
243000,7.446
244000,7.398
245000,7.41
246000,7.398
247000,7.384
248000,7.404
249000,7.406
250000,7.407
251000,7.436
252000,7.434
253000,7.408
254000,7.444
255000,7.466
256000,7.443
257000,7.439
258000,7.387
259000,7.384
260000,7.395
261000,7.398
262000,7.402
263000,7.41
264000,7.429
265000,7.43
266000,7.466
267000,7.446
268000,7.467
269000,7.455
270000,7.44
271000,7.47
272000,7.483
273000,7.487
274000,7.473
275000,7.506
276000,7.513
277000,7.529
278000,7.528
279000,7.516
280000,7.522
281000,7.514
282000,7.528
283000,7.532
284000,7.538
285000,7.537
286000,7.533
287000,7.549
288000,7.552
289000,7.582
290000,7.587
291000,7.606
292000,7.631
293000,7.65
294000,7.613
295000,7.608
296000,7.599
297000,7.603
298000,7.608
299000,7.635
300000,7.69
301000,7.702
302000,7.705
303000,7.699
304000,7.709
305000,7.695
306000,7.708
307000,7.711
308000,7.721
309000,7.729
310000,7.746
311000,7.772
312000,7.77
313000,7.748
314000,7.728
315000,7.752
316000,7.751
317000,7.732
318000,7.727
319000,7.714
320000,7.722
321000,7.727
322000,7.739
323000,7.75
324000,7.734
325000,7.734
326000,7.744
327000,7.747
328000,7.768
329000,7.756
330000,7.724
331000,7.703
332000,7.74
333000,7.726
334000,7.704
335000,7.696
336000,7.668
337000,7.66
338000,7.683
339000,7.7
340000,7.71
341000,7.682
342000,7.706
343000,7.686
344000,7.688
345000,7.677
346000,7.682
347000,7.682
348000,7.654
349000,7.646
350000,7.64
351000,7.621
352000,7.628
353000,7.642
354000,7.643
355000,7.641
356000,7.631
357000,7.617
358000,7.66
359000,7.674
360000,7.659
361000,7.666
362000,7.665
363000,7.646
364000,7.647
365000,7.671
366000,7.64
367000,7.656
368000,7.644
369000,7.628
370000,7.636
371000,7.624
372000,7.626
373000,7.629
374000,7.628
375000,7.6
376000,7.623
377000,7.596
378000,7.59
379000,7.583
380000,7.572
381000,7.574
382000,7.565
383000,7.537
384000,7.539
385000,7.505
386000,7.521
387000,7.509
388000,7.535
389000,7.495
390000,7.475
391000,7.464
392000,7.456
393000,7.465
394000,7.468
395000,7.468
396000,7.489
397000,7.524
398000,7.529
399000,7.52
400000,7.482
401000,7.48
402000,7.518
403000,7.525
404000,7.536
405000,7.559
406000,7.579
407000,7.562
408000,7.554
409000,7.546
410000,7.553
411000,7.537
412000,7.544
413000,7.548
414000,7.528
415000,7.52
416000,7.51
417000,7.518
418000,7.523
419000,7.531
420000,7.532
421000,7.534
422000,7.535
423000,7.531
424000,7.549
425000,7.552
426000,7.538
427000,7.52
428000,7.525
429000,7.523
430000,7.527
431000,7.531
432000,7.517
433000,7.517
434000,7.517
435000,7.505
436000,7.54
437000,7.569
438000,7.533
439000,7.543
440000,7.54
441000,7.569
442000,7.549
443000,7.58
444000,7.575
445000,7.58
446000,7.594
447000,7.616
448000,7.618
449000,7.623
450000,7.614
451000,7.617
452000,7.597
453000,7.605
454000,7.61
455000,7.608
456000,7.629
457000,7.631
458000,7.628
459000,7.617
460000,7.633
461000,7.619
462000,7.617
463000,7.624
464000,7.633
465000,7.647
466000,7.639
467000,7.629
468000,7.628
469000,7.67
470000,7.659
471000,7.665
472000,7.687
473000,7.665
474000,7.666
475000,7.688
476000,7.668
477000,7.658
478000,7.659
479000,7.659
480000,7.667
481000,7.668
482000,7.639
483000,7.64
484000,7.649
485000,7.664
486000,7.666
487000,7.679
488000,7.66
489000,7.683
490000,7.686
491000,7.672
492000,7.678
493000,7.655
494000,7.668
495000,7.665
496000,7.659
497000,7.619
498000,7.599
499000,7.585
500000,7.582
501000,7.579
502000,7.58
503000,7.595
504000,7.586
505000,7.581
506000,7.571
507000,7.596
508000,7.615
509000,7.6
510000,7.551
511000,7.555
512000,7.575
513000,7.593
514000,7.615
515000,7.608
516000,7.633
517000,7.621
518000,7.62
519000,7.601
520000,7.602
521000,7.578
522000,7.606
523000,7.582
524000,7.578
525000,7.58
526000,7.596
527000,7.624
528000,7.605
529000,7.632
530000,7.656
531000,7.674
532000,7.681
533000,7.692
534000,7.714
535000,7.733
536000,7.707
537000,7.698
538000,7.724
539000,7.713
540000,7.7
541000,7.674
542000,7.676
543000,7.683
544000,7.682
545000,7.684
546000,7.679
547000,7.661
548000,7.681
549000,7.689
550000,7.708
551000,7.707
552000,7.713
553000,7.734
554000,7.713
555000,7.708
556000,7.671
557000,7.668
558000,7.648
559000,7.638
560000,7.634
561000,7.644
562000,7.63
563000,7.66
564000,7.658
565000,7.668
566000,7.693
567000,7.685
568000,7.706
569000,7.683
570000,7.695
571000,7.71
572000,7.69
573000,7.701
574000,7.721
575000,7.698
576000,7.687
577000,7.732
578000,7.75
579000,7.765
580000,7.78
581000,7.761
582000,7.762
583000,7.799
584000,7.782
585000,7.794
586000,7.804
587000,7.785
588000,7.783
589000,7.768
590000,7.769
591000,7.785
592000,7.809
593000,7.849
594000,7.832
595000,7.842
596000,7.844
597000,7.854
598000,7.844
599000,7.849
600000,7.846
601000,7.86
602000,7.827
603000,7.814
604000,7.825
605000,7.818
606000,7.793
607000,7.774
608000,7.761
609000,7.771
610000,7.8
611000,7.798
612000,7.783
613000,7.798
614000,7.768
615000,7.78
616000,7.788
617000,7.791
618000,7.844
619000,7.851
620000,7.856
621000,7.889
622000,7.87
623000,7.9
624000,7.918
625000,7.913
626000,7.921
627000,7.915
628000,7.909
629000,7.909
630000,7.905
631000,7.859
632000,7.826
633000,7.832
634000,7.819
635000,7.798
636000,7.785
637000,7.78
638000,7.779
639000,7.801
640000,7.79
641000,7.808
642000,7.814
643000,7.791
644000,7.806
645000,7.807
646000,7.817
647000,7.817
648000,7.825
649000,7.829
650000,7.81
651000,7.843
652000,7.849
653000,7.815
654000,7.832
655000,7.813
656000,7.849
657000,7.859
658000,7.859
659000,7.873
660000,7.847
661000,7.857
662000,7.869
663000,7.829
664000,7.839
665000,7.809
666000,7.792
667000,7.809
668000,7.808
669000,7.809
670000,7.814
671000,7.802
672000,7.801
673000,7.817
674000,7.8
675000,7.849
676000,7.866
677000,7.884
678000,7.869
679000,7.851
680000,7.839
681000,7.854
682000,7.864
683000,7.849
684000,7.841
685000,7.819
686000,7.811
687000,7.805
688000,7.782
689000,7.794
690000,7.805
691000,7.812
692000,7.786
693000,7.776
694000,7.807
695000,7.803
696000,7.816
697000,7.819
698000,7.819
699000,7.827
700000,7.835
701000,7.829
702000,7.861
703000,7.869
704000,7.871
705000,7.888
706000,7.883
707000,7.903
708000,7.912
709000,7.923
710000,7.922
711000,7.925
712000,7.905
713000,7.884
714000,7.922
715000,7.917
716000,7.899
717000,7.908
718000,7.895
719000,7.914
720000,7.896
721000,7.884
722000,7.874
723000,7.901
724000,7.906
725000,7.9
726000,7.877
727000,7.873
728000,7.902
729000,7.906
730000,7.88
731000,7.898
732000,7.921
733000,7.933
734000,7.927
735000,7.921
736000,7.957
737000,7.961
738000,7.949
739000,7.92
740000,7.956
741000,7.962
742000,7.972
743000,7.97
744000,7.974
745000,7.964
746000,7.952
747000,7.972
748000,7.981
749000,7.982
750000,7.978
751000,7.936
752000,7.94
753000,7.939
754000,7.925
755000,7.972
756000,7.985
757000,7.99
758000,7.973
759000,7.986
760000,7.986
761000,7.967
762000,7.984
763000,7.997
764000,7.99
765000,8.0
766000,8.011
767000,8.008
768000,8.014
769000,8.046
770000,8.054
771000,8.041
772000,8.056
773000,8.031
774000,8.026
775000,7.975
776000,7.956
777000,7.906
778000,7.901
779000,7.916
780000,7.914
781000,7.902
782000,7.91
783000,7.907
784000,7.919
785000,7.932
786000,7.938
787000,7.967
788000,7.981
789000,7.95
790000,7.957
791000,7.947
792000,7.961
793000,7.944
794000,7.952
795000,7.97
796000,7.961
797000,7.947
798000,7.969
799000,7.966
800000,7.98
801000,7.982
802000,7.973
803000,7.958
804000,7.935
805000,7.942
806000,7.963
807000,7.949
808000,7.944
