6000,0.4910304860027799
6000,0.4910304860027799
6000,0.4910304860027799
9000,0.4509029153619575
10000,0.37812149147683816
10000,0.37812149147683816
10000,0.37812149147683816
10000,0.37812149147683816
14000,0.3049660439741406
14000,0.3049660439741406
16000,0.257666453876763
16000,0.257666453876763
16000,0.257666453876763
19000,0.2617457241680386
19000,0.2617457241680386
19000,0.2617457241680386
19000,0.2617457241680386
19000,0.2617457241680386
19000,0.2617457241680386
19000,0.2617457241680386
19000,0.2617457241680386
27000,0.24229973611439154
27000,0.24229973611439154
27000,0.24229973611439154
27000,0.24229973611439154
27000,0.24229973611439154
27000,0.24229973611439154
33000,0.22100706343993423
33000,0.22100706343993423
33000,0.22100706343993423
36000,0.21625174251826748
36000,0.21625174251826748
36000,0.21625174251826748
36000,0.21625174251826748
36000,0.21625174251826748
36000,0.21625174251826748
36000,0.21625174251826748
43000,0.21283153667191076
43000,0.21283153667191076
43000,0.21283153667191076
46000,0.20998400573311488
46000,0.20998400573311488
46000,0.20998400573311488
46000,0.20998400573311488
50000,0.20065779973668674
51000,0.19195058560074735
51000,0.19195058560074735
53000,0.18228623248650058
54000,0.1798928949545377
55000,0.1682541109197487
55000,0.1682541109197487
55000,0.1682541109197487
55000,0.1682541109197487
55000,0.1682541109197487
60000,0.16824804643412264
60000,0.16824804643412264
60000,0.16824804643412264
60000,0.16824804643412264
64000,0.16358317719975318
64000,0.16358317719975318
64000,0.16358317719975318
67000,0.1676154688446122
67000,0.1676154688446122
67000,0.1676154688446122
70000,0.1630146315579647
70000,0.1630146315579647
72000,0.16941084884114815
73000,0.17228449751066063
74000,0.16735310718124646
74000,0.16735310718124646
74000,0.16735310718124646
77000,0.16457348711471576
77000,0.16457348711471576
77000,0.16457348711471576
80000,0.16261330130662777
81000,0.16488624577847924
81000,0.16488624577847924
81000,0.16488624577847924
81000,0.16488624577847924
85000,0.16627228419671777
85000,0.16627228419671777
85000,0.16627228419671777
88000,0.16543403983530905
89000,0.17041946384328271
90000,0.1720132491081587
90000,0.1720132491081587
92000,0.17275584877010414
93000,0.18229835732607938
94000,0.178924769433962
95000,0.1786193836034551
95000,0.1786193836034551
95000,0.1786193836034551
95000,0.1786193836034551
95000,0.1786193836034551
95000,0.1786193836034551
95000,0.1786193836034551
102000,0.18101472485299328
102000,0.18101472485299328
102000,0.18101472485299328
102000,0.18101472485299328
102000,0.18101472485299328
102000,0.18101472485299328
102000,0.18101472485299328
102000,0.18101472485299328
110000,0.17772772735412204
110000,0.17772772735412204
110000,0.17772772735412204
113000,0.17590111706612002
114000,0.17645828557831808
114000,0.17645828557831808
116000,0.17607767082644976
117000,0.17494608171889234
117000,0.17494608171889234
117000,0.17494608171889234
117000,0.17494608171889234
121000,0.17747214355425317
121000,0.17747214355425317
123000,0.1771449524584381
124000,0.18196230917239867
124000,0.18196230917239867
124000,0.18196230917239867
127000,0.1812841155679363
127000,0.1812841155679363
127000,0.1812841155679363
127000,0.1812841155679363
127000,0.1812841155679363
132000,0.18151841249017042
132000,0.18151841249017042
132000,0.18151841249017042
132000,0.18151841249017042
132000,0.18151841249017042
137000,0.17879175566702823
138000,0.1770683436884583
138000,0.1770683436884583
140000,0.17539783986078736
140000,0.17539783986078736
142000,0.17512071867388
142000,0.17512071867388
144000,0.17942924353460216
144000,0.17942924353460216
144000,0.17942924353460216
147000,0.17766886000381799
147000,0.17766886000381799
147000,0.17766886000381799
147000,0.17766886000381799
147000,0.17766886000381799
147000,0.17766886000381799
147000,0.17766886000381799
147000,0.17766886000381799
155000,0.17740899801245447
156000,0.17606203380018343
156000,0.17606203380018343
158000,0.17341093797996693
158000,0.17341093797996693
158000,0.17341093797996693
158000,0.17341093797996693
158000,0.17341093797996693
158000,0.17341093797996693
158000,0.17341093797996693
158000,0.17341093797996693
158000,0.17341093797996693
158000,0.17341093797996693
158000,0.17341093797996693
158000,0.17341093797996693
170000,0.17400302103666765
170000,0.17400302103666765
170000,0.17400302103666765
173000,0.17280976149620922
174000,0.17522403945388274
174000,0.17522403945388274
174000,0.17522403945388274
174000,0.17522403945388274
178000,0.17562359221628177
178000,0.17562359221628177
178000,0.17562359221628177
181000,0.17401843692706329
181000,0.17401843692706329
181000,0.17401843692706329
181000,0.17401843692706329
181000,0.17401843692706329
181000,0.17401843692706329
181000,0.17401843692706329
181000,0.17401843692706329
181000,0.17401843692706329
181000,0.17401843692706329
181000,0.17401843692706329
181000,0.17401843692706329
181000,0.17401843692706329
181000,0.17401843692706329
181000,0.17401843692706329
181000,0.17401843692706329
181000,0.17401843692706329
198000,0.1722667652363301
198000,0.1722667652363301
198000,0.1722667652363301
198000,0.1722667652363301
198000,0.1722667652363301
198000,0.1722667652363301
198000,0.1722667652363301
198000,0.1722667652363301
198000,0.1722667652363301
198000,0.1722667652363301
198000,0.1722667652363301
198000,0.1722667652363301
198000,0.1722667652363301
198000,0.1722667652363301
212000,0.17061209754760448
213000,0.17063390531374448
214000,0.17281698062965484
214000,0.17281698062965484
214000,0.17281698062965484
214000,0.17281698062965484
218000,0.17324684285064773
218000,0.17324684285064773
218000,0.17324684285064773
221000,0.17291973149198114
221000,0.17291973149198114
221000,0.17291973149198114
221000,0.17291973149198114
225000,0.17358165450802515
226000,0.17255219051354165
227000,0.17164692081852376
227000,0.17164692081852376
227000,0.17164692081852376
230000,0.1719193232704835
231000,0.17009638475784625
231000,0.17009638475784625
231000,0.17009638475784625
234000,0.16884325588702087
235000,0.1708274614979741
236000,0.17154626540034382
236000,0.17154626540034382
236000,0.17154626540034382
236000,0.17154626540034382
240000,0.1698812656034053
240000,0.1698812656034053
240000,0.1698812656034053
243000,0.17029372811253543
243000,0.17029372811253543
243000,0.17029372811253543
243000,0.17029372811253543
247000,0.16898640110278687
247000,0.16898640110278687
247000,0.16898640110278687
250000,0.16755071575022734
250000,0.16755071575022734
250000,0.16755071575022734
250000,0.16755071575022734
250000,0.16755071575022734
255000,0.16784476832470285
255000,0.16784476832470285
255000,0.16784476832470285
255000,0.16784476832470285
255000,0.16784476832470285
255000,0.16784476832470285
261000,0.16785501220055027
261000,0.16785501220055027
261000,0.16785501220055027
264000,0.16745158364048943
264000,0.16745158364048943
264000,0.16745158364048943
264000,0.16745158364048943
264000,0.16745158364048943
269000,0.16646733878424685
269000,0.16646733878424685
271000,0.16559530136366932
271000,0.16559530136366932
273000,0.16887633970873153
273000,0.16887633970873153
275000,0.1693434007245273
276000,0.16997702123976977
276000,0.16997702123976977
276000,0.16997702123976977
276000,0.16997702123976977
276000,0.16997702123976977
276000,0.16997702123976977
282000,0.17503483194984928
283000,0.17540274074096612
283000,0.17540274074096612
285000,0.17401017608068284
285000,0.17401017608068284
287000,0.1746043851027413
287000,0.1746043851027413
289000,0.17423547584027507
289000,0.17423547584027507
291000,0.1754424902980251
291000,0.1754424902980251
291000,0.1754424902980251
291000,0.1754424902980251
295000,0.1744490551017722
295000,0.1744490551017722
295000,0.1744490551017722
295000,0.1744490551017722
299000,0.17442421917020537
300000,0.17491923895665204
300000,0.17491923895665204
300000,0.17491923895665204
300000,0.17491923895665204
300000,0.17491923895665204
300000,0.17491923895665204
300000,0.17491923895665204
300000,0.17491923895665204
308000,0.1753147457465853
308000,0.1753147457465853
308000,0.1753147457465853
308000,0.1753147457465853
312000,0.17582244768115035
312000,0.17582244768115035
312000,0.17582244768115035
312000,0.17582244768115035
312000,0.17582244768115035
312000,0.17582244768115035
318000,0.17856694593076622
318000,0.17856694593076622
318000,0.17856694593076622
321000,0.1791292542086542
321000,0.1791292542086542
321000,0.1791292542086542
321000,0.1791292542086542
321000,0.1791292542086542
321000,0.1791292542086542
327000,0.17897058885923417
328000,0.17917826224703476
328000,0.17917826224703476
328000,0.17917826224703476
328000,0.17917826224703476
332000,0.17814917664348356
332000,0.17814917664348356
332000,0.17814917664348356
332000,0.17814917664348356
332000,0.17814917664348356
332000,0.17814917664348356
338000,0.17877180433537163
338000,0.17877180433537163
338000,0.17877180433537163
338000,0.17877180433537163
338000,0.17877180433537163
338000,0.17877180433537163
344000,0.1802604057304062
345000,0.17900489378933912
345000,0.17900489378933912
345000,0.17900489378933912
345000,0.17900489378933912
345000,0.17900489378933912
350000,0.1798620485061506
351000,0.18058336493595337
351000,0.18058336493595337
351000,0.18058336493595337
354000,0.18195955203475514
355000,0.18370210839584916
356000,0.18254795898345652
356000,0.18254795898345652
356000,0.18254795898345652
359000,0.18310666227301883
359000,0.18310666227301883
361000,0.18206746536301854
361000,0.18206746536301854
361000,0.18206746536301854
364000,0.1830007854993382
365000,0.18357263854777084
365000,0.18357263854777084
367000,0.1841102160643242
368000,0.1843804503492348
368000,0.1843804503492348
368000,0.1843804503492348
368000,0.1843804503492348
368000,0.1843804503492348
368000,0.1843804503492348
368000,0.1843804503492348
368000,0.1843804503492348
376000,0.18442036621903923
376000,0.18442036621903923
378000,0.18474231681162873
379000,0.1850738598764424
379000,0.1850738598764424
379000,0.1850738598764424
382000,0.1870110184953773
383000,0.1876000681133212
383000,0.1876000681133212
383000,0.1876000681133212
386000,0.18793521365286664
387000,0.188465236304024
387000,0.188465236304024
387000,0.188465236304024
387000,0.188465236304024
391000,0.18860619130197057
391000,0.18860619130197057
391000,0.18860619130197057
391000,0.18860619130197057
395000,0.18907939721362943
395000,0.18907939721362943
397000,0.1878626822465979
397000,0.1878626822465979
397000,0.1878626822465979
400000,0.187960476378238
400000,0.187960476378238
402000,0.1878957782568915
403000,0.1868492437295209
403000,0.1868492437295209
405000,0.18679339062441253
406000,0.1860152772659516
406000,0.1860152772659516
406000,0.1860152772659516
406000,0.1860152772659516
410000,0.1886931509599754
410000,0.1886931509599754
410000,0.1886931509599754
410000,0.1886931509599754
410000,0.1886931509599754
410000,0.1886931509599754
410000,0.1886931509599754
417000,0.19012944138769558
418000,0.1892510076295134
419000,0.18876571032954753
420000,0.18809892666904285
421000,0.18728647253634015
422000,0.1874330695835116
423000,0.18757379988827688
423000,0.18757379988827688
423000,0.18757379988827688
423000,0.18757379988827688
423000,0.18757379988827688
428000,0.18854040247759243
428000,0.18854040247759243
428000,0.18854040247759243
431000,0.1882480662098736
432000,0.1884777082816344
432000,0.1884777082816344
434000,0.18801522683055727
435000,0.1879609920708371
436000,0.18760710345446302
436000,0.18760710345446302
436000,0.18760710345446302
436000,0.18760710345446302
440000,0.18667230061358292
441000,0.18754737538834085
441000,0.18754737538834085
443000,0.18722830192051285
443000,0.18722830192051285
443000,0.18722830192051285
443000,0.18722830192051285
447000,0.18649441053318455
447000,0.18649441053318455
447000,0.18649441053318455
447000,0.18649441053318455
447000,0.18649441053318455
447000,0.18649441053318455
453000,0.1866854401926534
454000,0.1876185401168404
455000,0.18828365225885574
456000,0.18909795720207076
456000,0.18909795720207076
458000,0.18809666627773555
459000,0.1883119605372658
459000,0.1883119605372658
459000,0.1883119605372658
462000,0.18867774511238763
462000,0.18867774511238763
464000,0.1881942382958767
464000,0.1881942382958767
464000,0.1881942382958767
464000,0.1881942382958767
464000,0.1881942382958767
469000,0.18728688717691347
469000,0.18728688717691347
471000,0.1884598860520079
472000,0.18835204348300844
472000,0.18835204348300844
474000,0.1875573202444343
475000,0.188894839275447
476000,0.1901313504858749
476000,0.1901313504858749
476000,0.1901313504858749
479000,0.19036252817236068
479000,0.19036252817236068
481000,0.19022180492735785
481000,0.19022180492735785
481000,0.19022180492735785
481000,0.19022180492735785
485000,0.18968973561723812
485000,0.18968973561723812
487000,0.18949723916701786
487000,0.18949723916701786
489000,0.18889990051991687
489000,0.18889990051991687
491000,0.18951942468066948
492000,0.1909993170919514
492000,0.1909993170919514
492000,0.1909993170919514
492000,0.1909993170919514
496000,0.19051485279601182
497000,0.1907240738516888
497000,0.1907240738516888
499000,0.19083338859798718
499000,0.19083338859798718
499000,0.19083338859798718
502000,0.19090848121754822
503000,0.19135432180842707
503000,0.19135432180842707
503000,0.19135432180842707
506000,0.19278835587738857
507000,0.1921028369278125
508000,0.19292598265309335
508000,0.19292598265309335
508000,0.19292598265309335
511000,0.19218870026570978
512000,0.1918661222688727
513000,0.19121167925032145
514000,0.19028042214562865
514000,0.19028042214562865
516000,0.19012401199389634
516000,0.19012401199389634
516000,0.19012401199389634
516000,0.19012401199389634
516000,0.19012401199389634
516000,0.19012401199389634
522000,0.18942028521596777
522000,0.18942028521596777
522000,0.18942028521596777
525000,0.18826152657247133
525000,0.18826152657247133
527000,0.18764693600482335
527000,0.18764693600482335
529000,0.18739912811886514
530000,0.18826398247063614
531000,0.18785534742453752
532000,0.1875565144131638
533000,0.188666560668028
534000,0.18819859546753634
535000,0.18765656417006812
535000,0.18765656417006812
535000,0.18765656417006812
538000,0.18708670549200718
538000,0.18708670549200718
540000,0.1877253704306629
540000,0.1877253704306629
540000,0.1877253704306629
543000,0.18749554387031686
543000,0.18749554387031686
545000,0.18688473825967847
545000,0.18688473825967847
545000,0.18688473825967847
545000,0.18688473825967847
545000,0.18688473825967847
550000,0.18755273608287776
551000,0.18700628126313054
551000,0.18700628126313054
553000,0.18732455210726717
553000,0.18732455210726717
553000,0.18732455210726717
553000,0.18732455210726717
553000,0.18732455210726717
558000,0.1875276359431823
558000,0.1875276359431823
560000,0.1870405301717817
561000,0.18670298140071925
561000,0.18670298140071925
563000,0.18613462224349314
563000,0.18613462224349314
565000,0.1862369272352378
565000,0.1862369272352378
565000,0.1862369272352378
568000,0.18571530459269772
569000,0.18517326700200507
570000,0.1859792744348899
571000,0.18571307661979364
571000,0.18571307661979364
573000,0.1855519235839777
574000,0.18504646118565635
574000,0.18504646118565635
574000,0.18504646118565635
577000,0.18449182081999768
578000,0.18477222160980175
579000,0.18500711519890534
579000,0.18500711519890534
579000,0.18500711519890534
579000,0.18500711519890534
583000,0.18538365776740148
583000,0.18538365776740148
583000,0.18538365776740148
583000,0.18538365776740148
587000,0.18562650067382053
588000,0.18569469057441537
589000,0.18495746482148936
589000,0.18495746482148936
591000,0.18453692262306343
591000,0.18453692262306343
593000,0.1840253939936679
593000,0.1840253939936679
593000,0.1840253939936679
596000,0.18340376612772338
597000,0.18330428926885056
597000,0.18330428926885056
599000,0.18336496947797754
599000,0.18336496947797754
601000,0.18299063677740518
601000,0.18299063677740518
601000,0.18299063677740518
601000,0.18299063677740518
601000,0.18299063677740518
601000,0.18299063677740518
601000,0.18299063677740518
608000,0.18245987780295017
608000,0.18245987780295017
610000,0.18298780427690314
611000,0.18243693437926395
612000,0.18202079852618402
612000,0.18202079852618402
614000,0.18270770478014892
614000,0.18270770478014892
616000,0.18264537958998928
617000,0.18285798345192403
618000,0.18238899398388722
618000,0.18238899398388722
618000,0.18238899398388722
618000,0.18238899398388722
618000,0.18238899398388722
623000,0.18188612832590254
623000,0.18188612832590254
623000,0.18188612832590254
626000,0.18191314928463093
626000,0.18191314928463093
626000,0.18191314928463093
629000,0.18252123765270312
630000,0.1827668990305314
630000,0.1827668990305314
630000,0.1827668990305314
633000,0.18326610629927118
633000,0.18326610629927118
635000,0.18279860706383208
635000,0.18279860706383208
635000,0.18279860706383208
635000,0.18279860706383208
639000,0.18285139072155904
639000,0.18285139072155904
639000,0.18285139072155904
642000,0.18307007311301998
643000,0.1833887651148891
643000,0.1833887651148891
643000,0.1833887651148891
646000,0.18293918894619635
646000,0.18293918894619635
648000,0.1829715536009664
648000,0.1829715536009664
650000,0.18268064830547442
651000,0.18244266084787114
652000,0.18252498241235598
652000,0.18252498241235598
652000,0.18252498241235598
652000,0.18252498241235598
656000,0.18315987655103633
656000,0.18315987655103633
658000,0.18235398679001075
659000,0.18189987258651202
659000,0.18189987258651202
661000,0.18209509314858674
661000,0.18209509314858674
661000,0.18209509314858674
664000,0.18315016960678102
665000,0.1827787873599523
665000,0.1827787873599523
665000,0.1827787873599523
668000,0.183615912071269
669000,0.18312661862647509
669000,0.18312661862647509
671000,0.18371231277594127
671000,0.18371231277594127
673000,0.18332251807552533
673000,0.18332251807552533
675000,0.1828665659309881
675000,0.1828665659309881
677000,0.183001838257479
677000,0.183001838257479
677000,0.183001838257479
677000,0.183001838257479
677000,0.183001838257479
682000,0.1827243973771959
683000,0.18284370309213707
683000,0.18284370309213707
683000,0.18284370309213707
686000,0.1830272920300753
686000,0.1830272920300753
686000,0.1830272920300753
689000,0.1830345204504157
690000,0.18294439589748984
691000,0.183018142750205
691000,0.183018142750205
693000,0.1825544678469558
693000,0.1825544678469558
693000,0.1825544678469558
696000,0.18228987890450452
696000,0.18228987890450452
696000,0.18228987890450452
699000,0.18198994844684357
700000,0.18156899754370004
700000,0.18156899754370004
700000,0.18156899754370004
700000,0.18156899754370004
700000,0.18156899754370004
705000,0.1812564342903814
705000,0.1812564342903814
705000,0.1812564342903814
705000,0.1812564342903814
705000,0.1812564342903814
705000,0.1812564342903814
705000,0.1812564342903814
705000,0.1812564342903814
705000,0.1812564342903814
714000,0.1813409518474235
714000,0.1813409518474235
714000,0.1813409518474235
717000,0.18094295749437672
718000,0.18127777640778567
718000,0.18127777640778567
718000,0.18127777640778567
718000,0.18127777640778567
718000,0.18127777640778567
723000,0.18047767342954368
724000,0.18005827619264167
725000,0.18019611496974744
725000,0.18019611496974744
725000,0.18019611496974744
728000,0.18047517718575978
728000,0.18047517718575978
728000,0.18047517718575978
728000,0.18047517718575978
728000,0.18047517718575978
728000,0.18047517718575978
734000,0.18057946648226147
734000,0.18057946648226147
736000,0.18088057658995382
736000,0.18088057658995382
736000,0.18088057658995382
736000,0.18088057658995382
740000,0.18044773485864307
741000,0.18077957022404634
741000,0.18077957022404634
743000,0.18145837025641934
744000,0.18204208238947364
744000,0.18204208238947364
746000,0.18228152339025439
747000,0.18209778568226642
748000,0.18220855354481683
749000,0.18144767619214272
750000,0.1815294393490355
750000,0.1815294393490355
752000,0.18144606006923192
752000,0.18144606006923192
752000,0.18144606006923192
755000,0.1811393105530433
756000,0.180769264662104
756000,0.180769264662104
756000,0.180769264662104
759000,0.1809262344373945
759000,0.1809262344373945
759000,0.1809262344373945
762000,0.18046402389035376
763000,0.18025143110099878
763000,0.18025143110099878
765000,0.18028657210083138
765000,0.18028657210083138
765000,0.18028657210083138
768000,0.18061496304643046
769000,0.18017255799272033
770000,0.1804314512416916
771000,0.18056184143413567
772000,0.1801452714486393
772000,0.1801452714486393
774000,0.1797746131558425
774000,0.1797746131558425
774000,0.1797746131558425
774000,0.1797746131558425
774000,0.1797746131558425
779000,0.17937563080853317
780000,0.17971591404033133
780000,0.17971591404033133
780000,0.17971591404033133
783000,0.18012621165551243
784000,0.18008842402245742
784000,0.18008842402245742
786000,0.17969505122937726
787000,0.17930371256036745
787000,0.17930371256036745
787000,0.17930371256036745
787000,0.17930371256036745
787000,0.17930371256036745
787000,0.17930371256036745
787000,0.17930371256036745
794000,0.17932839963518624
795000,0.18017390180105486
795000,0.18017390180105486
795000,0.18017390180105486
795000,0.18017390180105486
799000,0.1804112549078506
799000,0.1804112549078506
799000,0.1804112549078506
802000,0.18052720777409886
802000,0.18052720777409886
802000,0.18052720777409886
805000,0.18068980623769368
805000,0.18068980623769368
807000,0.1806293810705439
807000,0.1806293810705439
