1000,0.4933829456183685
1000,0.4933829456183685
1000,0.4933829456183685
4000,0.3846696911891283
5000,0.3139316510285637
6000,0.4062609975750366
7000,0.3686051059298442
8000,0.3379145912906166
9000,0.364053843701958
10000,0.3394019456709004
11000,0.3381905302478946
12000,0.3416614258279369
13000,0.328198984642651
14000,0.31384547270073787
15000,0.29495722635644983
16000,0.28639519031795185
17000,0.2826733532974634
18000,0.2775561162156701
19000,0.2723174844788762
20000,0.2600569693996308
21000,0.26128433784325483
22000,0.262413907142645
22000,0.262413907142645
22000,0.262413907142645
25000,0.2650719950813876
26000,0.2598393927566942
27000,0.2575691093038066
28000,0.2601112149366807
28000,0.2601112149366807
30000,0.25673767364834077
30000,0.25673767364834077
32000,0.2546810001769437
33000,0.25063572580052906
34000,0.25179344468817766
35000,0.2461649976480845
36000,0.24713280200968293
36000,0.24713280200968293
38000,0.25121698536403914
38000,0.25121698536403914
38000,0.25121698536403914
41000,0.2539768331549587
42000,0.2565025392660683
43000,0.25178938526096906
44000,0.24888621805899458
45000,0.24865928721340716
46000,0.25296706811753383
47000,0.25299617945630704
48000,0.255694392910377
49000,0.25987965325673246
50000,0.2547341323915555
51000,0.2500480369361941
51000,0.2500480369361941
53000,0.25075965232755
54000,0.2521292870536681
55000,0.25089639759115256
55000,0.25089639759115256
57000,0.25094313093216114
57000,0.25094313093216114
57000,0.25094313093216114
60000,0.2530323444815475
61000,0.2520678886874386
61000,0.2520678886874386
63000,0.25521027654776396
64000,0.2552577930422563
64000,0.2552577930422563
66000,0.2560236757990562
67000,0.2567498103821198
67000,0.2567498103821198
69000,0.25653887757192323
70000,0.25379031295380233
71000,0.2542455837497935
72000,0.2576821865269339
73000,0.257068533647344
74000,0.2555611306979483
75000,0.2548970043851863
75000,0.2548970043851863
77000,0.25341903898349033
77000,0.25341903898349033
79000,0.2572884146786733
80000,0.25844267512366365
81000,0.25881455414728755
82000,0.2597923498828104
82000,0.2597923498828104
82000,0.2597923498828104
85000,0.25845045535481664
86000,0.26138583546196026
87000,0.2618420992281075
88000,0.2619526945012443
89000,0.2623065264068733
90000,0.2616456162640386
91000,0.2633251372631524
92000,0.2622553955323525
93000,0.26717042401343405
94000,0.26433472480876774
95000,0.2649546302275134
96000,0.2633383139127891
97000,0.26468878090246617
98000,0.26586141984494394
98000,0.26586141984494394
100000,0.2660256941007441
101000,0.2656234022951869
102000,0.26486559316158304
102000,0.26486559316158304
104000,0.26500775456746894
105000,0.2684308899376062
106000,0.27004658127840936
107000,0.2703528901431679
107000,0.2703528901431679
109000,0.2693071905484192
110000,0.266841224293241
110000,0.266841224293241
110000,0.266841224293241
113000,0.26700465917710203
114000,0.26819265165241424
114000,0.26819265165241424
116000,0.267826873059163
117000,0.2665438083518365
118000,0.2667702290547273
118000,0.2667702290547273
120000,0.26745940208815094
121000,0.26965668699452994
122000,0.2681412415999216
123000,0.26556623762119275
124000,0.26448948080337426
124000,0.26448948080337426
126000,0.2630622358672783
127000,0.2614997671068931
127000,0.2614997671068931
127000,0.2614997671068931
130000,0.261986508839623
130000,0.261986508839623
132000,0.2614205090960599
133000,0.2626311227028933
134000,0.26167115509217037
135000,0.25910684455690086
136000,0.25870318789798696
137000,0.2568700957304723
138000,0.2560932200420774
139000,0.25744920034449054
140000,0.2562848211079302
141000,0.25516284368948045
142000,0.2542349615419467
143000,0.2531837534049007
144000,0.25085930624169483
145000,0.25124700848574755
145000,0.25124700848574755
147000,0.25066117023367224
147000,0.25066117023367224
149000,0.2508688636573212
150000,0.2510405869307198
150000,0.2510405869307198
152000,0.2500679445313284
153000,0.2502965600278305
153000,0.2502965600278305
155000,0.2510394423822397
156000,0.25016275871241284
157000,0.250016124046646
158000,0.24876903728980077
159000,0.24778611848991997
160000,0.2484469404948061
161000,0.24928402202518166
162000,0.24835506786932832
162000,0.24835506786932832
164000,0.24746728677618612
164000,0.24746728677618612
164000,0.24746728677618612
167000,0.24651852365721874
168000,0.2459726538661397
169000,0.24611201491927018
170000,0.24717108790968373
171000,0.24732193888354795
171000,0.24732193888354795
173000,0.24646771524384828
174000,0.2463972858975291
175000,0.24700876346897643
175000,0.24700876346897643
177000,0.2464199126029361
178000,0.24636651499334752
179000,0.24596589075579278
180000,0.24645682795319715
181000,0.24630594223068328
182000,0.24594336898302857
183000,0.24592285739399183
183000,0.24592285739399183
185000,0.24583384527080854
186000,0.24632710805462155
187000,0.24659169775583945
187000,0.24659169775583945
189000,0.24670519858777926
190000,0.2469988602624807
191000,0.24540849668264375
191000,0.24540849668264375
193000,0.24550358436966013
194000,0.24418043082897026
195000,0.24401179602915082
196000,0.24367878199951332
197000,0.24289786049167209
198000,0.24244194469157546
198000,0.24244194469157546
198000,0.24244194469157546
198000,0.24244194469157546
202000,0.24165687158365934
203000,0.24208170646598956
204000,0.2422929090375128
205000,0.2415038091846815
206000,0.2413273816625488
207000,0.24268208830189442
208000,0.2428188387847525
209000,0.24297697194055726
210000,0.24340154678235998
210000,0.24340154678235998
212000,0.2433031725359419
213000,0.2436342983321069
214000,0.2447474510190532
214000,0.2447474510190532
214000,0.2447474510190532
217000,0.24510569988163775
218000,0.2453379654481098
219000,0.245484001911294
219000,0.245484001911294
221000,0.24486997443394043
221000,0.24486997443394043
221000,0.24486997443394043
224000,0.24479857222250456
225000,0.24479737836705345
226000,0.2442275900152494
227000,0.24302275510329466
228000,0.24163668098334248
229000,0.24092179135021852
230000,0.24155424999465688
231000,0.23837375833045496
232000,0.2376979111041534
233000,0.23712773555936545
234000,0.23656374632515392
235000,0.23685000731298012
236000,0.23843220395289724
237000,0.2377955035087164
237000,0.2377955035087164
237000,0.2377955035087164
240000,0.23721866121643176
240000,0.23721866121643176
242000,0.23658538966610437
243000,0.23713923057080746
244000,0.23589625641297648
245000,0.2359265512042968
245000,0.2359265512042968
247000,0.23563838022826739
248000,0.23585539965430002
249000,0.23615624241890654
250000,0.23440957435320728
251000,0.23267148595070541
252000,0.23285772190336426
253000,0.23304232264987945
254000,0.23247565785251156
255000,0.2319879293197239
256000,0.23145489373288217
257000,0.23089334953798757
258000,0.23104348945416175
259000,0.23134836046627485
260000,0.23158288976914737
261000,0.23247133195541841
261000,0.23247133195541841
261000,0.23247133195541841
264000,0.2316590851592179
264000,0.2316590851592179
266000,0.23183966689580168
266000,0.23183966689580168
268000,0.23108990740565744
269000,0.23189082514904766
270000,0.2321496591746779
271000,0.23235029807517302
272000,0.23239413259469863
273000,0.23283421456571105
274000,0.23262112328280235
275000,0.23181297638931198
276000,0.2320104813994109
277000,0.23144999238247502
277000,0.23144999238247502
279000,0.23168943845004764
280000,0.23017008275870302
281000,0.22941637341659757
282000,0.22992635585585833
283000,0.2310343984028268
284000,0.23053538393765952
285000,0.2301588696614372
286000,0.23041894916952788
287000,0.23018016891759224
288000,0.23039792846882
289000,0.2291276780715997
290000,0.22983418437680475
291000,0.23090136037067616
291000,0.23090136037067616
291000,0.23090136037067616
291000,0.23090136037067616
295000,0.23081769982050251
295000,0.23081769982050251
297000,0.23087666660096773
298000,0.23076359492557236
299000,0.23017548497462875
300000,0.230752526765651
301000,0.23130318063781907
302000,0.23044341823937375
303000,0.23000639125609773
304000,0.2295213089181147
304000,0.2295213089181147
306000,0.2300324175318013
307000,0.22866899124424325
308000,0.22917664360979503
309000,0.2291325788509873
310000,0.22931667618386997
311000,0.22948807245151048
312000,0.23009837912140443
312000,0.23009837912140443
312000,0.23009837912140443
315000,0.22963295734040015
316000,0.22919339191897192
316000,0.22919339191897192
318000,0.2295871999295198
318000,0.2295871999295198
320000,0.23065044910964408
321000,0.23028881786357366
321000,0.23028881786357366
323000,0.22971671859215906
323000,0.22971671859215906
325000,0.22888477576059865
326000,0.22913491557350524
327000,0.22992714676135373
328000,0.22951121882039277
328000,0.22951121882039277
328000,0.22951121882039277
331000,0.22909644575191054
332000,0.2288061490113617
332000,0.2288061490113617
334000,0.22916029154089335
335000,0.2288268559901671
335000,0.2288268559901671
335000,0.2288268559901671
338000,0.2292876983998831
339000,0.2289546356014131
340000,0.22852282565148155
340000,0.22852282565148155
342000,0.2282347433925752
343000,0.22841885872276863
344000,0.22832458026668878
345000,0.22758596047903717
345000,0.22758596047903717
345000,0.22758596047903717
348000,0.22717332576781019
349000,0.22674495509236314
350000,0.22760446887728966
351000,0.22777155130114915
352000,0.22807388930778966
352000,0.22807388930778966
354000,0.22865004809036166
355000,0.2283741550197683
356000,0.22751827716115774
357000,0.2267111171145268
358000,0.22653037932662182
359000,0.2261852755728483
359000,0.2261852755728483
361000,0.22636204988365977
362000,0.22678058077734556
363000,0.22681448698960444
364000,0.22715859946197012
365000,0.22798612066295382
365000,0.22798612066295382
367000,0.22820852944950656
368000,0.22884402858024022
368000,0.22884402858024022
368000,0.22884402858024022
371000,0.22895153388626685
372000,0.2281641322470054
373000,0.22844524101638958
373000,0.22844524101638958
375000,0.22805782298240387
376000,0.22808052835374812
377000,0.22768630665208275
378000,0.22775782658766097
379000,0.22825568276181807
380000,0.22885638828936436
381000,0.22955085710178227
382000,0.22916209382163014
383000,0.2283685183497592
384000,0.2278137442399248
384000,0.2278137442399248
386000,0.2286619753318979
387000,0.22888464363981598
388000,0.22775061374207603
388000,0.22775061374207603
388000,0.22775061374207603
391000,0.2287303778513508
392000,0.22857461856358707
393000,0.22832296991774712
393000,0.22832296991774712
395000,0.22857591639812339
396000,0.22860744196402713
397000,0.2280150393670009
398000,0.22729291880555513
399000,0.22735400179971427
400000,0.22702809077908567
401000,0.2260022255757063
402000,0.2257298945912105
403000,0.22546270061725013
404000,0.22558635316506584
405000,0.22531560052991825
406000,0.22565941303984108
407000,0.22532436021937946
407000,0.22532436021937946
409000,0.22509357010030726
410000,0.2259394467174812
411000,0.22621081054607292
412000,0.22631826476223232
413000,0.2260198292341857
414000,0.2256748502671633
415000,0.22573622037084198
416000,0.22572892702893965
417000,0.22568411551017153
418000,0.22561372543348115
419000,0.22552288053076505
420000,0.22494513866617188
421000,0.2244085536288026
422000,0.22441233563426766
423000,0.2256382054625567
423000,0.2256382054625567
425000,0.22582138776607144
426000,0.2265234628611009
427000,0.22630743545155882
428000,0.22595124067660582
428000,0.22595124067660582
430000,0.22590396021245335
431000,0.22563265699767232
432000,0.22593848217235818
433000,0.22562384914456943
434000,0.2249534136876047
435000,0.22520720609385061
436000,0.22520508407004683
437000,0.2244958674239344
437000,0.2244958674239344
439000,0.22438185374434305
440000,0.22424621652079282
441000,0.22382223082695904
441000,0.22382223082695904
443000,0.22356816780346264
443000,0.22356816780346264
445000,0.22298806434680954
446000,0.22309404308254882
447000,0.22308139588624976
448000,0.22320200801557488
449000,0.2228756055972733
449000,0.2228756055972733
449000,0.2228756055972733
452000,0.22310615182031163
453000,0.22277469143749
454000,0.22326197138002413
455000,0.2231976107635644
456000,0.22338273266160447
456000,0.22338273266160447
458000,0.22314798271130515
459000,0.2231138516773663
460000,0.22274698685561845
461000,0.2231312667218227
462000,0.223384029063769
462000,0.223384029063769
464000,0.2229681390272023
465000,0.22275103894524068
466000,0.22243981114700584
466000,0.22243981114700584
468000,0.22212883074781717
469000,0.22216089020461444
469000,0.22216089020461444
471000,0.2227028657496436
472000,0.22275120679288707
472000,0.22275120679288707
474000,0.222265035874196
475000,0.2231284596616158
476000,0.22339447335181964
476000,0.22339447335181964
478000,0.22353694458731482
479000,0.22404716952938164
480000,0.22399987619386133
481000,0.22444597060953542
481000,0.22444597060953542
483000,0.2241612433025508
484000,0.22404053476737049
485000,0.2238181576101456
486000,0.22355677251097317
487000,0.22363612084129028
488000,0.2235598192078103
489000,0.22405221692926197
490000,0.22408065515832093
491000,0.22409962449053702
492000,0.22415372800447686
493000,0.22387714174255918
493000,0.22387714174255918
493000,0.22387714174255918
496000,0.22382901337276032
497000,0.22448821795649815
498000,0.22481123839475395
499000,0.22438761743934366
500000,0.22410282894095848
500000,0.22410282894095848
502000,0.22472482622457257
503000,0.22487432831054333
504000,0.22418348280047526
505000,0.22410756924170325
506000,0.22376231077401376
507000,0.22320523040380594
508000,0.22306171293389254
508000,0.22306171293389254
510000,0.22309681138787607
511000,0.2228033429775783
512000,0.22317204970398036
513000,0.22327110921172652
514000,0.222876436049087
515000,0.22307531908335454
516000,0.22272657462981466
517000,0.22244986383740722
518000,0.22218555148678906
518000,0.22218555148678906
520000,0.22231211337778262
521000,0.22257969725402824
522000,0.22231225159948972
523000,0.22204035595814478
523000,0.22204035595814478
525000,0.22151330126787103
526000,0.22149483354275315
527000,0.2215964869901142
528000,0.2211150300587601
529000,0.22100177043112193
530000,0.22003131291098266
531000,0.21976154673802942
532000,0.21999295752529688
533000,0.22014526291902206
534000,0.21965618258850497
535000,0.21949015707412092
536000,0.2192690245065301
537000,0.219367079380442
538000,0.21900083364171063
539000,0.21912297677092674
540000,0.21963382586694613
540000,0.21963382586694613
542000,0.21950896860612118
543000,0.21894937446337298
544000,0.21871705818136314
545000,0.2183520535241002
546000,0.21815436983708172
547000,0.21789959432320802
548000,0.21718109183358594
549000,0.21744597474085955
550000,0.21733149065006535
551000,0.21708741651126323
552000,0.2168751206433649
553000,0.2166618473014618
553000,0.2166618473014618
555000,0.21639022723012014
555000,0.21639022723012014
555000,0.21639022723012014
558000,0.2164633004691196
558000,0.2164633004691196
560000,0.21664127935320476
561000,0.21681931079361588
562000,0.21694012372777827
563000,0.2167429972245098
564000,0.21651501166830575
565000,0.21642482582337452
566000,0.21681411087117614
567000,0.21695902576644494
568000,0.2165356997090311
569000,0.21629891079620628
570000,0.21617995699332324
571000,0.21613310444655273
572000,0.21590731198408827
573000,0.215710591312631
574000,0.21503109230629686
575000,0.2151799787959365
575000,0.2151799787959365
577000,0.2150483804352949
578000,0.21518245664495558
579000,0.2154269642312453
580000,0.21544390240480368
581000,0.21522007042118002
581000,0.21522007042118002
583000,0.21536090241681322
584000,0.21559339347694592
585000,0.2156033968289874
586000,0.21515923442312898
587000,0.2150414798668658
588000,0.21520127834186217
589000,0.21483774147341667
589000,0.21483774147341667
591000,0.21447997775659441
592000,0.21433822174503242
593000,0.21379776581538673
593000,0.21379776581538673
595000,0.21386438776015781
596000,0.21322554075208636
597000,0.2132688988406559
597000,0.2132688988406559
599000,0.2138779461158335
599000,0.2138779461158335
601000,0.21359839717051698
602000,0.21375866563934395
603000,0.21412731306820057
604000,0.21408533308301675
605000,0.2138707404285986
606000,0.2140110966798279
607000,0.2138059860357778
608000,0.21359965890508692
609000,0.2137108089718185
610000,0.21431752265208376
611000,0.2140955984743048
612000,0.21389155009105193
613000,0.21445027451584503
614000,0.21464740433733265
614000,0.21464740433733265
616000,0.21423254463096839
617000,0.2141421825560822
618000,0.21462983607958308
619000,0.2144136141123717
620000,0.2143475346377471
621000,0.21422379224224833
622000,0.2140432421113339
623000,0.21364275028763377
624000,0.21360755129120146
625000,0.21386961250351677
626000,0.2136299047385416
627000,0.21334850862610033
628000,0.21361034805535023
629000,0.2132826620893211
630000,0.21308543542211067
630000,0.21308543542211067
630000,0.21308543542211067
633000,0.21269959187833845
634000,0.21239109454599778
635000,0.21203664682153237
636000,0.21154588890705656
637000,0.21162362128927556
638000,0.21051959276620294
639000,0.21026990072047289
640000,0.2102596438488157
641000,0.20984289694690994
642000,0.209525526113893
643000,0.2098262748791539
644000,0.2093906421076265
645000,0.20794764820211817
646000,0.20755881534891443
647000,0.20784921005238483
648000,0.20827208537604236
649000,0.2078414365020286
650000,0.20784712718762813
651000,0.2079879654085974
652000,0.2082169119940238
653000,0.20791184798136292
654000,0.2081096572272561
655000,0.2078449630604723
656000,0.20795723551411613
657000,0.20779003390190848
658000,0.20782268076252336
659000,0.20794519048221394
659000,0.20794519048221394
661000,0.2074535232887467
662000,0.2067024672287919
663000,0.20683349297763373
664000,0.20727634330028016
665000,0.20700180607571092
665000,0.20700180607571092
667000,0.20690560178872155
668000,0.20784890864661637
669000,0.20717668813233045
670000,0.20683864343077604
671000,0.20740638395743127
672000,0.20676485046837792
673000,0.20637196533191787
674000,0.2062073936507983
675000,0.20556551032135967
676000,0.2052472274362331
677000,0.20387309686714014
678000,0.2032726812618286
678000,0.2032726812618286
680000,0.20279427086454868
681000,0.20292792521592726
682000,0.20301445019254402
683000,0.20312742813235102
683000,0.20312742813235102
685000,0.20233813053412422
686000,0.20269702706140164
687000,0.2031130569575415
688000,0.20283773633597696
689000,0.20211135497270621
690000,0.2018077672222697
691000,0.2017740265555223
692000,0.20152642248400746
693000,0.20109199579764345
694000,0.20085280112490858
694000,0.20085280112490858
696000,0.19973237176799274
697000,0.19921889214699695
697000,0.19921889214699695
699000,0.1986625563830326
700000,0.19826551454122535
701000,0.19849898839801666
702000,0.19788346064633144
703000,0.197933170437652
704000,0.19780570864501482
705000,0.19750535366711483
705000,0.19750535366711483
707000,0.19688284594113134
708000,0.19687998693925077
709000,0.19623218441179882
710000,0.196208203320918
711000,0.195927465926143
711000,0.195927465926143
713000,0.19556264595447306
714000,0.1959035982880193
715000,0.19574030318683242
716000,0.1960669586864624
717000,0.1958620469262723
718000,0.1949917258392851
719000,0.19509285638117285
720000,0.1948591577084341
721000,0.19407120749016452
722000,0.19400829916876602
723000,0.19324599285631705
724000,0.19308113886194492
725000,0.19306781840691034
726000,0.19245678903716879
726000,0.19245678903716879
728000,0.19250976787743554
729000,0.19201728316264957
730000,0.1921780258122743
730000,0.1921780258122743
732000,0.19135982935420082
733000,0.19155250274004296
734000,0.19198367622901447
735000,0.1920411213491149
736000,0.19167387275696843
737000,0.19101280615829327
737000,0.19101280615829327
737000,0.19101280615829327
740000,0.19079067734628147
741000,0.19101345432272904
742000,0.19071967902966033
743000,0.19099877822291472
744000,0.19168562330803668
745000,0.19163504964753736
746000,0.19174745923734435
747000,0.1912581224081781
748000,0.19170861071094117
749000,0.19154073169091282
750000,0.19204637223572682
751000,0.19196362051373678
752000,0.19131851251986193
752000,0.19131851251986193
754000,0.1913435019053166
755000,0.1913987730936217
756000,0.1912539402799229
757000,0.19130216152192348
758000,0.19096468236043507
759000,0.19067394436727358
760000,0.19062969748105962
761000,0.19097706462603953
762000,0.190419042792994
763000,0.19019915141251376
764000,0.18985213256044933
765000,0.18961189506092138
766000,0.18924154956379927
767000,0.18915468863979437
768000,0.189011795590078
769000,0.18899847536012856
770000,0.18867470385490595
771000,0.1889647407574559
772000,0.18857699642909156
773000,0.188860432035771
774000,0.18890613867870026
774000,0.18890613867870026
776000,0.18889561835840482
776000,0.18889561835840482
778000,0.18896579798940083
779000,0.1884940805725048
780000,0.188321442319623
781000,0.18825483053603093
782000,0.1884600900060612
783000,0.18820591074106854
784000,0.1882285337759849
785000,0.18823577045172238
786000,0.18784358150007097
787000,0.18787284659675965
788000,0.18780529000670249
788000,0.18780529000670249
790000,0.1871603419700775
791000,0.18735982145234953
792000,0.18735821694747795
793000,0.1873591427933652
794000,0.18693904265455966
795000,0.18663858820797255
796000,0.18626227614036975
796000,0.18626227614036975
798000,0.18621309541469963
799000,0.1865209360607957
799000,0.1865209360607957
801000,0.18722015472485123
802000,0.18805623250473835
802000,0.18805623250473835
804000,0.18796675467083082
805000,0.18824670166445803
806000,0.1884540897466982
807000,0.18843951591021363
808000,0.18803246006890248
