1000,0.4276312075667243
2000,0.3929753914724358
2000,0.3929753914724358
4000,0.4221026419955814
5000,0.48176655698498755
6000,0.5417937446864338
7000,0.5158952505641768
8000,0.45877431265908336
9000,0.4789668893867655
10000,0.43855690419283
11000,0.41745584692448556
12000,0.4261784448127649
13000,0.4168593259801535
14000,0.4025345913653778
15000,0.3908808354563017
16000,0.37688064104854957
17000,0.37258985780343307
18000,0.35801450887139036
19000,0.35209232668458446
20000,0.3379596245319298
21000,0.33322367450812096
22000,0.333972299229547
23000,0.3269723445601407
24000,0.32447470091417846
25000,0.32764974748324954
26000,0.32409883076065354
27000,0.31694939627456525
28000,0.32362106392660733
29000,0.32122731712861086
30000,0.31455408727486817
31000,0.3125162371896456
32000,0.31144458445591244
33000,0.3016128798554253
34000,0.3007712749700087
35000,0.2947282311675738
36000,0.29734083867427563
37000,0.2963943886251647
38000,0.2871540715019963
39000,0.2812524356438184
40000,0.2842562145676015
41000,0.28826330880763407
42000,0.28931788171992534
43000,0.2894748586921964
44000,0.2899850965027814
45000,0.28840897708818336
46000,0.2826467769803556
47000,0.28235759808937144
48000,0.28288339071376917
49000,0.28428296161361244
50000,0.28285489683994175
51000,0.2806177438218147
52000,0.27827192549273144
53000,0.2766695434243432
54000,0.2750883872872531
55000,0.2747070094699729
56000,0.27570460605574626
57000,0.27559380109319853
58000,0.2745603640821071
59000,0.2757889033572311
60000,0.2775441661836717
61000,0.2760883497928429
62000,0.27649897573008386
63000,0.2743496297888356
64000,0.2728942786262579
64000,0.2728942786262579
66000,0.2734016815146818
67000,0.2752572312856048
68000,0.27431580894461494
69000,0.275172425801847
70000,0.2733324541961198
71000,0.2741246539714866
72000,0.2759686446190294
73000,0.27683316920250506
74000,0.2750520613782265
75000,0.2730166917950246
76000,0.2730683741829816
77000,0.27061682006279375
78000,0.26978379122036167
79000,0.2701510480540674
80000,0.2687609074937907
81000,0.2702598995585872
82000,0.2720083576944362
83000,0.27005585174544766
84000,0.26850918707910193
85000,0.26755579854352673
86000,0.27021700003358545
87000,0.26992512179080613
88000,0.2707231468098398
89000,0.2690230819571217
90000,0.26664698265648745
91000,0.2648846185372499
92000,0.2634804261181553
93000,0.26432203712042496
94000,0.26109858758093357
95000,0.26221826622182176
96000,0.26098249388479583
97000,0.2624439367709966
98000,0.26249412959817153
99000,0.262377907104602
100000,0.26124274876815884
101000,0.26078066870053374
102000,0.2613733057435146
102000,0.2613733057435146
104000,0.2604805944288103
105000,0.26117307229835274
106000,0.26288096269846595
107000,0.26261424579003245
108000,0.261174978643082
109000,0.2600776953138653
110000,0.25844317364409436
111000,0.2578856067069716
112000,0.2560243091349409
113000,0.2556390961930596
114000,0.25649177555820246
115000,0.25618708747982855
116000,0.25513057995217403
117000,0.2546812319997735
118000,0.25506717585800387
119000,0.25389683038332395
120000,0.25449361702956513
121000,0.2539565032003236
122000,0.25325357069071425
123000,0.25194321491897004
124000,0.2530691190038932
125000,0.25326871533054496
126000,0.2528172585346197
127000,0.2521487074117915
128000,0.2520333400086011
129000,0.25209959043188296
130000,0.25152962665345363
131000,0.2509379253515478
132000,0.25253172801892615
133000,0.25341556392431946
134000,0.25401732135532495
135000,0.253486084107865
136000,0.25318035530771876
137000,0.251703935995699
138000,0.2510503995816465
139000,0.252905471655848
140000,0.2520403205845358
141000,0.2514100869500839
142000,0.25154773262921026
143000,0.2507168921342461
144000,0.2514386740606054
145000,0.251358065256478
146000,0.2508162778936711
147000,0.25020768983257735
148000,0.24977033860740594
149000,0.2511194552596281
150000,0.25163906199974195
151000,0.25221813045724206
152000,0.25148470393086403
153000,0.25098842249800596
154000,0.25020960841054224
155000,0.24998301857286975
156000,0.24835702737155566
157000,0.24771938419428577
158000,0.24796119876288275
159000,0.2477666307922901
160000,0.2491031302695071
161000,0.24976963190905827
162000,0.24964482711860767
163000,0.24988444128769885
164000,0.24914836084244818
164000,0.24914836084244818
166000,0.24981948497581932
167000,0.24934617053343563
168000,0.24850193260091358
169000,0.24883747909442688
170000,0.24821309915998951
171000,0.24899018254742844
172000,0.24919831893113412
173000,0.24900998056393459
174000,0.24989084930233638
175000,0.24944951701567936
176000,0.2477457909487162
177000,0.2477607659440638
178000,0.24762670409557497
179000,0.2462135108628543
180000,0.2459233813986738
181000,0.24539526158948208
182000,0.24550583104918272
183000,0.2456288699620765
184000,0.24540111497900136
185000,0.24577186875014778
186000,0.2457589455921051
187000,0.2460137970703509
188000,0.24573071051748538
189000,0.2454001343856068
190000,0.24591822476530173
191000,0.24515722213146657
192000,0.2448487329369651
193000,0.24544896296754357
194000,0.24424790208900796
195000,0.2435855113641414
196000,0.24400114083479096
197000,0.24359206138745162
198000,0.24306112728968673
199000,0.24237223375199923
200000,0.24207704415707304
201000,0.2417513923527393
202000,0.24106506194683308
203000,0.24199871439685325
204000,0.2422134792978018
205000,0.2418891401381341
206000,0.2419150876985062
207000,0.24234999353936323
208000,0.2423410736762536
209000,0.24244315727797808
210000,0.2437245575690921
211000,0.24345139638274632
212000,0.24307414309729758
213000,0.24237036609449558
214000,0.2430216328526593
215000,0.2427431264136341
216000,0.24284508851006745
217000,0.24380362808378447
218000,0.2441447820606622
219000,0.24427456860805008
220000,0.24373959279201957
221000,0.2437626046547321
222000,0.24322464506140137
223000,0.24268543247655752
224000,0.2420488546893017
225000,0.2417154576280616
226000,0.24111111797624352
227000,0.24035606113855743
228000,0.23967654891676088
229000,0.23910149479245701
230000,0.2386246354916085
231000,0.23788606439092444
232000,0.237857039256689
233000,0.23688572074000278
234000,0.23615698067329496
235000,0.23649731160386891
236000,0.23763350914063894
237000,0.2369829973742552
238000,0.23673853518746377
239000,0.2365762237671274
240000,0.2362397317064755
241000,0.23479274162347946
242000,0.23433459479652272
243000,0.2338413442869581
244000,0.2333735469491206
245000,0.23395357497636363
246000,0.23411581162603443
247000,0.23430757173199288
248000,0.23520535061154074
249000,0.23527649092355563
250000,0.2333685332715712
251000,0.23213624339443903
252000,0.22959496091408632
253000,0.22876151149466642
254000,0.22591216108548315
255000,0.2250856995603989
256000,0.22297410271925058
257000,0.22187994422608806
258000,0.22233401972817718
259000,0.2224880594332333
260000,0.22224082950448218
261000,0.22059003825748055
262000,0.2188319438648142
263000,0.21945916009641575
264000,0.21875493193188933
264000,0.21875493193188933
266000,0.21884131638191712
267000,0.21796205139971134
268000,0.2179840390434711
269000,0.21825518249257408
270000,0.21852860715040145
271000,0.21867884401915694
272000,0.21988399603481085
273000,0.2198992093328924
274000,0.21880097157076994
275000,0.2188463490990185
276000,0.21834991060679135
277000,0.21699826733846597
278000,0.21760644474468122
279000,0.2174467854813191
280000,0.2161896579205207
281000,0.21652647819294263
282000,0.21648526042052726
283000,0.2177337855556082
284000,0.2165365972031414
285000,0.21656914719644477
286000,0.2167113525194341
287000,0.21762097926326782
288000,0.21827580753881928
289000,0.21863476222740297
290000,0.21793522596945264
291000,0.21717549885211487
292000,0.21683956378632127
293000,0.21639581418192613
294000,0.2161692796896408
295000,0.215988865360474
296000,0.21609382129571458
297000,0.21704957841892825
298000,0.21686471475287267
299000,0.21567475199004524
300000,0.21566355848477234
301000,0.21526260860703259
302000,0.21590089416181582
303000,0.21562852355089632
304000,0.2156380813580888
305000,0.21496046009392464
306000,0.21592182157375367
307000,0.2143266259121248
308000,0.21442332990894203
309000,0.21455424397975872
310000,0.21404393415660097
311000,0.21270070449697565
312000,0.21376516878127388
313000,0.21357336968771748
314000,0.21238140532458777
315000,0.21180841542694132
316000,0.21030094639358277
317000,0.20971394397681747
318000,0.20931471166218688
319000,0.20824891127880255
320000,0.20837691195028588
321000,0.20843199198880025
322000,0.20860377709372147
323000,0.2088904952768629
324000,0.20909398098770576
325000,0.20881231826619076
326000,0.20888483521126694
327000,0.20859272998867476
328000,0.20650257275030484
329000,0.20617515370959966
330000,0.20617835247325403
331000,0.20559398942260337
332000,0.20433217869370396
333000,0.2030881112821673
334000,0.2033778650697221
335000,0.20343170683127165
336000,0.20306797926574988
337000,0.20275329810010154
338000,0.2038458096830033
339000,0.20381611814329423
340000,0.20261905311229692
341000,0.20262236720271726
342000,0.20242301458808537
343000,0.20186891694598347
344000,0.20143774883460544
345000,0.20059787559992348
346000,0.2001761959281818
347000,0.1998843847913963
348000,0.20049179527848512
349000,0.20049639829098873
350000,0.19949178146625815
351000,0.19915667648358928
352000,0.19842466936820982
353000,0.1978220898510025
354000,0.19764912103373733
355000,0.19597656644689257
356000,0.19556880269219665
357000,0.19556942289439977
358000,0.19687557687841428
359000,0.1972153970005308
360000,0.19832396664923468
361000,0.19846496964861052
362000,0.1986662209658703
363000,0.1989101347305085
364000,0.19964229107575576
365000,0.19979881384915946
366000,0.19880427009618076
367000,0.1987581049201367
368000,0.19965927404823555
369000,0.19925441929768622
370000,0.19860953147152527
371000,0.1983843393428253
372000,0.19834084142690137
373000,0.19806295948963684
374000,0.1971605526888103
375000,0.19670912192333873
376000,0.19740427622031956
377000,0.19697284943409762
378000,0.19779950045318873
379000,0.19750204842186625
380000,0.19827561305614266
381000,0.19861338644759546
382000,0.1980123119866594
383000,0.1975157748711216
384000,0.19658110092979977
385000,0.19711614004484757
386000,0.19708383955496528
387000,0.1977460670794986
388000,0.19654546978292392
389000,0.19583122650231718
390000,0.19568176103762197
391000,0.1968091908016545
392000,0.1968918139970182
393000,0.19649731905543447
394000,0.1957167070206189
395000,0.19615546267937406
396000,0.19669166127417476
397000,0.1959165041867746
398000,0.19552299215316435
399000,0.1955158026413833
400000,0.1959210070501286
401000,0.1953624102506618
402000,0.1949502993756994
403000,0.19339413127305097
404000,0.19339113464029214
405000,0.19321710406221412
406000,0.19330376959592843
407000,0.19378901153761932
408000,0.19384078903685042
409000,0.1940187816118623
410000,0.19521667734774648
411000,0.19634431649217363
412000,0.19547668047745462
413000,0.1952160118216548
414000,0.19489292833395935
415000,0.19428794993095164
416000,0.1930936258453014
417000,0.19185679599653419
418000,0.19162166767135247
419000,0.19092135923070838
420000,0.19058119054451897
421000,0.19007906509050762
422000,0.19053728942382667
423000,0.19149234751808025
424000,0.19045657179238146
425000,0.19086950527459193
426000,0.1919003681399246
427000,0.19150741672479585
428000,0.1902035918410287
429000,0.18977357943313788
430000,0.19043965608747424
431000,0.18900038544055342
432000,0.19091564610475786
433000,0.19101396774425994
434000,0.1907422904635463
435000,0.19267741607183536
436000,0.1916026118036166
437000,0.19205400219824742
438000,0.1917576425939777
439000,0.19072923712750844
440000,0.19071929634823273
441000,0.19021806268562216
442000,0.19011267605181573
443000,0.18916634595474857
444000,0.18903855292800603
445000,0.18866975308440215
446000,0.18838668532123448
447000,0.18774812030585258
448000,0.18709463737851487
449000,0.18678602022342097
450000,0.18597648742568754
451000,0.18521376289296237
452000,0.1858566252886803
453000,0.18574985876415206
454000,0.1868408176484603
455000,0.18614054639503314
456000,0.1868739282751469
457000,0.18522507629382312
458000,0.1849013702632526
459000,0.18475670348025822
460000,0.1833413814572604
461000,0.18387059422984947
462000,0.1840969620027053
463000,0.18300524099473495
464000,0.18363810406823364
465000,0.18366176650251678
466000,0.1826281727557098
467000,0.182775950811584
468000,0.18265979239936178
469000,0.18105848691829693
470000,0.18110895549267564
471000,0.1814799131891329
472000,0.18194414844141774
473000,0.1820020720732622
474000,0.18229751714917522
475000,0.18278911150918042
476000,0.18318604656399973
477000,0.18318732519143904
478000,0.18372346129418982
479000,0.1842403251183469
480000,0.18444684975646886
481000,0.18577748666017752
482000,0.18524595333938634
483000,0.18496265664955358
484000,0.18641752001659623
485000,0.18684798617503845
486000,0.18503687571528415
487000,0.1845185025098115
488000,0.18310675335302581
489000,0.18406599650978622
490000,0.18460284706267607
491000,0.1845421631782636
492000,0.1856315935567829
493000,0.1861750781540103
494000,0.18651979791089807
495000,0.1863065843047721
496000,0.18576831317630932
497000,0.18642243344960657
498000,0.18575198855057312
499000,0.18449579545581118
500000,0.18445156386759315
501000,0.18375023550569983
502000,0.1838858981216948
503000,0.1843064412459757
504000,0.18441676728828046
505000,0.18426589646134572
506000,0.18422921521123622
507000,0.1837235773368539
508000,0.18393961951814616
509000,0.18392907800319894
510000,0.18431955382734128
511000,0.1836665042022027
512000,0.18432916692525303
513000,0.18435387484286644
514000,0.18396747625223844
515000,0.18500305120805377
516000,0.18518574222878384
517000,0.18419221357253757
518000,0.1833100900834276
519000,0.18331560229481544
520000,0.18406884215287903
521000,0.1848845862826958
522000,0.18457058928980874
523000,0.18374001579849766
524000,0.1837421486058319
525000,0.18208342250212645
526000,0.18204619692871923
527000,0.1820022386317987
528000,0.18123017543901035
529000,0.18135471643588166
530000,0.18109188140477328
531000,0.1821803482480413
532000,0.18171152910542357
533000,0.18128376404656735
534000,0.18034585496993424
535000,0.18062964534823636
536000,0.1806292453685819
537000,0.18173170991858498
538000,0.18137030584955802
539000,0.18120479776772708
540000,0.18151839045842663
541000,0.18092492267012564
542000,0.18026339373749486
543000,0.17984269735504985
544000,0.1798345367910917
545000,0.1794916935740207
546000,0.17988672822645305
547000,0.17906589979886756
548000,0.1777803495041458
549000,0.1783768358598117
550000,0.17840010156049657
551000,0.17771316092590034
552000,0.17709556646773406
553000,0.1779943593363253
554000,0.17782185363001696
555000,0.1780293806574829
556000,0.17801687159833393
557000,0.1773052468463726
558000,0.17717433270105004
559000,0.1756679534100012
560000,0.17619176991849567
561000,0.176612288175971
562000,0.17711940063511633
563000,0.1760528359123838
564000,0.1756084333136693
565000,0.17553726591899
566000,0.1763627561181174
567000,0.17654550594107266
568000,0.17558532640686436
569000,0.17572318030322548
570000,0.17435603075918593
571000,0.17537921892807987
572000,0.17499529728470167
573000,0.17541991609657256
574000,0.1750521350136335
575000,0.17543606229129055
576000,0.17584684378648682
577000,0.17592267423887706
578000,0.1756840523971763
579000,0.17583607001463014
580000,0.1755484392674626
581000,0.17555253418310646
582000,0.17447736757626398
583000,0.17504467434858895
584000,0.17587468093190653
585000,0.17637462464755094
586000,0.17609194044231613
587000,0.176414945360231
588000,0.1767101548314115
589000,0.17613152068203003
590000,0.17551967180533065
591000,0.17500825349294355
592000,0.17501415419542496
593000,0.17440597762745855
594000,0.17440729829807994
595000,0.1745175162041694
596000,0.173279575558493
597000,0.1737904845938637
598000,0.17331576336983837
599000,0.1745862619541489
600000,0.17458290835631776
601000,0.17518229022721823
602000,0.1760039463799797
603000,0.17584829298864166
604000,0.1766418930820738
605000,0.1757146470536124
606000,0.17622673892256915
607000,0.1756902364405684
608000,0.17560263307231952
609000,0.17496191565404404
610000,0.1758110465169922
611000,0.17493858047738728
612000,0.17482259476505482
613000,0.17600064633450108
614000,0.17718644587556065
615000,0.17717944678351816
616000,0.17624555557527785
617000,0.17566612585543964
618000,0.17621318344305364
619000,0.17495956480073308
620000,0.17454098290089934
621000,0.17193897128018823
622000,0.17188244529756286
623000,0.17151977545961888
624000,0.171473692526823
625000,0.1714983312939753
626000,0.17100771396843237
627000,0.1703758946225823
628000,0.17109223676669652
629000,0.16959448591815499
630000,0.16977106407320003
631000,0.1693067500146055
632000,0.1686703170844611
633000,0.1669198474295034
634000,0.16602627172109832
635000,0.16538817811090553
636000,0.16485235881598814
637000,0.16436990426253573
638000,0.16406303471286504
639000,0.16522424337479866
640000,0.16564140001411698
641000,0.1645905755766251
642000,0.16371635185975308
643000,0.16397876739250503
644000,0.16400277121229578
645000,0.16208896531496708
646000,0.16160165687052347
647000,0.1617364355354673
648000,0.1618529524448069
649000,0.16134346252135195
650000,0.16176858406401595
651000,0.16067886404096174
652000,0.1612393936355687
653000,0.16094855186664644
654000,0.16066163925414564
655000,0.15994900990283661
656000,0.15944084850041446
657000,0.15957240345743745
658000,0.15956320667086846
659000,0.1593339028763915
660000,0.15848124603657102
661000,0.15717828020710228
662000,0.15721456920703514
663000,0.15809106968294276
664000,0.15839847427750176
665000,0.15866707166228794
666000,0.15847218569766916
667000,0.15914470962825297
668000,0.15935077439202242
669000,0.15896181643907212
670000,0.15806263530121306
671000,0.15773033289872465
672000,0.15790164567493697
673000,0.1576412838735299
674000,0.15582088306073044
675000,0.1553764768494347
676000,0.15646688347079918
677000,0.15537188611259745
678000,0.15336028815948408
679000,0.15302559954993092
680000,0.15173941298955
681000,0.1523359118039186
682000,0.15194114227171998
683000,0.15184479475410648
684000,0.15239474822531937
685000,0.15239474542429457
686000,0.15220677710484007
687000,0.1525213174554381
688000,0.15242023742170646
689000,0.15214714820564643
690000,0.15171796421871517
691000,0.15121047071433652
692000,0.151208152806704
693000,0.15097623021296852
694000,0.15137337412163937
695000,0.15182882550996596
696000,0.15133682218496566
697000,0.15080179542083313
698000,0.15057373055221718
699000,0.15069089626426635
700000,0.1503944248182218
701000,0.1499301345538667
702000,0.15041760439460325
703000,0.1505353451197332
704000,0.15083775568744784
705000,0.15192865260171323
706000,0.15141240624707314
707000,0.14988752273801118
708000,0.14932414913889583
709000,0.1487775718650998
710000,0.1483361605336994
711000,0.14797333298092746
712000,0.1483851684331552
713000,0.14727989602378033
714000,0.148204098585359
715000,0.14778087144634497
716000,0.14754577143986464
717000,0.1464525985471701
718000,0.14548565402749022
719000,0.14523107406766775
720000,0.14465334888515488
721000,0.14424996966038015
722000,0.1441374969697617
723000,0.14371871228150257
724000,0.14332205695973604
725000,0.14373227299390748
726000,0.14284611336774944
727000,0.1426875015758722
728000,0.1436765208767569
729000,0.14406963680792112
730000,0.1450110866448107
731000,0.14437939394153748
732000,0.14228539824359052
733000,0.14264193848987403
734000,0.1415418308569623
735000,0.14243297365003638
736000,0.14088322343668677
737000,0.14201193852921254
738000,0.141347405091951
739000,0.1413020025696395
740000,0.14196324919716033
741000,0.14120353301937952
742000,0.14131241208202555
743000,0.140369645320604
744000,0.14111032788093014
745000,0.14038730958157578
746000,0.14095114807147693
747000,0.14137023525292527
748000,0.14207902999878994
749000,0.14103175147145255
750000,0.1412707498183472
751000,0.14071149872857325
752000,0.14108265696212283
753000,0.1405713293482229
754000,0.1397348489337084
755000,0.13942124966421596
756000,0.13937761610788818
757000,0.13705250549921832
758000,0.13707304648944385
759000,0.1365406855458763
760000,0.1362161680302291
761000,0.13705603690027862
762000,0.1375441146457249
763000,0.13700639484757726
764000,0.13583074308595008
765000,0.1356098978357989
766000,0.13545133646042973
767000,0.13512238470792884
768000,0.1339823583626128
769000,0.13324397188290377
770000,0.13247393081545344
771000,0.1330283839042302
772000,0.13270957608587908
773000,0.1331243079202334
774000,0.13278636749101766
775000,0.1320150976281168
776000,0.13321524574498653
776000,0.13321524574498653
778000,0.1333087990328744
779000,0.13272562771859425
780000,0.13178847618052617
781000,0.1316989447736811
782000,0.1317695894723218
783000,0.13228731322852152
784000,0.13219240353349
785000,0.13335252315582272
786000,0.13195776582890092
787000,0.13067768511408676
788000,0.13100191324572052
789000,0.13101909335812342
790000,0.12965418869219325
791000,0.12929123291134684
792000,0.12985096975473623
793000,0.12996160246010088
794000,0.12978279214591512
795000,0.1304117214463777
796000,0.1295890708956179
797000,0.12956724225336838
798000,0.12936819547366155
799000,0.13008279977324877
800000,0.12953523157646146
801000,0.1300388919275014
802000,0.13029719107370757
803000,0.1301940723517814
804000,0.12964364919241286
805000,0.13025679949972582
806000,0.13036913665728644
807000,0.1306788013263942
808000,0.13068239136578808
