1000,0.5164376359371943
2000,0.4826837004757539
2000,0.4826837004757539
4000,0.5053578923868648
5000,0.5558803032927022
6000,0.6227390796584344
7000,0.5830813612500815
8000,0.4931648446180426
9000,0.5023741987216627
10000,0.4682187555728651
11000,0.4486355810363869
12000,0.4576247766460586
13000,0.45138559466535183
14000,0.43414813467259705
15000,0.416488358597476
16000,0.4067086172291437
17000,0.40140593115980566
18000,0.3901539666821599
19000,0.3854606140883177
20000,0.3705488908630362
21000,0.36455073651333236
22000,0.36320392894954434
23000,0.3603957890611252
24000,0.3572021659901509
25000,0.35461033998896285
26000,0.35594741395512963
27000,0.3490573221558362
28000,0.3544223442391635
29000,0.3527365871113207
30000,0.34617014997680207
31000,0.3442873658515223
32000,0.34353645395243715
33000,0.3342744802800492
34000,0.33379620141148236
35000,0.32936226571026256
36000,0.33291113999225264
37000,0.33251507830273075
38000,0.32394944773388146
39000,0.31681350830512023
40000,0.31881625321998036
41000,0.32167320163715696
42000,0.3217202805124253
43000,0.3187565080233434
44000,0.31565094327469434
45000,0.31466044463137105
46000,0.30736092687170885
47000,0.3074995626905739
48000,0.3091405689054465
49000,0.3086613206039165
50000,0.3089604542137946
51000,0.30566002460998914
52000,0.3024940504878191
53000,0.30038703565051256
54000,0.30094374992710266
55000,0.29957545255686086
56000,0.30117859471466246
57000,0.3024878674821789
58000,0.30101965731480657
59000,0.30225405613141576
60000,0.3051897401285226
61000,0.30444314341470957
62000,0.3059005204610564
63000,0.3050421034402883
64000,0.30288551558421223
65000,0.3011115510960259
66000,0.3029681343467889
67000,0.3017877586241611
68000,0.3009428734837916
69000,0.3007988581537521
70000,0.2984221051515839
71000,0.29916251427380386
72000,0.3011429063188584
73000,0.3006229391834817
74000,0.29883238258587447
75000,0.29608343810615506
76000,0.2961827328784987
77000,0.29306854741288774
78000,0.2920508025127946
79000,0.2928549617428008
80000,0.2909215084956501
81000,0.2918455303067782
82000,0.2914620427126355
83000,0.2893376653703405
84000,0.2879920851224999
85000,0.2865614721786886
86000,0.2886025097539535
87000,0.2882912475513493
88000,0.2877898768944863
89000,0.2870632649599722
90000,0.2854787829998815
91000,0.2834551875442339
92000,0.2828602123986647
93000,0.28305843833526756
94000,0.27965975407588434
95000,0.28042870666734965
96000,0.27877816485996904
97000,0.27938488498836106
98000,0.27985628812071844
99000,0.2792345153844317
100000,0.2785411169616679
101000,0.2773797216395369
102000,0.27852081719666527
103000,0.2772643579335938
104000,0.276748933733997
105000,0.27741555548717506
106000,0.2789216075429666
107000,0.27768736331061133
108000,0.2766969028113224
109000,0.27514244501333157
110000,0.2722933982282734
111000,0.2713579800845978
112000,0.2695757249617331
113000,0.2697639283758958
114000,0.27124729680420634
115000,0.27134563778884924
116000,0.27123888171774
117000,0.2705672788659294
118000,0.2711097866629031
119000,0.26865554534811414
120000,0.26954038388004803
121000,0.2692733153392955
122000,0.2684276360051086
123000,0.2683101197926586
124000,0.2690263676993053
125000,0.2692963807206176
126000,0.2678404479002937
127000,0.26772089717664393
128000,0.2671632046752728
129000,0.2667527588148971
130000,0.2652736531781469
131000,0.26449512174640005
132000,0.265422289880738
133000,0.2666013888775843
134000,0.2674693394297637
135000,0.26689542587344406
136000,0.2660175786462476
137000,0.26458260749317947
138000,0.2636794592782168
139000,0.26540591613276737
140000,0.26403830691305613
141000,0.26364647348039966
142000,0.26308697894258315
143000,0.2625460751612651
144000,0.2623599005569118
145000,0.2620278547027972
146000,0.26126626245834345
147000,0.2602758682790566
148000,0.26050824855881216
149000,0.2617968612943226
150000,0.26208632089046024
151000,0.26197783932399415
152000,0.2614781129954591
153000,0.2610797856760271
154000,0.2604441726332956
155000,0.2600723140946418
156000,0.2580885446133396
157000,0.2577409461856096
158000,0.2584731439814339
159000,0.2583273782694605
160000,0.25906250171916295
161000,0.2593955685053121
162000,0.25931656913124723
163000,0.257981855686276
164000,0.25741319774580235
164000,0.25741319774580235
166000,0.2576613086240355
167000,0.2572201930556248
168000,0.2566623372008574
169000,0.25661400016219577
170000,0.25580893904190505
171000,0.25625469424780173
172000,0.2567929713516506
173000,0.25644528625885005
174000,0.25764287065726765
175000,0.2570168145707733
176000,0.2556256147716119
177000,0.2554243330791653
178000,0.2554050573729217
179000,0.25443970455574855
180000,0.2540889951836438
181000,0.253049090523736
182000,0.25264046188651407
183000,0.2524060092632255
184000,0.2518393593941697
185000,0.2524978200427354
186000,0.25253311329979977
187000,0.25308037751917967
188000,0.25189272438131144
189000,0.2513496291539931
190000,0.2518035730754097
191000,0.2510465676922228
192000,0.2505467843435413
193000,0.2511069384463512
194000,0.24845730825465548
195000,0.24724492063894923
196000,0.2450880073644588
197000,0.24330612686880437
198000,0.23966031538676555
199000,0.23876566012112518
200000,0.23860714118657697
201000,0.2377548499823852
202000,0.2356841817453155
203000,0.23573930934600248
204000,0.23644460052426547
205000,0.2360165822581329
206000,0.23449766364204025
207000,0.23291177408242872
208000,0.2324893819181264
209000,0.23273877600774018
210000,0.23458933907566892
211000,0.23399244899425928
212000,0.23287739523519524
213000,0.23294747086007303
214000,0.23161029948266657
215000,0.23097661996266708
216000,0.23009084736214236
217000,0.23204521891766483
218000,0.23237990641968576
219000,0.2313352388680514
220000,0.23097726981999248
221000,0.23146779869549522
222000,0.2305952519569553
223000,0.2294032646893181
224000,0.22882545645211302
225000,0.22858822934060738
226000,0.22652682546319072
227000,0.22598769970456065
228000,0.2260424839375648
229000,0.22501115498984206
230000,0.2249947361157905
231000,0.22459245784631446
232000,0.22441750925282428
233000,0.22272429041011044
234000,0.22061117185249146
235000,0.22262347844195465
236000,0.22395082419141948
237000,0.22196031633981525
238000,0.22137644136225135
239000,0.221880024025635
240000,0.2213036702834217
241000,0.219940742656944
242000,0.21955706342105907
243000,0.21964822519886207
244000,0.21937216795755318
245000,0.21867350136654545
246000,0.21897332946140272
247000,0.21978644579223897
248000,0.22083775031766417
249000,0.22027490825913532
250000,0.22014388299696983
251000,0.2188390966799144
252000,0.21865365054026634
253000,0.2179891628392632
254000,0.2163787136187438
255000,0.2160583223070589
256000,0.21396663340163416
257000,0.21328440833526355
258000,0.2133848723585964
259000,0.21336766847172386
260000,0.21228586923283171
261000,0.21138881623957512
262000,0.21101136504770254
263000,0.21093959246545138
264000,0.2094393104936411
265000,0.20896109577678293
266000,0.20836646663998717
267000,0.20821954984907826
268000,0.20780437663819265
269000,0.20877180735820047
270000,0.20966838820525874
271000,0.20892190404877903
272000,0.209503089494888
273000,0.20964006511600927
274000,0.21012395900016695
275000,0.2108938769163057
276000,0.2105000519644971
277000,0.2085670526854051
278000,0.20845129383685565
279000,0.20798524288311995
280000,0.20832638902540457
281000,0.20825740478499788
282000,0.2076287886530238
283000,0.20923031771622783
284000,0.20776431634867765
285000,0.2076054138229578
286000,0.20809862934188167
287000,0.20896269501079484
288000,0.20945454019792725
289000,0.20800599706477657
290000,0.2077469878557935
291000,0.20806579616629028
292000,0.2079312080748581
293000,0.20692556188695282
294000,0.2072715281950491
295000,0.20600920609428539
296000,0.20607056745220578
297000,0.20542835621413308
298000,0.20529889582500993
299000,0.20662126382996762
300000,0.20742452753573007
301000,0.20842044718397193
302000,0.20872721541412084
303000,0.2078454617677844
304000,0.20597819483874702
305000,0.2049808626400923
306000,0.20574277978934083
307000,0.20435256864431267
308000,0.2037133970587333
309000,0.20547665929406606
310000,0.2044542982546304
311000,0.2045595269638984
312000,0.20587894259665598
313000,0.20541722756478675
314000,0.2033194542054965
315000,0.20275691542282828
316000,0.20220400627362212
317000,0.20162659184474305
318000,0.20167884625000856
319000,0.2006759709445576
320000,0.20152594826824424
321000,0.20177346576975577
322000,0.2012394190505169
323000,0.1999391002660953
324000,0.19991324013951062
325000,0.1981901712793013
326000,0.19827367568840082
327000,0.19933063716201851
328000,0.198249510692245
329000,0.19733881276516174
330000,0.19585214489980055
331000,0.1962230244167875
332000,0.19635686686724718
333000,0.19596990055071506
334000,0.19491981864397867
335000,0.194698627005017
336000,0.19464409780013794
337000,0.19412397748419402
338000,0.19365121526398826
339000,0.1918430642886817
340000,0.19096041877543504
341000,0.1900140883198009
342000,0.18920333049824672
343000,0.18983351416996475
344000,0.1903916146680558
345000,0.1900292195888183
346000,0.18967690048304542
347000,0.18975619290823914
348000,0.1901472434119725
349000,0.18876864013650585
350000,0.18813160981841154
351000,0.18827613962090617
352000,0.18661992705523073
353000,0.18629339592333394
354000,0.18630523435351964
355000,0.1854818979738919
356000,0.1849799917856798
357000,0.18454425059406016
358000,0.18526918379860963
359000,0.1843537905221795
360000,0.18549188258890462
361000,0.18508992001674643
362000,0.18508829912628735
363000,0.1861753832029659
364000,0.18526505335518295
365000,0.18511958687826915
366000,0.1851150425997819
367000,0.18538549448254418
368000,0.18519493453977684
369000,0.18516787929003437
370000,0.18426101526123861
371000,0.18555408029825463
372000,0.18476169019547298
373000,0.1856987476368412
374000,0.18462623043126358
375000,0.1845835247727887
376000,0.18523701217731908
377000,0.18421157185628084
378000,0.1837464578769916
379000,0.18281795755734992
380000,0.18415575741284984
381000,0.1856697478524908
382000,0.1849592987627118
383000,0.18511753568913025
384000,0.18475118887988573
385000,0.1848587679222166
386000,0.1864010689614824
387000,0.18714827489940386
388000,0.1857859168044324
389000,0.18601263548306185
390000,0.18587375964938257
391000,0.18706275735574154
392000,0.1860266375872499
393000,0.18673875954365138
394000,0.1851028767969905
395000,0.18461200818660212
396000,0.18513997934770132
397000,0.18501156567412352
398000,0.18390455220120686
399000,0.1840738284092755
400000,0.18353207848912734
401000,0.18202655070798168
402000,0.18144948911503891
403000,0.18052762053804328
404000,0.17983830660978778
405000,0.18052497040333662
406000,0.18242314798011164
407000,0.18232935118290988
408000,0.18054414287732173
409000,0.18007102066773895
410000,0.18093387061048863
411000,0.18127468031823854
412000,0.18088533448166955
413000,0.18087519175581998
414000,0.1813061773738431
415000,0.1814780349828086
416000,0.1808042193257514
417000,0.1805037775214928
418000,0.1804497227499056
419000,0.18098038176905107
420000,0.1810107390616475
421000,0.18089661377265653
422000,0.18194718190591946
423000,0.18229036882798944
424000,0.1817785687826615
425000,0.18330062241311015
426000,0.18454583598835445
427000,0.1844058625158179
428000,0.18266782775413748
429000,0.18187203345229788
430000,0.1815487152794206
431000,0.18048543850290213
432000,0.18196531273058433
433000,0.18176669051974909
434000,0.18226020743958288
435000,0.1845132726864132
436000,0.18379384627296852
437000,0.18379194221264925
438000,0.18396849811987154
439000,0.18300598481995495
440000,0.1808013154841831
441000,0.18038992567910575
442000,0.18085448793448058
443000,0.18139337763462787
444000,0.18148893390429685
445000,0.18100375981420758
446000,0.18076301650152682
447000,0.18090680992844743
448000,0.1803569784958427
449000,0.17902420400034605
450000,0.17907579560542203
451000,0.1773418820900366
452000,0.17744581109733845
453000,0.17731704230512202
454000,0.17805773855712687
455000,0.1774739953963583
456000,0.17865123188824092
457000,0.17763812963180603
458000,0.17832675095605816
459000,0.1783397119870856
460000,0.1795232183744728
461000,0.18047723297801505
462000,0.18027064188443157
463000,0.17928284227802138
464000,0.1797348481857123
465000,0.17854620468874208
466000,0.17749817681543295
467000,0.17802691822806646
468000,0.1773852665202139
469000,0.17695222403925076
470000,0.1774031201316016
471000,0.17833113485046376
472000,0.1788154366054572
473000,0.17727781861689026
474000,0.17760645369420178
475000,0.17752599608925862
476000,0.17793339335868733
477000,0.1773414330843343
478000,0.177047942920928
479000,0.1761733651076543
480000,0.17717308197332893
481000,0.1784555531302355
482000,0.17652337311990346
483000,0.17555196405427875
484000,0.17547361517428356
485000,0.17553348342519107
486000,0.1748261354337248
487000,0.17530552086676193
488000,0.17371977420948512
489000,0.17516021060193926
490000,0.17506170761252815
491000,0.1746568508390075
492000,0.17575385338720706
493000,0.17620432452485812
494000,0.17489448938201854
495000,0.17441408359675709
496000,0.17389483145190973
497000,0.17434645109760247
498000,0.17470252316010587
499000,0.17522202557845531
500000,0.1740342429685044
501000,0.17381551080783475
502000,0.17522339446946913
503000,0.17629037551610013
504000,0.17595343572595942
505000,0.17472456975033754
506000,0.17480493850569997
507000,0.17377815980262673
508000,0.1729204892974962
509000,0.1722549927886748
510000,0.17250662000444192
511000,0.17243921445335028
512000,0.17293402166876165
513000,0.17166007985443024
514000,0.17226612325306428
515000,0.17286497272164428
516000,0.17331101344530692
517000,0.17272608900275116
518000,0.1731572513991711
519000,0.17259938935053043
520000,0.17256997240280425
521000,0.17363705445039332
522000,0.173608291803789
523000,0.1731434444994589
524000,0.17281346858784838
525000,0.17131279042754324
526000,0.17279967207762195
527000,0.17304786861854785
528000,0.1714584935865199
529000,0.1721606065712993
530000,0.17256853310868825
531000,0.17447257043306744
532000,0.17499709896736357
533000,0.17470847936498551
534000,0.17501383589867647
535000,0.1748346388321864
536000,0.1753810638349325
537000,0.17664840075926272
538000,0.1764244668560628
539000,0.17497470117749594
540000,0.17646552113253755
541000,0.1760217623093607
542000,0.17697269173041183
543000,0.17721965593823755
544000,0.17722646852516136
545000,0.17608143512840757
546000,0.17616104126342658
547000,0.17612021290190677
548000,0.17521934235891107
549000,0.17593363546397905
550000,0.17640306907026373
551000,0.17479806639017395
552000,0.1743575632141776
553000,0.17524654906519943
554000,0.17498502744508493
555000,0.1747634088955814
556000,0.1747591104756473
557000,0.1752536210816971
558000,0.17630788664765593
559000,0.1746213765285692
560000,0.174660869356918
561000,0.17362089826066693
562000,0.174184508947465
563000,0.17251937729078737
564000,0.16974779084268196
565000,0.17003312280055263
566000,0.17137204149471802
567000,0.17114107399721393
568000,0.1706877373065405
569000,0.1715565602335245
570000,0.17160334086850287
571000,0.17094578005603772
572000,0.16931366065597012
573000,0.1693881025286999
574000,0.16847497828679972
575000,0.16832388605684215
576000,0.16772828398752065
577000,0.16825966180284843
578000,0.16763151760291345
579000,0.1661951114299063
580000,0.16547416871649945
581000,0.1653098669525393
582000,0.16466782720989762
583000,0.1631753686899934
584000,0.1632709335325701
585000,0.16383820960394024
586000,0.16350731264596036
587000,0.1644703287924496
588000,0.16390222547917868
589000,0.16369307949706313
590000,0.16248504446937084
591000,0.16257659953744122
592000,0.162492651608286
593000,0.16104879894350915
594000,0.1609133572318697
595000,0.16122056267810983
596000,0.16019106989639506
597000,0.16057059047663508
598000,0.16087025745195752
599000,0.16234349663210473
600000,0.1622786868352122
601000,0.16313043944534805
602000,0.16338828485724777
603000,0.1632901389069981
604000,0.16242911993067344
605000,0.16161476726181626
606000,0.16187198871743522
607000,0.16139669058823455
608000,0.16094723598240754
609000,0.16046542188338891
610000,0.16021060827206418
611000,0.15925777598922206
612000,0.15759442214399846
613000,0.15858464489765559
614000,0.16035517221999626
615000,0.15942614390524507
616000,0.1592534572852606
617000,0.15886240763465775
618000,0.16027784747995474
619000,0.15937944912305327
620000,0.15922086745649486
621000,0.15757609746584267
622000,0.15600637924983482
623000,0.15535735118823857
624000,0.15590129207761325
625000,0.15642340894672957
626000,0.156107120129642
627000,0.1542647736172877
628000,0.15377538929338494
629000,0.1533135660429491
630000,0.1518710150905205
631000,0.15155406939051194
632000,0.15184804984055256
633000,0.1512421847075871
634000,0.1514537084510627
635000,0.15050772472872642
636000,0.1504938552464151
637000,0.15043325009857775
638000,0.1501571776330993
639000,0.14995083426003497
640000,0.1504293427434261
641000,0.15037936189920695
642000,0.1499197889042753
643000,0.14947670625580584
644000,0.14983121927044873
645000,0.14992110048784632
646000,0.14989824276806643
647000,0.15065939851101556
648000,0.1515793049515379
649000,0.15082572662668123
650000,0.1504126780171796
651000,0.1497972624668586
652000,0.1491305141347961
653000,0.1483281500160543
654000,0.14893839706891737
655000,0.14856345936304183
656000,0.1482202330112296
657000,0.147197014482888
658000,0.1468019547897775
659000,0.1467725650627887
660000,0.14630548644185556
661000,0.14593882836355568
662000,0.14564720513368676
663000,0.14554961459767593
664000,0.14561329508257678
665000,0.1451345684972125
666000,0.1451363534280584
667000,0.14563838935409218
668000,0.14525286223374972
669000,0.1443555233922744
670000,0.14289134736638567
671000,0.144146036134724
672000,0.1441652148082079
673000,0.1429746087584407
674000,0.14232711859194627
675000,0.14242329075994245
676000,0.14203739978428842
677000,0.14106617688353612
678000,0.14057737096008105
679000,0.13947282647814113
680000,0.1394943284169891
681000,0.1406104316976453
682000,0.14006174131847102
683000,0.13921669926543107
684000,0.13959599549904095
685000,0.1376040531812306
686000,0.13807185075232806
687000,0.13782912211973486
688000,0.13798067763438357
689000,0.13646003893900174
690000,0.13648894259770744
691000,0.13607113153069214
692000,0.1354755317609004
693000,0.1338419135376505
694000,0.13399194587701238
695000,0.13450289629923337
696000,0.13286532118551536
697000,0.13159951376242776
698000,0.13107924519110975
699000,0.13144540828333695
700000,0.13097803421423526
701000,0.13093051016086216
702000,0.13260589533457282
703000,0.1320101601232213
704000,0.1313907132973707
705000,0.13226660222654887
706000,0.1317918392882073
707000,0.13152232391946217
708000,0.13139119428470297
709000,0.1304380003331119
710000,0.13090328894125886
711000,0.1291821574264115
712000,0.12904431912125797
713000,0.12863786427455728
714000,0.12958934879194656
715000,0.1295695597525052
716000,0.1309292177962336
717000,0.12948349868135775
718000,0.1274736565452091
719000,0.12821153586234474
720000,0.12751509289496513
721000,0.1277882054527825
722000,0.1259997573408024
723000,0.12534421218268685
724000,0.125822115843075
725000,0.1258947144481778
726000,0.12518101878041346
727000,0.12532711117972756
728000,0.12416388163585841
729000,0.12569827274154666
730000,0.12619511644187922
731000,0.12517774466122336
732000,0.1242756856982788
733000,0.12471292244909302
734000,0.1256684891111338
735000,0.1259085223762529
736000,0.12586187213982647
737000,0.12794055030660753
738000,0.1268085431546262
739000,0.1257683691538843
740000,0.1258812394383878
741000,0.12662188950904602
742000,0.12672635268423427
743000,0.12562111859680358
744000,0.12620025718784025
745000,0.1258853955220358
746000,0.1261746087076152
747000,0.12624840554231448
748000,0.12810633884067046
749000,0.12736608973398006
750000,0.12818196769760845
751000,0.12734574895390505
752000,0.12783320567618411
753000,0.1274549674409429
754000,0.12807138405617194
755000,0.12730392336491075
756000,0.1256904736392073
757000,0.12438246833901012
758000,0.12423818354838238
759000,0.12358401085205405
760000,0.12355609108686855
761000,0.12431292825134145
762000,0.12444039984802442
763000,0.12450764769515947
764000,0.12420916493611772
765000,0.12472707033445864
766000,0.12434174308404798
767000,0.12441507648523223
768000,0.12298762216723548
769000,0.12191823202778727
770000,0.1214525802084104
771000,0.12087301815866769
772000,0.12104414024611847
773000,0.12248790325336942
774000,0.12180273099518751
775000,0.12067508955318133
776000,0.12197011164691708
777000,0.12112123927339365
778000,0.12095392052431876
779000,0.12063096872193815
780000,0.11966828758889012
781000,0.11935099612127925
782000,0.12029040392622779
783000,0.12097307797314635
784000,0.12076258487791709
785000,0.12209972909078537
786000,0.12160870391461773
787000,0.12109791657109421
788000,0.12035042392457272
789000,0.11966942129550917
790000,0.11840695247203781
791000,0.1166357503941421
792000,0.11794627728343184
793000,0.1172583344714284
794000,0.1168788698368427
795000,0.11805283256783622
796000,0.11878507651896893
797000,0.11732749984572317
798000,0.11776055653105841
799000,0.1183590081250288
800000,0.11741184872442194
801000,0.11779263722363872
802000,0.11905261061999553
803000,0.1190051754900003
804000,0.11896475525360183
805000,0.11853385281740686
806000,0.11869411564718363
807000,0.11816629547189472
808000,0.11809069345420059
