1000,0.40177735714408414
1000,0.40177735714408414
1000,0.40177735714408414
4000,0.34466937103458406
5000,0.25180409948946253
6000,0.3831899036122983
7000,0.3557387816522968
8000,0.3183445059586461
9000,0.31126535159734015
10000,0.28636599820040765
11000,0.2873865289253573
12000,0.29706953853256246
12000,0.29706953853256246
14000,0.2846348675542525
15000,0.2638983230043868
16000,0.25372164314756757
16000,0.25372164314756757
18000,0.24308635271988696
19000,0.2483981626383669
20000,0.23288710368964924
21000,0.23488138642379575
22000,0.23396813446920017
22000,0.23396813446920017
22000,0.23396813446920017
25000,0.23548727139155787
26000,0.2285720289269999
27000,0.2306639815997181
27000,0.2306639815997181
27000,0.2306639815997181
30000,0.23000501260746217
30000,0.23000501260746217
32000,0.23169689399725676
33000,0.2259466007192919
34000,0.22694331510227642
35000,0.22086016052468277
36000,0.22890797109905903
36000,0.22890797109905903
38000,0.23239080265430276
38000,0.23239080265430276
38000,0.23239080265430276
41000,0.23161594922159323
41000,0.23161594922159323
43000,0.234067298625592
44000,0.22992699289950155
45000,0.23177681356325833
46000,0.2332906288487518
47000,0.2324574911369246
48000,0.23358666398690195
49000,0.23616293981605824
50000,0.23053559030426057
51000,0.231447396749698
51000,0.231447396749698
53000,0.23171464162128216
54000,0.23530231920621988
55000,0.2312962759990062
55000,0.2312962759990062
57000,0.23264685868193571
57000,0.23264685868193571
57000,0.23264685868193571
60000,0.23406530302032205
61000,0.23179989724208022
61000,0.23179989724208022
63000,0.23277558825532454
64000,0.23180958136810498
64000,0.23180958136810498
66000,0.23231299877738162
67000,0.23433077955460754
67000,0.23433077955460754
67000,0.23433077955460754
70000,0.23070990970460015
70000,0.23070990970460015
72000,0.23545335098309134
73000,0.23443035871961537
74000,0.23247725487292142
75000,0.2319831360237717
75000,0.2319831360237717
77000,0.23215148714873282
77000,0.23215148714873282
79000,0.23684439858566225
80000,0.23598794991979768
81000,0.2362233929091137
81000,0.2362233929091137
81000,0.2362233929091137
81000,0.2362233929091137
85000,0.234724426309233
86000,0.23538301828311375
87000,0.23619841128283553
88000,0.23467761771245974
89000,0.23392586840815313
90000,0.23402514864740248
91000,0.23486295759454404
92000,0.23275659492947653
93000,0.23889597931859222
94000,0.2355464911366252
95000,0.23683272115784873
95000,0.23683272115784873
97000,0.23883313269610032
98000,0.2389946554102182
98000,0.2389946554102182
100000,0.23944818552253774
100000,0.23944818552253774
102000,0.23842166670878454
102000,0.23842166670878454
102000,0.23842166670878454
105000,0.2414325050822756
106000,0.2437074899001035
106000,0.2437074899001035
106000,0.2437074899001035
109000,0.24286070800384288
110000,0.24174701928023226
110000,0.24174701928023226
110000,0.24174701928023226
113000,0.2419917186235041
114000,0.24368708039279832
114000,0.24368708039279832
116000,0.24303362272301252
117000,0.2422586307069844
117000,0.2422586307069844
117000,0.2422586307069844
120000,0.24264643000411362
121000,0.24534992816036028
121000,0.24534992816036028
123000,0.24168408301293
124000,0.24063623844840723
124000,0.24063623844840723
124000,0.24063623844840723
127000,0.24059644768004204
127000,0.24059644768004204
127000,0.24059644768004204
130000,0.2408842153389712
130000,0.2408842153389712
132000,0.240137247680322
133000,0.24015484910437693
134000,0.2389974274256971
135000,0.23735915683629907
136000,0.2374163886185672
137000,0.23637553483641421
138000,0.23565869622691038
139000,0.2380906689931796
140000,0.2366812629193387
141000,0.23682130255236444
142000,0.23600569590984521
142000,0.23600569590984521
144000,0.23290598286112416
144000,0.23290598286112416
144000,0.23290598286112416
147000,0.23160047756041616
147000,0.23160047756041616
149000,0.23178636639225142
150000,0.23190620314455204
150000,0.23190620314455204
152000,0.23062041186866294
153000,0.23090680979087666
153000,0.23090680979087666
155000,0.23219239518881224
156000,0.23042107594500372
157000,0.23011292114640092
158000,0.22936349597768216
158000,0.22936349597768216
160000,0.2300416652573411
161000,0.23082045896637293
162000,0.22966410276610838
162000,0.22966410276610838
162000,0.22966410276610838
162000,0.22966410276610838
162000,0.22966410276610838
162000,0.22966410276610838
162000,0.22966410276610838
162000,0.22966410276610838
170000,0.2304030834302552
171000,0.23046867106989388
171000,0.23046867106989388
173000,0.2298359848059736
174000,0.2293675696413808
175000,0.22943010090294766
175000,0.22943010090294766
177000,0.22813971487153303
178000,0.2281216591819109
178000,0.2281216591819109
180000,0.22842789038295458
181000,0.22741342965765785
182000,0.22765525080519358
183000,0.2269411298305578
183000,0.2269411298305578
185000,0.22595405927893614
186000,0.2268509733921827
186000,0.2268509733921827
186000,0.2268509733921827
189000,0.22712018829520392
190000,0.22723630325491403
191000,0.2262180727568954
191000,0.2262180727568954
191000,0.2262180727568954
194000,0.22517693452932958
194000,0.22517693452932958
196000,0.22434075784896543
196000,0.22434075784896543
198000,0.22404976681853314
198000,0.22404976681853314
198000,0.22404976681853314
198000,0.22404976681853314
198000,0.22404976681853314
198000,0.22404976681853314
198000,0.22404976681853314
198000,0.22404976681853314
206000,0.22498935844975135
207000,0.22641947365682064
208000,0.22686069724420987
208000,0.22686069724420987
210000,0.22700485981765045
210000,0.22700485981765045
212000,0.22637906417636855
213000,0.2265539175653554
214000,0.22665162056458774
214000,0.22665162056458774
214000,0.22665162056458774
217000,0.2274973084578832
218000,0.22750610285079953
219000,0.22767421305246174
219000,0.22767421305246174
221000,0.22737939379978522
221000,0.22737939379978522
221000,0.22737939379978522
221000,0.22737939379978522
225000,0.2268082208601853
226000,0.22600231092427103
227000,0.22449078211052143
228000,0.22270696044112945
229000,0.22178295848084198
230000,0.2215364841926018
231000,0.2207475514449394
231000,0.2207475514449394
233000,0.21989737887590188
234000,0.21848944720288083
235000,0.21775654308296796
236000,0.2188055415858085
236000,0.2188055415858085
236000,0.2188055415858085
236000,0.2188055415858085
240000,0.2180665602165496
240000,0.2180665602165496
242000,0.21725550097058235
243000,0.21777677958193653
244000,0.21700304688547523
245000,0.21665446073897976
245000,0.21665446073897976
247000,0.21594128211161373
248000,0.2170495682093754
249000,0.2174152546836663
250000,0.21589379236120287
251000,0.21515181150616933
251000,0.21515181150616933
251000,0.21515181150616933
254000,0.21435325918340256
255000,0.21424115527001658
256000,0.2135114954089519
256000,0.2135114954089519
258000,0.21378609806790697
259000,0.21421331048594636
259000,0.21421331048594636
261000,0.2147949405531852
261000,0.2147949405531852
261000,0.2147949405531852
264000,0.2141291866959794
264000,0.2141291866959794
266000,0.21483181650590755
266000,0.21483181650590755
268000,0.2145338218240153
269000,0.21446804260482613
269000,0.21446804260482613
271000,0.2137698667638054
272000,0.21405363952158343
273000,0.2151918621493605
274000,0.21566980296795787
275000,0.21532760501485435
276000,0.21520468624713687
277000,0.21448435241136965
277000,0.21448435241136965
279000,0.2146827877789979
280000,0.21401488652518644
281000,0.21383862004137683
282000,0.2142404216099053
283000,0.21713305904825883
283000,0.21713305904825883
285000,0.21658110165120986
285000,0.21658110165120986
287000,0.2169950507359328
288000,0.21740932740076713
289000,0.2161344180012574
289000,0.2161344180012574
291000,0.2172039259509847
291000,0.2172039259509847
291000,0.2172039259509847
291000,0.2172039259509847
295000,0.2170505797899505
295000,0.2170505797899505
297000,0.21702228118314495
298000,0.21735615402062755
299000,0.2171514528393104
300000,0.21774546416418425
301000,0.2176901215901143
301000,0.2176901215901143
303000,0.2171299256170703
303000,0.2171299256170703
303000,0.2171299256170703
306000,0.2175091161385513
306000,0.2175091161385513
308000,0.21879858103494715
309000,0.21838568126321933
310000,0.21854467224449778
311000,0.21839301916763837
312000,0.21910054104307755
312000,0.21910054104307755
312000,0.21910054104307755
315000,0.218474737846934
315000,0.218474737846934
315000,0.218474737846934
318000,0.2187287327140313
318000,0.2187287327140313
320000,0.22026965691445735
321000,0.21997699197539794
321000,0.21997699197539794
323000,0.2188001144917167
323000,0.2188001144917167
325000,0.2176327283210863
326000,0.21765952732393978
327000,0.21853669004581172
328000,0.21798311981259275
328000,0.21798311981259275
328000,0.21798311981259275
331000,0.21740863145631859
332000,0.21648863696881004
332000,0.21648863696881004
334000,0.21678832586409347
335000,0.2171737592303516
335000,0.2171737592303516
335000,0.2171737592303516
338000,0.21774330244791532
339000,0.21721993507770654
339000,0.21721993507770654
339000,0.21721993507770654
342000,0.21655157758561738
342000,0.21655157758561738
344000,0.21675638458365565
345000,0.21645055038484537
345000,0.21645055038484537
345000,0.21645055038484537
348000,0.21587415330205886
349000,0.21529251510206676
350000,0.21541826798502864
351000,0.21528089999554695
352000,0.21594379875106795
352000,0.21594379875106795
354000,0.21655506880706665
355000,0.21608975185732618
356000,0.21552089502349056
357000,0.21495459115713267
358000,0.2141661581581171
359000,0.2139877543709076
359000,0.2139877543709076
361000,0.21426773481938582
362000,0.21465137346554017
363000,0.2146886802142493
364000,0.21583022237712912
365000,0.2168404618751977
365000,0.2168404618751977
367000,0.21671163788305203
368000,0.21719845650035188
368000,0.21719845650035188
368000,0.21719845650035188
368000,0.21719845650035188
368000,0.21719845650035188
373000,0.21739866690264628
373000,0.21739866690264628
375000,0.21687565490898733
376000,0.21659862619168732
377000,0.2160906806236507
378000,0.21593827691301112
379000,0.21637299894930867
380000,0.21677873721507004
381000,0.21792674431832174
382000,0.21758086728749174
383000,0.2165324165453581
384000,0.21614662637572005
384000,0.21614662637572005
386000,0.21699073674108477
387000,0.21736235437815296
388000,0.2168476062337957
388000,0.2168476062337957
388000,0.2168476062337957
391000,0.21786500001519332
392000,0.2178540011653463
393000,0.21751165482301693
393000,0.21751165482301693
395000,0.21836629981152525
396000,0.21783273451122354
397000,0.21706337434525044
398000,0.2160644013127907
399000,0.21595669801280115
400000,0.21580209399837572
401000,0.21434725082865055
402000,0.21508756319810265
403000,0.21476503028245167
404000,0.2145719883135899
405000,0.21436038920232814
406000,0.21474658515354725
406000,0.21474658515354725
406000,0.21474658515354725
409000,0.2143127331057526
410000,0.21506864233939024
411000,0.21520357595544512
412000,0.2153671339150948
413000,0.21493335731947633
413000,0.21493335731947633
415000,0.21487427285423943
416000,0.21499350199546538
417000,0.2148095542592257
418000,0.21438198899201985
419000,0.21408065956261454
420000,0.21376618942119519
421000,0.21334267120602127
422000,0.21352234008962714
423000,0.21440335518625336
423000,0.21440335518625336
425000,0.2145515354607445
426000,0.21498597714062864
427000,0.2146379035774126
428000,0.21480962483660498
428000,0.21480962483660498
430000,0.2149904103578648
431000,0.2147090285261083
432000,0.21549646799632122
432000,0.21549646799632122
434000,0.21480448652668313
435000,0.2149159573841891
436000,0.2154138030220641
437000,0.21447744059462404
437000,0.21447744059462404
439000,0.21433106148132017
440000,0.21411293296526593
441000,0.21380602518904002
441000,0.21380602518904002
443000,0.2134384052052171
443000,0.2134384052052171
445000,0.21311159970270724
446000,0.21398189671084056
447000,0.21418026785257593
448000,0.21457872537687436
449000,0.2141655147939102
449000,0.2141655147939102
449000,0.2141655147939102
452000,0.21442709535437393
453000,0.21447060613885674
454000,0.2148443611411701
455000,0.21563290390432024
456000,0.2160078861257247
456000,0.2160078861257247
458000,0.21547822998410832
459000,0.2156520464317513
460000,0.21544429438360635
460000,0.21544429438360635
462000,0.21544064114829908
462000,0.21544064114829908
464000,0.2149948867321034
465000,0.21457843630897713
465000,0.21457843630897713
465000,0.21457843630897713
468000,0.21419620262744782
469000,0.21425493901305356
469000,0.21425493901305356
471000,0.21513872828921682
472000,0.2157565450905063
472000,0.2157565450905063
474000,0.2153823215617306
475000,0.21647636824530506
476000,0.21683414032922024
476000,0.21683414032922024
476000,0.21683414032922024
479000,0.2176402205398587
480000,0.21775591076823267
481000,0.21774476337506443
481000,0.21774476337506443
481000,0.21774476337506443
484000,0.21724152530834648
485000,0.21701709319693815
486000,0.21674644681000768
487000,0.21683632032719355
488000,0.21685266540524026
489000,0.2169877621887247
489000,0.2169877621887247
491000,0.21682170794671374
492000,0.21703959074380527
492000,0.21703959074380527
492000,0.21703959074380527
492000,0.21703959074380527
496000,0.21726855238986564
497000,0.21785739618972522
498000,0.2182812361798011
499000,0.21848031759766437
500000,0.21811751900772072
500000,0.21811751900772072
502000,0.2186641621019936
503000,0.2192638988044894
504000,0.2185159435091314
505000,0.21815451723353207
506000,0.21769343225840684
507000,0.21695707019527166
508000,0.21703594765636744
508000,0.21703594765636744
510000,0.21710584529571733
511000,0.21667354022856916
512000,0.2170760581761972
513000,0.2171496466245451
514000,0.21654254668862555
515000,0.2166459114441974
516000,0.21663208853758292
517000,0.21627556978994814
517000,0.21627556978994814
517000,0.21627556978994814
517000,0.21627556978994814
521000,0.21662083533406704
522000,0.21681520396517345
523000,0.216462253512399
523000,0.216462253512399
525000,0.21602880427512391
526000,0.21625596401025782
527000,0.21597044597726872
528000,0.2152737722678404
529000,0.21494561350877728
530000,0.21441721316435175
531000,0.21379422025162156
532000,0.21365766171102343
533000,0.21416040882692458
534000,0.21384915881576735
535000,0.21347701750363418
536000,0.21316141060753818
537000,0.2128748855289719
538000,0.2124441864605852
539000,0.21267193866846423
540000,0.21328261156417652
540000,0.21328261156417652
542000,0.21300083159747124
543000,0.2126643141843293
544000,0.21233549183818207
545000,0.21209141247369948
546000,0.21214752502550718
547000,0.2118208739796244
548000,0.21156179434638303
549000,0.21168217497057437
550000,0.2116163393844301
551000,0.21155397380054103
552000,0.2116086503941312
553000,0.21136715983341775
553000,0.21136715983341775
555000,0.21133805237354045
555000,0.21133805237354045
555000,0.21133805237354045
558000,0.21115380103816922
558000,0.21115380103816922
560000,0.21152602201090176
561000,0.2112611033121175
562000,0.21147904485682006
563000,0.2110390667515923
564000,0.21072796536504623
565000,0.2103691633239833
566000,0.210574984383463
567000,0.21069953135919645
568000,0.21021244677907555
569000,0.20988743858439457
570000,0.20964317053936052
571000,0.20928895655051624
571000,0.20928895655051624
573000,0.20918980432462775
574000,0.20887905886200733
575000,0.20908390066056312
575000,0.20908390066056312
577000,0.20883325189611496
578000,0.20916291009104426
579000,0.20920278825141275
580000,0.20897006474019134
581000,0.20868037514943724
581000,0.20868037514943724
583000,0.20886928133571336
584000,0.20902541835821653
585000,0.20904461297520735
586000,0.2082958316987454
587000,0.20805094507088898
588000,0.2080649322039885
589000,0.20752818411679624
589000,0.20752818411679624
591000,0.20728501225833282
592000,0.2071013106190309
593000,0.20656904910391258
593000,0.20656904910391258
595000,0.20688023064645258
596000,0.20602403195531754
597000,0.20588527799354792
597000,0.20588527799354792
599000,0.20639928943861616
599000,0.20639928943861616
601000,0.2060320997495396
602000,0.2062839226607764
603000,0.2065843763319848
604000,0.20653020654933174
604000,0.20653020654933174
606000,0.20661903635524895
606000,0.20661903635524895
608000,0.20635894743773076
609000,0.2065572200674393
610000,0.20716536393988136
611000,0.20689758208650855
612000,0.2066818457886803
613000,0.20708590803275487
614000,0.2070311602485707
614000,0.2070311602485707
616000,0.20675987022895484
617000,0.20673235815216232
618000,0.2073262183224951
618000,0.2073262183224951
620000,0.20705514208849063
621000,0.2069349920730117
622000,0.2066745101262166
623000,0.20602020967320447
624000,0.20577407968165756
625000,0.20602951545760068
626000,0.20582784858280267
627000,0.20532857732848508
628000,0.20550453043399136
629000,0.20530364872491408
630000,0.20515853073917964
630000,0.20515853073917964
630000,0.20515853073917964
633000,0.20519630130289704
633000,0.20519630130289704
635000,0.20478638805355254
635000,0.20478638805355254
637000,0.2048944546800048
638000,0.20458077013751155
639000,0.20457389443995666
640000,0.20433383951723827
641000,0.2038451144859072
642000,0.2039087173342066
643000,0.20417041636865693
644000,0.20399421859514627
645000,0.20378076552844798
646000,0.20350770807622695
647000,0.203601095346853
648000,0.20387456697987952
648000,0.20387456697987952
650000,0.20384071534843565
651000,0.20320169903802612
652000,0.20374759569881493
652000,0.20374759569881493
654000,0.20383206600655984
655000,0.204034937226158
656000,0.20421427887726995
657000,0.20433634573875462
658000,0.20386633623523998
659000,0.20376205853194282
659000,0.20376205853194282
661000,0.20414707471397756
662000,0.20368937225877135
663000,0.20394598185701232
664000,0.2040061757823777
665000,0.20380302214808035
665000,0.20380302214808035
667000,0.2038792765841486
668000,0.20413357988758096
669000,0.2037081465576894
670000,0.20345658810235395
671000,0.20396427344434037
671000,0.20396427344434037
673000,0.20371613455827955
674000,0.20351050847669733
675000,0.20256851789243915
676000,0.20235466177936015
677000,0.20149436996143008
678000,0.20129226221919755
678000,0.20129226221919755
680000,0.2006098264673826
681000,0.20067841506119422
682000,0.20081675721291808
683000,0.20036410148431053
683000,0.20036410148431053
683000,0.20036410148431053
686000,0.2004032919390424
687000,0.20067117969795803
688000,0.2004646271180115
689000,0.20017186007813964
690000,0.19992744205420468
691000,0.1999480469666653
691000,0.1999480469666653
693000,0.19962765554433023
694000,0.1996244896114793
694000,0.1996244896114793
696000,0.1995462091979038
697000,0.19920363587089351
697000,0.19920363587089351
699000,0.1989557157110067
700000,0.19876572179849925
701000,0.19895656661893896
702000,0.19854030023612898
702000,0.19854030023612898
704000,0.19865947660914143
705000,0.19867977981418605
705000,0.19867977981418605
707000,0.19823201984471808
708000,0.19831704549447202
709000,0.1981306557982418
710000,0.19792667636606778
711000,0.19771967100618767
711000,0.19771967100618767
713000,0.197503850562185
714000,0.1976715116575242
715000,0.1974725819047999
716000,0.19772860853258023
717000,0.19753598017032903
718000,0.19764847196228327
719000,0.19766435242706626
720000,0.19749089555917324
721000,0.19760851606041352
722000,0.19741807137909556
723000,0.19689157629898563
724000,0.19693677780477448
725000,0.19707598900343343
726000,0.19671299412034912
726000,0.19671299412034912
728000,0.1968149971342762
729000,0.19705813111964396
730000,0.19715657940039052
730000,0.19715657940039052
732000,0.19693601365980204
733000,0.19698904492515826
734000,0.19700262466473584
735000,0.19724859578610937
736000,0.19710381461963733
737000,0.19725807520734492
737000,0.19725807520734492
737000,0.19725807520734492
740000,0.19720084233289348
741000,0.19744579831947345
742000,0.19707592898006443
743000,0.19719510641453894
744000,0.19758630345677058
744000,0.19758630345677058
746000,0.1976867724880907
747000,0.19745225397501504
748000,0.1974079970556849
749000,0.19703111193556191
750000,0.19733240995303877
750000,0.19733240995303877
752000,0.19733636327450413
752000,0.19733636327450413
754000,0.197166216109223
755000,0.19693963299065387
756000,0.19654128454830602
757000,0.19636865872019998
758000,0.19618093028269612
759000,0.19597195047833788
760000,0.19583557618367245
761000,0.19565483722908095
762000,0.19525063857387456
763000,0.1950808127363699
764000,0.19487924497582657
765000,0.19482586702948454
766000,0.19462786057205633
767000,0.19450760655318164
768000,0.19464324948911255
769000,0.19461517645283072
770000,0.1946935764829129
771000,0.1950318596838529
772000,0.19478807203608903
772000,0.19478807203608903
774000,0.19464855192081862
774000,0.19464855192081862
774000,0.19464855192081862
774000,0.19464855192081862
778000,0.1948429075247097
779000,0.19446956434439838
780000,0.19436267804254936
781000,0.19445786970079
782000,0.1946771137754316
783000,0.19490638919696213
784000,0.19478552123867082
785000,0.19484679972426672
786000,0.19446529388454298
787000,0.1942533078347472
787000,0.1942533078347472
787000,0.1942533078347472
790000,0.19406401231008427
791000,0.1940592220272168
791000,0.1940592220272168
793000,0.19387058001876983
794000,0.19397491392827584
795000,0.19402845940175134
796000,0.19392891483017333
796000,0.19392891483017333
798000,0.19406921221429874
799000,0.19423960275331031
799000,0.19423960275331031
801000,0.19469549710162942
802000,0.19526709319666408
802000,0.19526709319666408
804000,0.19507768444566967
805000,0.19518552098330802
806000,0.19534821397495558
807000,0.1953270504855921
808000,0.19515006969049176
