1000,0.6163029985118078
2000,0.6621608094400036
3000,0.6970866732780323
4000,0.7097329862087077
5000,0.695335077449899
6000,0.7192246030749045
7000,0.6755407924878205
8000,0.6202732246067084
9000,0.6059697326458119
10000,0.5825964297008105
11000,0.5821429347189758
12000,0.6047544212043342
13000,0.5982578988581237
14000,0.586792311834782
15000,0.5770788261593155
16000,0.5733131680698044
17000,0.571254659751316
18000,0.5597419876315004
19000,0.554848707287142
20000,0.5358141967143396
21000,0.5335981059148267
22000,0.5319198335390861
23000,0.5235830210299234
24000,0.5190597307922697
25000,0.513832718550505
26000,0.5157966351143836
27000,0.5035254982809969
28000,0.5071235083298469
29000,0.5027879063231351
30000,0.49057353556803635
31000,0.4848582854526796
32000,0.4823117897742974
33000,0.47462551768584915
34000,0.47364831594333656
35000,0.4682829376648062
36000,0.46951357567508856
37000,0.4682439507143136
38000,0.45893037590383834
39000,0.44977832336298895
40000,0.45328350166057835
41000,0.4548346621878271
42000,0.44963100622514557
43000,0.4425531288210326
44000,0.43746303507724527
45000,0.43318593974684255
46000,0.4257978370393172
47000,0.42410218661557464
48000,0.4216568313809783
49000,0.41789426254277867
50000,0.4159369627656562
51000,0.41058885172828147
52000,0.4059449640481193
53000,0.4046330171540577
54000,0.4042744684080452
55000,0.40349745220593963
56000,0.40483706735893427
57000,0.405521690389094
58000,0.4011245859944175
59000,0.4005629873655553
60000,0.40639845245274664
61000,0.40466423540617164
62000,0.4034157429367766
63000,0.40181798721699535
64000,0.39850038559798306
65000,0.39610657803061067
66000,0.3973884786962597
67000,0.395776217052983
68000,0.3934475224688244
69000,0.39338945690809485
70000,0.3911308384462882
71000,0.3913618535838752
72000,0.39330299406860864
73000,0.39497427805118296
74000,0.3926267914779806
75000,0.38976458833782274
76000,0.387696085366619
77000,0.3836719538306298
78000,0.3841844496778745
79000,0.3861980679523232
80000,0.3837045688646603
81000,0.38552941925150946
82000,0.38554973271972276
83000,0.3857632520182664
84000,0.3828366351780624
85000,0.3786058302296156
86000,0.3832633313853877
87000,0.38184834854160654
88000,0.38163478455164757
89000,0.3825949323581949
90000,0.3814873776622344
91000,0.3813878383390824
92000,0.3813243658781851
93000,0.3816328549097939
94000,0.37815872897782804
95000,0.37855593147408373
96000,0.3759177412129716
97000,0.3763751350250397
98000,0.37753150379873734
99000,0.3767130421247251
100000,0.3751698665320292
101000,0.37496784778138714
102000,0.37596371406424717
103000,0.3758565316325388
104000,0.37477524120923306
105000,0.3752283729597656
106000,0.3779512448945331
107000,0.37614869483454166
108000,0.37538374846252826
109000,0.3733864358230513
110000,0.3707278377354574
111000,0.3697827329101665
112000,0.36769866677558455
113000,0.36634857015093003
114000,0.36756049165368454
115000,0.3670009187995121
116000,0.3668563003959417
117000,0.3659781918821579
118000,0.36503486255100565
119000,0.36280871281150734
120000,0.3630442559676196
121000,0.36197737502076943
122000,0.36091581437005926
123000,0.3609420932528633
124000,0.3617101324694447
125000,0.36337528202890657
126000,0.3617878089686278
127000,0.3629042930221249
128000,0.3615881934036379
129000,0.3613319090986365
130000,0.3588459400858693
131000,0.35872033890906924
132000,0.35858280892603467
133000,0.3575803205802077
134000,0.3586079273107969
135000,0.3573302012155501
136000,0.3573010696720567
137000,0.3560757802968293
138000,0.35609751770982495
139000,0.3575878296536558
140000,0.35557520521445574
141000,0.35228227504550896
142000,0.34900785907901494
143000,0.34581350541420797
144000,0.3426587968494479
145000,0.33960346462391267
146000,0.33620822757526403
147000,0.334357780060846
148000,0.3346244023140573
149000,0.3350788282173089
150000,0.3354439152887098
151000,0.33459599152175346
152000,0.33502165498285924
153000,0.32919327911866086
154000,0.32686495007566635
155000,0.32525451499217634
156000,0.3218669019386831
157000,0.32143921029454703
158000,0.32089513653484364
159000,0.31904951185725305
160000,0.3193289914919169
161000,0.3192570311353442
162000,0.31922817785904994
163000,0.3163965431881516
164000,0.3171587650759998
165000,0.3168247477493918
166000,0.31632330593620217
167000,0.3145719838840995
168000,0.31473953464748966
169000,0.31396054254604866
170000,0.3108966467417348
171000,0.31148542241941324
172000,0.3116992560775931
173000,0.31155010543626155
174000,0.3147465499768934
175000,0.31225523862891635
176000,0.31138186663765605
177000,0.3110734802491579
178000,0.31001590296444587
179000,0.30980173175929715
180000,0.30819234379262606
181000,0.30630321029895563
182000,0.3067903680799617
183000,0.30790143508505957
184000,0.30529557075789227
185000,0.3058917325116384
186000,0.3057622953300711
187000,0.30816018822995295
188000,0.30833875994312093
189000,0.30760977472238277
190000,0.3089242351424919
191000,0.3080926784085636
192000,0.3080950658847326
193000,0.30721365882937823
194000,0.30848841581509534
195000,0.30962253560398695
196000,0.3115715482760573
197000,0.3108666087902955
198000,0.3093355203268366
199000,0.3065205701126663
200000,0.30642406890041807
201000,0.3051552801084116
202000,0.3029180857752452
203000,0.3052938576795574
204000,0.3053088279959652
205000,0.30211052164242963
206000,0.30066019565473573
207000,0.2999872564191043
208000,0.29894369111863195
209000,0.2993608319686414
210000,0.30251045490054485
211000,0.30043532061757233
212000,0.3002619728402517
213000,0.2987587890983178
214000,0.2992858840626457
215000,0.29610942557255737
216000,0.29273345375347076
217000,0.2955890413982771
218000,0.29687712127883964
219000,0.297031834378717
220000,0.2992566300291626
221000,0.2962024188226775
222000,0.2953556837090502
223000,0.29244151741176877
224000,0.2919668325934281
225000,0.29188219195239373
226000,0.2923542200007246
227000,0.29358178423223297
228000,0.29160876512985395
229000,0.2881446214833263
230000,0.28476534312041246
231000,0.28439697003979586
232000,0.2840573826915183
233000,0.2812686121948791
234000,0.2785841266795849
235000,0.27776830706006833
236000,0.2815601798196638
237000,0.2806606289126443
238000,0.2803320854837965
239000,0.28012882460804306
240000,0.27917932938176737
241000,0.27812183208804264
242000,0.27844450795322717
243000,0.27543010056146744
244000,0.2741492325194017
245000,0.2735048794195324
246000,0.2741786161241715
247000,0.271861457476121
248000,0.27252934429057857
249000,0.27176955121624247
250000,0.2722759737512912
251000,0.2727081273165027
252000,0.2732946468246562
253000,0.27404904345323833
254000,0.2735870826296715
255000,0.2718161405003865
256000,0.2697647044710034
257000,0.27021932672913523
258000,0.2692669759976146
259000,0.2691444849899332
260000,0.2696345923030044
261000,0.2700702259598911
262000,0.2686152153891583
263000,0.2701995940754468
264000,0.2676632965829452
265000,0.2663596763761115
266000,0.2648444034367552
267000,0.2629035177743207
268000,0.2614785054147028
269000,0.2623521511667882
270000,0.2618183326913469
271000,0.26166301490310023
272000,0.264693875585597
273000,0.26360403842119196
274000,0.26415363462478936
275000,0.26498175902669585
276000,0.26275180266966913
277000,0.26178208118987567
278000,0.26125499724207196
279000,0.26081144781725457
280000,0.25995935229180783
281000,0.2599554317472937
282000,0.2594034926043916
283000,0.25942407200406437
284000,0.25786758772725926
285000,0.255876635410158
286000,0.25600386271533604
287000,0.2558145667711752
288000,0.2593225644130584
289000,0.2574760918574559
290000,0.2543283102325843
291000,0.2530792336587273
292000,0.25373369810534996
293000,0.25268655429442227
294000,0.25376185829133996
295000,0.25376246569129246
296000,0.25430346232851714
297000,0.2565744785463045
298000,0.2557707524773906
299000,0.2556066470659804
300000,0.25337597893568625
301000,0.2518543494329613
302000,0.2511049167545039
303000,0.24899669803834684
304000,0.24891674517805434
305000,0.24864112125343324
306000,0.2497901105493819
307000,0.2473049948877985
308000,0.24655626336722816
309000,0.24734277318539122
310000,0.24757409928244808
311000,0.24683814264072362
312000,0.24576878654577758
313000,0.24530748104413058
314000,0.24293361598584165
315000,0.24254318856549914
316000,0.24257619776004496
317000,0.24080217980037774
318000,0.24046071613847905
319000,0.24013987976654494
320000,0.23974464073752358
321000,0.24063137858633332
322000,0.2418963087853764
323000,0.24202939409000562
324000,0.24169432990820183
325000,0.2392628974125021
326000,0.24015493363334564
327000,0.23951337615868257
328000,0.23811920890799734
329000,0.23757678499248105
330000,0.23583730763802568
331000,0.23651198398429488
332000,0.23688929565591782
333000,0.2355707148898797
334000,0.23539114932530497
335000,0.2329460893362545
336000,0.23113561757444437
337000,0.23067335551553708
338000,0.2316349898422762
339000,0.23173972278048408
340000,0.2304928782966764
341000,0.23021860039662298
342000,0.2309615354306548
343000,0.2293093137014093
344000,0.22937165175653587
345000,0.2290210094004372
346000,0.22755432609839693
347000,0.22801102979074483
348000,0.2283267713692382
349000,0.2277315687355596
350000,0.2243479087022819
351000,0.2262298622062502
352000,0.22566908299072494
353000,0.225294630311843
354000,0.22506085176765472
355000,0.22514688119176604
356000,0.22466297908682772
357000,0.22333720141948493
358000,0.21987800047793984
359000,0.21915800518925999
360000,0.21869759244391032
361000,0.2194486157105788
362000,0.22124452639348463
363000,0.22167020121277012
364000,0.2229436456442258
365000,0.22193004706964048
366000,0.2207814945573569
367000,0.21901280623400862
368000,0.21896193713362305
369000,0.2193719695083243
370000,0.2198608594461465
371000,0.22110837394469088
372000,0.22086249712989175
373000,0.22151683116918505
374000,0.2230771286850768
375000,0.2216712896221776
376000,0.22103102399334018
377000,0.2188823225063921
378000,0.22033852577063134
379000,0.22080770531714877
380000,0.22048314902865665
381000,0.22088247083745494
382000,0.2207641214662442
383000,0.2218146627437596
384000,0.22048231367100624
385000,0.22112903218387128
386000,0.22450108863020796
387000,0.22542954930600853
388000,0.22349683913598392
389000,0.2225671409914486
390000,0.22086262528400913
391000,0.22215374770877344
392000,0.2228552389182774
393000,0.221433858751698
394000,0.2198535337957827
395000,0.21947436706621568
396000,0.2201295171173538
397000,0.2206940642084472
398000,0.2211974148162177
399000,0.22029862076820586
400000,0.21978111655459515
401000,0.2192793849856588
402000,0.21875815863295583
403000,0.2180373853560609
404000,0.21696306727710185
405000,0.2155087080276312
406000,0.21850870838417932
407000,0.21774720558418548
408000,0.2183063727118772
409000,0.21806642656257735
410000,0.21848530366730842
411000,0.22056820735304347
412000,0.21955506176787476
413000,0.21680833969969973
414000,0.21521047620324824
415000,0.21360623899956546
416000,0.21356838801813874
417000,0.21326982895283164
418000,0.21456546163621243
419000,0.21424092816679444
420000,0.2127367208157774
421000,0.21092161332122006
422000,0.2118978204992114
423000,0.2116834879817628
424000,0.20956324703371862
425000,0.2096033615362731
426000,0.21029023007236738
427000,0.21031463038975043
428000,0.2103792196615655
429000,0.20937369883765616
430000,0.2106007072620178
431000,0.20821150769539287
432000,0.20897983195524938
433000,0.21065911263570203
434000,0.20972683316142365
435000,0.21094888364218928
436000,0.20661955091012538
437000,0.20793869096165962
438000,0.207540841971524
439000,0.208402116294287
440000,0.20664712503094865
441000,0.2048866562854014
442000,0.20624441748436187
443000,0.204807219645162
444000,0.20550885095669014
445000,0.20460966588009405
446000,0.20399261352495293
447000,0.20610783332537336
448000,0.20608737056201334
449000,0.20405263719309544
450000,0.20146863154539785
451000,0.2023679037072155
452000,0.2022275728748604
453000,0.20017461625086114
454000,0.2019632405585828
455000,0.19948292598819933
456000,0.19775751594561955
457000,0.19903550659291488
458000,0.19907116903254074
459000,0.2005256105164733
460000,0.20125475580944532
461000,0.20156547613988568
462000,0.2030736848485617
463000,0.20208684755244827
464000,0.20345612305030236
465000,0.20342712332006715
466000,0.2016303516848776
467000,0.20149050579207148
468000,0.2001403920885582
469000,0.20143154263591528
470000,0.20259342392569485
471000,0.2031191698709356
472000,0.20260171680684738
473000,0.20326530473087406
474000,0.20410538463936792
475000,0.20403266004864629
476000,0.20425193182667672
477000,0.20397201752293015
478000,0.2041517536636066
479000,0.20309464339689118
480000,0.203457996456411
481000,0.2040814284803314
482000,0.203293876748726
483000,0.2038889613983851
484000,0.20471045047955092
485000,0.20340188231799544
486000,0.20260862113742742
487000,0.2035321703061183
488000,0.20357775468846803
489000,0.20521653603440848
490000,0.20459944054458307
491000,0.20453310320837761
492000,0.20562012587033882
493000,0.207091082833632
494000,0.20640325250997532
495000,0.20502774376937777
496000,0.20525764253005097
497000,0.20611078075643804
498000,0.20582672029004
499000,0.20501193333612047
500000,0.20498056494058764
501000,0.20506360719829483
502000,0.20615362113851285
503000,0.2086189592813688
504000,0.20815394692086103
505000,0.20874784709749905
506000,0.20752219326110127
507000,0.20838382811559625
508000,0.20532374640513373
509000,0.20237802207165037
510000,0.2025370251238876
511000,0.20118845346779443
512000,0.2020434825437355
513000,0.2035108369390223
514000,0.20391071054521331
515000,0.2044109732042873
516000,0.20486644968174955
517000,0.20329059679864595
518000,0.20461792375343793
519000,0.20352506040840732
520000,0.20232282739697754
521000,0.20438648679247917
522000,0.20428161397218053
523000,0.20426745916847044
524000,0.20348197684438696
525000,0.20347401127923162
526000,0.20391849190771688
527000,0.20275982795760325
528000,0.20160320166640275
529000,0.20096805089943373
530000,0.1991493090358231
531000,0.2019079599445863
532000,0.2017052553597747
533000,0.20048460154801556
534000,0.19998050727528346
535000,0.19572165982436884
536000,0.19827091800425908
537000,0.19928788825086788
538000,0.19856556090771965
539000,0.1990601209301117
540000,0.19992270621833427
541000,0.19843246510410445
542000,0.19893857977620522
543000,0.20029825964379508
544000,0.1998751187348215
545000,0.20005572477591485
546000,0.20157312624479087
547000,0.19912221236734443
548000,0.199377236867786
549000,0.19805729560069926
550000,0.19886526699662674
551000,0.19924290230388533
552000,0.19770151013867257
553000,0.19812447782468284
554000,0.19818652148374788
555000,0.19502924097013055
556000,0.19502188798011544
557000,0.1941976730662047
558000,0.1948537056502783
559000,0.19332210416049833
560000,0.19273853929063398
561000,0.18993021409540217
562000,0.18957808702587065
563000,0.18937722842610807
564000,0.18861389420799313
565000,0.18877133495782164
566000,0.188148435469535
567000,0.18898287461952293
568000,0.1891633890483991
569000,0.18930710938427478
570000,0.18874763980480425
571000,0.1903895836074453
572000,0.1870580537225088
573000,0.18884446444409445
574000,0.1867426231420684
575000,0.1862883627436121
576000,0.1875480979330901
577000,0.18970685539418541
578000,0.18832624594715258
579000,0.18646254883465468
580000,0.18465274420991548
581000,0.1838672086005126
582000,0.181139621725386
583000,0.18332910446146777
584000,0.18566509669990677
585000,0.18524621876649588
586000,0.18437254509935275
587000,0.18527152385641255
588000,0.18393149393213754
589000,0.18243536273167676
590000,0.18128728063594507
591000,0.17857398291345736
592000,0.17962392538767916
593000,0.17835189156360476
594000,0.17686072958199128
595000,0.1761731772148893
596000,0.176974746563368
597000,0.17946786133435177
598000,0.1803118803000379
599000,0.18122453612946393
600000,0.18099518168356854
601000,0.1819912044516622
602000,0.18259367706728186
603000,0.18228288852911964
604000,0.1824376829347176
605000,0.18131927470944237
606000,0.18163994940917572
607000,0.18088765064184367
608000,0.1782102390999989
609000,0.177811669323423
610000,0.17765450242497474
611000,0.17805191256145464
612000,0.17560034114087322
613000,0.17689421777186223
614000,0.17916075010643068
615000,0.17725378340674688
616000,0.1753190064437979
617000,0.17282829859209736
618000,0.17058033488149338
619000,0.16941956065546987
620000,0.17102168506430376
621000,0.16898013005739765
622000,0.16752234374837346
623000,0.16741070204359432
624000,0.16821305223707797
625000,0.16782272722614971
626000,0.16764931204568273
627000,0.16711036901066956
628000,0.1679896996625127
629000,0.16655573143171085
630000,0.16695875435575447
631000,0.16683320952257305
632000,0.16584454260259102
633000,0.16586203441402056
634000,0.16309613880690452
635000,0.16167782627639582
636000,0.1617773227632518
637000,0.16178362217351536
638000,0.16002755933478863
639000,0.16150695217767258
640000,0.16197303086760684
641000,0.16148006796093467
642000,0.15985635164598092
643000,0.1600972878738046
644000,0.16082890214688098
645000,0.15845907880163115
646000,0.15719329983190283
647000,0.15679197765020678
648000,0.15806742645184665
649000,0.15780808401974583
650000,0.15686399939899318
651000,0.1570907629364837
652000,0.1578945235247706
653000,0.15802218458357287
654000,0.15761749855645452
655000,0.15741648726775065
656000,0.15699178465331595
657000,0.1563740482730868
658000,0.15654870361318093
659000,0.15673985248027658
660000,0.1564788192046389
661000,0.15729109146945872
662000,0.1572394776111747
663000,0.15677484506708678
664000,0.15710200489651344
665000,0.15630939346200187
666000,0.15551480085069289
667000,0.1550755514730371
668000,0.15577454808608981
669000,0.1544633314740878
670000,0.15254120251658349
671000,0.15427656600372955
672000,0.1543697993310136
673000,0.15336387955698028
674000,0.15132023832143568
675000,0.1531587800161099
676000,0.15223251605537258
677000,0.15018185994865033
678000,0.14798035970979723
679000,0.14825955256704038
680000,0.14800183788327237
681000,0.14682735245971815
682000,0.14790823374446663
683000,0.14668655364478514
684000,0.1465523632065702
685000,0.14669184682522166
686000,0.14607772375936218
687000,0.14548036793013905
688000,0.14524754859661976
689000,0.14527177862923024
690000,0.14557989763217177
691000,0.14341820320811785
692000,0.1436064850089102
693000,0.1445529985115758
694000,0.1438222922352826
695000,0.14409698266394821
696000,0.1438720743951912
697000,0.14381583421720667
698000,0.1438136238512585
699000,0.14298269716438944
700000,0.14310883286498643
701000,0.14330107130758352
702000,0.14467279673765676
703000,0.14480444423572386
704000,0.1453758988582436
705000,0.14714976499155058
706000,0.1461719993395774
707000,0.14624370461028105
708000,0.14608347761193677
709000,0.14511521117763965
710000,0.14424639847622356
711000,0.14318613118913617
712000,0.1441510344675861
713000,0.1424463049093972
714000,0.14354475704157862
715000,0.14336276398254091
716000,0.14337953898713574
717000,0.14162445509098187
718000,0.14113368333251475
719000,0.14145421610469788
720000,0.14144529745024495
721000,0.14072633466407103
722000,0.1419521982040074
723000,0.1418079557396752
724000,0.14177745202028258
725000,0.1399586279705352
726000,0.13999102045680645
727000,0.13926607428952104
728000,0.14109571161034495
729000,0.14156329195531758
730000,0.14340243292265434
731000,0.1443073254507583
732000,0.14251168984365642
733000,0.14334486367498517
734000,0.14392801568357128
735000,0.1448414671723105
736000,0.144077238973789
737000,0.1451962950208824
738000,0.14350151074752357
739000,0.14168620320173958
740000,0.14172836622599902
741000,0.1414040193311419
742000,0.1400319241352031
743000,0.1402044491300206
744000,0.14112819841353844
745000,0.1410818848976682
746000,0.14037486859330178
747000,0.1416496166136967
748000,0.1419668441829138
749000,0.14147613717718796
750000,0.14135744060415545
751000,0.13985282075871797
752000,0.14047144488053834
753000,0.1397527253019032
754000,0.1380910836652506
755000,0.13697082033189487
756000,0.13685952306634402
757000,0.13687773409100096
758000,0.13690346811396864
759000,0.1353499321093561
760000,0.1353354188441483
761000,0.13503544096951817
762000,0.13515245099803042
763000,0.13571373121261907
764000,0.13499653539728723
765000,0.13534826896281435
766000,0.13367907383824854
767000,0.13432039383288008
768000,0.133902153650368
769000,0.1342199568009961
770000,0.13358134434940167
771000,0.1344868221650035
772000,0.13402384009351578
773000,0.13573650420609198
774000,0.13488662096948284
775000,0.1343375700502528
776000,0.13600251051983162
777000,0.13429407483986178
778000,0.1345023598409488
779000,0.13343058948264094
780000,0.13263803894158244
781000,0.1308234932611877
782000,0.13152946806603244
783000,0.1326265381781306
784000,0.13254340185477775
785000,0.13444335443107508
786000,0.13454528111743297
787000,0.1347384541831751
788000,0.13615414735816173
789000,0.1341436571735452
790000,0.13319498283355602
791000,0.13296337449555065
792000,0.13490117032114818
793000,0.13533306505874754
794000,0.13533272439624863
795000,0.1362034857111332
796000,0.13458847619890715
797000,0.1333769133686652
798000,0.13305372922785497
799000,0.13280579896889994
800000,0.131591949641055
801000,0.13371179862512372
802000,0.13373504161717675
803000,0.13216677183736972
804000,0.13016207115845277
805000,0.13135431983547913
806000,0.13272579432055176
807000,0.1316509462290134
808000,0.13134352659998172
