10000,0.09949531804267764
10000,0.09949531804267764
10000,0.09949531804267764
10000,0.09949531804267764
10000,0.09949531804267764
10000,0.09949531804267764
10000,0.09949531804267764
10000,0.09949531804267764
10000,0.09949531804267764
10000,0.09949531804267764
10000,0.09949531804267764
10000,0.09949531804267764
10000,0.09949531804267764
10000,0.09949531804267764
10000,0.09949531804267764
10000,0.09949531804267764
10000,0.09949531804267764
10000,0.09949531804267764
10000,0.09949531804267764
10000,0.09949531804267764
10000,0.09949531804267764
10000,0.09949531804267764
10000,0.09949531804267764
10000,0.09949531804267764
10000,0.09949531804267764
10000,0.09949531804267764
10000,0.09949531804267764
10000,0.09949531804267764
10000,0.09949531804267764
10000,0.09949531804267764
10000,0.09949531804267764
10000,0.09949531804267764
10000,0.09949531804267764
43000,0.11451862283374936
43000,0.11451862283374936
43000,0.11451862283374936
46000,0.09687779932593858
46000,0.09687779932593858
46000,0.09687779932593858
46000,0.09687779932593858
50000,0.11078472070214307
50000,0.11078472070214307
50000,0.11078472070214307
50000,0.11078472070214307
50000,0.11078472070214307
50000,0.11078472070214307
50000,0.11078472070214307
50000,0.11078472070214307
50000,0.11078472070214307
50000,0.11078472070214307
50000,0.11078472070214307
50000,0.11078472070214307
50000,0.11078472070214307
50000,0.11078472070214307
50000,0.11078472070214307
50000,0.11078472070214307
50000,0.11078472070214307
50000,0.11078472070214307
50000,0.11078472070214307
50000,0.11078472070214307
50000,0.11078472070214307
50000,0.11078472070214307
50000,0.11078472070214307
50000,0.11078472070214307
50000,0.11078472070214307
50000,0.11078472070214307
50000,0.11078472070214307
50000,0.11078472070214307
50000,0.11078472070214307
50000,0.11078472070214307
50000,0.11078472070214307
50000,0.11078472070214307
50000,0.11078472070214307
50000,0.11078472070214307
50000,0.11078472070214307
85000,0.10585053559732209
85000,0.10585053559732209
85000,0.10585053559732209
85000,0.10585053559732209
85000,0.10585053559732209
85000,0.10585053559732209
85000,0.10585053559732209
85000,0.10585053559732209
85000,0.10585053559732209
85000,0.10585053559732209
85000,0.10585053559732209
85000,0.10585053559732209
85000,0.10585053559732209
85000,0.10585053559732209
85000,0.10585053559732209
85000,0.10585053559732209
85000,0.10585053559732209
102000,0.10340047393820691
102000,0.10340047393820691
102000,0.10340047393820691
102000,0.10340047393820691
102000,0.10340047393820691
102000,0.10340047393820691
102000,0.10340047393820691
102000,0.10340047393820691
102000,0.10340047393820691
102000,0.10340047393820691
102000,0.10340047393820691
102000,0.10340047393820691
102000,0.10340047393820691
102000,0.10340047393820691
102000,0.10340047393820691
102000,0.10340047393820691
102000,0.10340047393820691
102000,0.10340047393820691
102000,0.10340047393820691
102000,0.10340047393820691
102000,0.10340047393820691
123000,0.10824195429784744
123000,0.10824195429784744
123000,0.10824195429784744
123000,0.10824195429784744
127000,0.1070596791248899
127000,0.1070596791248899
127000,0.1070596791248899
127000,0.1070596791248899
127000,0.1070596791248899
127000,0.1070596791248899
127000,0.1070596791248899
127000,0.1070596791248899
127000,0.1070596791248899
127000,0.1070596791248899
127000,0.1070596791248899
127000,0.1070596791248899
127000,0.1070596791248899
127000,0.1070596791248899
127000,0.1070596791248899
127000,0.1070596791248899
127000,0.1070596791248899
144000,0.10709896155611043
144000,0.10709896155611043
144000,0.10709896155611043
147000,0.10804792429414048
147000,0.10804792429414048
147000,0.10804792429414048
147000,0.10804792429414048
147000,0.10804792429414048
147000,0.10804792429414048
147000,0.10804792429414048
147000,0.10804792429414048
147000,0.10804792429414048
156000,0.11155477172363543
156000,0.11155477172363543
158000,0.10423618189210798
158000,0.10423618189210798
158000,0.10423618189210798
158000,0.10423618189210798
158000,0.10423618189210798
158000,0.10423618189210798
158000,0.10423618189210798
158000,0.10423618189210798
158000,0.10423618189210798
158000,0.10423618189210798
158000,0.10423618189210798
158000,0.10423618189210798
158000,0.10423618189210798
158000,0.10423618189210798
158000,0.10423618189210798
158000,0.10423618189210798
174000,0.10214832623056999
174000,0.10214832623056999
174000,0.10214832623056999
174000,0.10214832623056999
174000,0.10214832623056999
174000,0.10214832623056999
174000,0.10214832623056999
181000,0.10399628848231046
181000,0.10399628848231046
181000,0.10399628848231046
181000,0.10399628848231046
181000,0.10399628848231046
181000,0.10399628848231046
181000,0.10399628848231046
181000,0.10399628848231046
181000,0.10399628848231046
181000,0.10399628848231046
181000,0.10399628848231046
181000,0.10399628848231046
181000,0.10399628848231046
181000,0.10399628848231046
181000,0.10399628848231046
181000,0.10399628848231046
181000,0.10399628848231046
198000,0.10346393478048044
198000,0.10346393478048044
198000,0.10346393478048044
198000,0.10346393478048044
198000,0.10346393478048044
198000,0.10346393478048044
198000,0.10346393478048044
198000,0.10346393478048044
198000,0.10346393478048044
198000,0.10346393478048044
198000,0.10346393478048044
198000,0.10346393478048044
198000,0.10346393478048044
198000,0.10346393478048044
198000,0.10346393478048044
198000,0.10346393478048044
198000,0.10346393478048044
198000,0.10346393478048044
198000,0.10346393478048044
198000,0.10346393478048044
198000,0.10346393478048044
198000,0.10346393478048044
198000,0.10346393478048044
221000,0.10036323618474778
221000,0.10036323618474778
221000,0.10036323618474778
221000,0.10036323618474778
225000,0.10285343577068734
225000,0.10285343577068734
225000,0.10285343577068734
225000,0.10285343577068734
225000,0.10285343577068734
230000,0.10231685440027853
230000,0.10231685440027853
230000,0.10231685440027853
230000,0.10231685440027853
230000,0.10231685440027853
230000,0.10231685440027853
236000,0.10898928472565539
236000,0.10898928472565539
236000,0.10898928472565539
236000,0.10898928472565539
240000,0.10843557054942975
240000,0.10843557054942975
240000,0.10843557054942975
240000,0.10843557054942975
240000,0.10843557054942975
240000,0.10843557054942975
240000,0.10843557054942975
240000,0.10843557054942975
240000,0.10843557054942975
240000,0.10843557054942975
240000,0.10843557054942975
240000,0.10843557054942975
240000,0.10843557054942975
240000,0.10843557054942975
240000,0.10843557054942975
240000,0.10843557054942975
240000,0.10843557054942975
240000,0.10843557054942975
240000,0.10843557054942975
240000,0.10843557054942975
240000,0.10843557054942975
240000,0.10843557054942975
240000,0.10843557054942975
240000,0.10843557054942975
264000,0.1073615662685429
264000,0.1073615662685429
264000,0.1073615662685429
264000,0.1073615662685429
264000,0.1073615662685429
264000,0.1073615662685429
264000,0.1073615662685429
271000,0.10847673700699462
271000,0.10847673700699462
271000,0.10847673700699462
271000,0.10847673700699462
275000,0.10991685340639289
275000,0.10991685340639289
275000,0.10991685340639289
275000,0.10991685340639289
275000,0.10991685340639289
275000,0.10991685340639289
275000,0.10991685340639289
275000,0.10991685340639289
275000,0.10991685340639289
275000,0.10991685340639289
275000,0.10991685340639289
275000,0.10991685340639289
275000,0.10991685340639289
275000,0.10991685340639289
289000,0.11027920379443361
289000,0.11027920379443361
289000,0.11027920379443361
289000,0.11027920379443361
289000,0.11027920379443361
289000,0.11027920379443361
289000,0.11027920379443361
289000,0.11027920379443361
289000,0.11027920379443361
289000,0.11027920379443361
299000,0.11037388958410355
300000,0.10971694985283136
300000,0.10971694985283136
300000,0.10971694985283136
300000,0.10971694985283136
300000,0.10971694985283136
300000,0.10971694985283136
300000,0.10971694985283136
300000,0.10971694985283136
300000,0.10971694985283136
300000,0.10971694985283136
300000,0.10971694985283136
300000,0.10971694985283136
300000,0.10971694985283136
300000,0.10971694985283136
300000,0.10971694985283136
300000,0.10971694985283136
300000,0.10971694985283136
300000,0.10971694985283136
300000,0.10971694985283136
300000,0.10971694985283136
300000,0.10971694985283136
300000,0.10971694985283136
300000,0.10971694985283136
300000,0.10971694985283136
300000,0.10971694985283136
300000,0.10971694985283136
300000,0.10971694985283136
327000,0.10904325991418885
328000,0.10991875675825259
328000,0.10991875675825259
328000,0.10991875675825259
328000,0.10991875675825259
328000,0.10991875675825259
328000,0.10991875675825259
328000,0.10991875675825259
328000,0.10991875675825259
328000,0.10991875675825259
328000,0.10991875675825259
328000,0.10991875675825259
328000,0.10991875675825259
328000,0.10991875675825259
328000,0.10991875675825259
328000,0.10991875675825259
328000,0.10991875675825259
344000,0.10914529739957857
344000,0.10914529739957857
344000,0.10914529739957857
344000,0.10914529739957857
344000,0.10914529739957857
344000,0.10914529739957857
344000,0.10914529739957857
344000,0.10914529739957857
344000,0.10914529739957857
344000,0.10914529739957857
344000,0.10914529739957857
355000,0.10968556923577102
355000,0.10968556923577102
355000,0.10968556923577102
355000,0.10968556923577102
359000,0.1105660512917846
359000,0.1105660512917846
359000,0.1105660512917846
359000,0.1105660512917846
359000,0.1105660512917846
359000,0.1105660512917846
359000,0.1105660512917846
359000,0.1105660512917846
367000,0.11042439377878734
367000,0.11042439377878734
367000,0.11042439377878734
367000,0.11042439377878734
367000,0.11042439377878734
367000,0.11042439377878734
367000,0.11042439377878734
367000,0.11042439377878734
367000,0.11042439377878734
376000,0.1112503404499559
376000,0.1112503404499559
376000,0.1112503404499559
376000,0.1112503404499559
376000,0.1112503404499559
376000,0.1112503404499559
376000,0.1112503404499559
376000,0.1112503404499559
376000,0.1112503404499559
376000,0.1112503404499559
376000,0.1112503404499559
376000,0.1112503404499559
376000,0.1112503404499559
376000,0.1112503404499559
376000,0.1112503404499559
376000,0.1112503404499559
376000,0.1112503404499559
376000,0.1112503404499559
376000,0.1112503404499559
376000,0.1112503404499559
376000,0.1112503404499559
376000,0.1112503404499559
376000,0.1112503404499559
376000,0.1112503404499559
376000,0.1112503404499559
376000,0.1112503404499559
402000,0.11014446912132442
402000,0.11014446912132442
402000,0.11014446912132442
402000,0.11014446912132442
402000,0.11014446912132442
402000,0.11014446912132442
402000,0.11014446912132442
402000,0.11014446912132442
402000,0.11014446912132442
402000,0.11014446912132442
402000,0.11014446912132442
402000,0.11014446912132442
402000,0.11014446912132442
402000,0.11014446912132442
402000,0.11014446912132442
417000,0.11027992216258901
417000,0.11027992216258901
417000,0.11027992216258901
417000,0.11027992216258901
421000,0.11028430987874961
421000,0.11028430987874961
421000,0.11028430987874961
421000,0.11028430987874961
421000,0.11028430987874961
421000,0.11028430987874961
421000,0.11028430987874961
428000,0.11144689774145035
428000,0.11144689774145035
428000,0.11144689774145035
431000,0.11167124752611694
431000,0.11167124752611694
431000,0.11167124752611694
434000,0.11218566799849247
434000,0.11218566799849247
436000,0.11181777549312005
436000,0.11181777549312005
436000,0.11181777549312005
436000,0.11181777549312005
436000,0.11181777549312005
436000,0.11181777549312005
436000,0.11181777549312005
443000,0.11082255341702273
443000,0.11082255341702273
443000,0.11082255341702273
443000,0.11082255341702273
447000,0.10963715348164173
447000,0.10963715348164173
447000,0.10963715348164173
447000,0.10963715348164173
447000,0.10963715348164173
447000,0.10963715348164173
453000,0.11036072747034414
454000,0.11088157265345956
455000,0.11040175582012451
455000,0.11040175582012451
455000,0.11040175582012451
455000,0.11040175582012451
459000,0.11070437738315958
459000,0.11070437738315958
459000,0.11070437738315958
459000,0.11070437738315958
459000,0.11070437738315958
459000,0.11070437738315958
459000,0.11070437738315958
459000,0.11070437738315958
459000,0.11070437738315958
459000,0.11070437738315958
459000,0.11070437738315958
459000,0.11070437738315958
459000,0.11070437738315958
472000,0.10975212200848712
472000,0.10975212200848712
472000,0.10975212200848712
475000,0.10962612898554862
475000,0.10962612898554862
475000,0.10962612898554862
475000,0.10962612898554862
475000,0.10962612898554862
475000,0.10962612898554862
475000,0.10962612898554862
475000,0.10962612898554862
475000,0.10962612898554862
475000,0.10962612898554862
475000,0.10962612898554862
475000,0.10962612898554862
475000,0.10962612898554862
475000,0.10962612898554862
475000,0.10962612898554862
475000,0.10962612898554862
491000,0.10942063861356965
491000,0.10942063861356965
491000,0.10942063861356965
491000,0.10942063861356965
491000,0.10942063861356965
496000,0.10935392748051088
496000,0.10935392748051088
496000,0.10935392748051088
496000,0.10935392748051088
496000,0.10935392748051088
496000,0.10935392748051088
496000,0.10935392748051088
496000,0.10935392748051088
496000,0.10935392748051088
496000,0.10935392748051088
506000,0.11100925427357626
506000,0.11100925427357626
508000,0.11019507519705626
508000,0.11019507519705626
508000,0.11019507519705626
508000,0.11019507519705626
508000,0.11019507519705626
508000,0.11019507519705626
514000,0.11037425379478617
514000,0.11037425379478617
516000,0.11032265701330159
516000,0.11032265701330159
516000,0.11032265701330159
516000,0.11032265701330159
516000,0.11032265701330159
516000,0.11032265701330159
516000,0.11032265701330159
516000,0.11032265701330159
516000,0.11032265701330159
525000,0.10949289711750859
525000,0.10949289711750859
525000,0.10949289711750859
525000,0.10949289711750859
529000,0.10837323000985946
530000,0.10877518222132244
530000,0.10877518222132244
530000,0.10877518222132244
530000,0.10877518222132244
530000,0.10877518222132244
535000,0.10831840068284301
535000,0.10831840068284301
535000,0.10831840068284301
535000,0.10831840068284301
535000,0.10831840068284301
535000,0.10831840068284301
535000,0.10831840068284301
535000,0.10831840068284301
535000,0.10831840068284301
535000,0.10831840068284301
535000,0.10831840068284301
535000,0.10831840068284301
535000,0.10831840068284301
535000,0.10831840068284301
535000,0.10831840068284301
550000,0.10851490110058669
550000,0.10851490110058669
550000,0.10851490110058669
550000,0.10851490110058669
550000,0.10851490110058669
550000,0.10851490110058669
550000,0.10851490110058669
550000,0.10851490110058669
558000,0.1084704210427277
558000,0.1084704210427277
558000,0.1084704210427277
561000,0.10831793751279367
561000,0.10831793751279367
561000,0.10831793751279367
561000,0.10831793751279367
561000,0.10831793751279367
561000,0.10831793751279367
561000,0.10831793751279367
568000,0.10847269565732362
569000,0.10772722610676283
569000,0.10772722610676283
571000,0.10712808505152915
571000,0.10712808505152915
573000,0.1071796389449323
573000,0.1071796389449323
573000,0.1071796389449323
573000,0.1071796389449323
577000,0.10643106248491446
578000,0.10672852892130838
579000,0.1065222154520264
579000,0.1065222154520264
579000,0.1065222154520264
579000,0.1065222154520264
583000,0.10760099099772087
583000,0.10760099099772087
583000,0.10760099099772087
583000,0.10760099099772087
583000,0.10760099099772087
583000,0.10760099099772087
589000,0.1069700049413028
589000,0.1069700049413028
589000,0.1069700049413028
589000,0.1069700049413028
589000,0.1069700049413028
589000,0.1069700049413028
589000,0.1069700049413028
589000,0.1069700049413028
589000,0.1069700049413028
589000,0.1069700049413028
599000,0.10696109363269284
599000,0.10696109363269284
599000,0.10696109363269284
599000,0.10696109363269284
599000,0.10696109363269284
599000,0.10696109363269284
599000,0.10696109363269284
599000,0.10696109363269284
599000,0.10696109363269284
599000,0.10696109363269284
599000,0.10696109363269284
599000,0.10696109363269284
599000,0.10696109363269284
599000,0.10696109363269284
599000,0.10696109363269284
599000,0.10696109363269284
599000,0.10696109363269284
616000,0.10701606336833053
617000,0.10703568916045156
617000,0.10703568916045156
617000,0.10703568916045156
617000,0.10703568916045156
617000,0.10703568916045156
617000,0.10703568916045156
617000,0.10703568916045156
617000,0.10703568916045156
617000,0.10703568916045156
617000,0.10703568916045156
617000,0.10703568916045156
617000,0.10703568916045156
629000,0.1067064617429529
629000,0.1067064617429529
629000,0.1067064617429529
629000,0.1067064617429529
629000,0.1067064617429529
629000,0.1067064617429529
629000,0.1067064617429529
629000,0.1067064617429529
629000,0.1067064617429529
629000,0.1067064617429529
629000,0.1067064617429529
629000,0.1067064617429529
629000,0.1067064617429529
642000,0.10683428002711377
643000,0.10689282880945468
643000,0.10689282880945468
643000,0.10689282880945468
646000,0.10681151049761481
646000,0.10681151049761481
646000,0.10681151049761481
646000,0.10681151049761481
650000,0.10688491730712715
651000,0.10698223364834145
651000,0.10698223364834145
651000,0.10698223364834145
651000,0.10698223364834145
651000,0.10698223364834145
651000,0.10698223364834145
651000,0.10698223364834145
651000,0.10698223364834145
651000,0.10698223364834145
651000,0.10698223364834145
651000,0.10698223364834145
651000,0.10698223364834145
651000,0.10698223364834145
651000,0.10698223364834145
665000,0.1066770610199135
665000,0.1066770610199135
665000,0.1066770610199135
668000,0.10665764027676365
668000,0.10665764027676365
668000,0.10665764027676365
668000,0.10665764027676365
668000,0.10665764027676365
668000,0.10665764027676365
668000,0.10665764027676365
675000,0.10690018069313044
675000,0.10690018069313044
677000,0.10705586664878569
677000,0.10705586664878569
677000,0.10705586664878569
677000,0.10705586664878569
677000,0.10705586664878569
682000,0.1069052148582996
682000,0.1069052148582996
682000,0.1069052148582996
682000,0.1069052148582996
686000,0.10703241920860487
686000,0.10703241920860487
686000,0.10703241920860487
689000,0.10695117125542349
689000,0.10695117125542349
691000,0.10704985052009637
691000,0.10704985052009637
691000,0.10704985052009637
691000,0.10704985052009637
691000,0.10704985052009637
696000,0.1069183140959603
696000,0.1069183140959603
696000,0.1069183140959603
699000,0.10691641642784627
699000,0.10691641642784627
699000,0.10691641642784627
699000,0.10691641642784627
699000,0.10691641642784627
699000,0.10691641642784627
699000,0.10691641642784627
699000,0.10691641642784627
699000,0.10691641642784627
699000,0.10691641642784627
699000,0.10691641642784627
699000,0.10691641642784627
699000,0.10691641642784627
699000,0.10691641642784627
699000,0.10691641642784627
699000,0.10691641642784627
699000,0.10691641642784627
699000,0.10691641642784627
699000,0.10691641642784627
718000,0.10706442995996157
718000,0.10706442995996157
718000,0.10706442995996157
718000,0.10706442995996157
718000,0.10706442995996157
718000,0.10706442995996157
718000,0.10706442995996157
725000,0.10810300369018822
725000,0.10810300369018822
725000,0.10810300369018822
728000,0.10807803727899203
728000,0.10807803727899203
728000,0.10807803727899203
728000,0.10807803727899203
728000,0.10807803727899203
728000,0.10807803727899203
728000,0.10807803727899203
728000,0.10807803727899203
736000,0.1081373575504253
736000,0.1081373575504253
736000,0.1081373575504253
736000,0.1081373575504253
740000,0.10761146769091282
741000,0.10765354283701557
741000,0.10765354283701557
743000,0.10918302142301486
743000,0.10918302142301486
743000,0.10918302142301486
743000,0.10918302142301486
747000,0.10908188538228156
747000,0.10908188538228156
747000,0.10908188538228156
747000,0.10908188538228156
747000,0.10908188538228156
752000,0.10927634769189518
752000,0.10927634769189518
752000,0.10927634769189518
755000,0.10943416446289402
755000,0.10943416446289402
755000,0.10943416446289402
755000,0.10943416446289402
759000,0.1101667709038812
759000,0.1101667709038812
759000,0.1101667709038812
759000,0.1101667709038812
759000,0.1101667709038812
759000,0.1101667709038812
765000,0.10963856061184638
765000,0.10963856061184638
765000,0.10963856061184638
768000,0.10941564209647732
769000,0.10940764887369941
769000,0.10940764887369941
769000,0.10940764887369941
769000,0.10940764887369941
769000,0.10940764887369941
769000,0.10940764887369941
769000,0.10940764887369941
769000,0.10940764887369941
769000,0.10940764887369941
769000,0.10940764887369941
769000,0.10940764887369941
780000,0.10957367660533766
780000,0.10957367660533766
780000,0.10957367660533766
780000,0.10957367660533766
784000,0.10949759546189056
784000,0.10949759546189056
784000,0.10949759546189056
784000,0.10949759546189056
784000,0.10949759546189056
784000,0.10949759546189056
784000,0.10949759546189056
784000,0.10949759546189056
784000,0.10949759546189056
784000,0.10949759546189056
794000,0.10939005875772179
795000,0.11053434899245107
795000,0.11053434899245107
795000,0.11053434899245107
795000,0.11053434899245107
795000,0.11053434899245107
795000,0.11053434899245107
795000,0.11053434899245107
795000,0.11053434899245107
795000,0.11053434899245107
795000,0.11053434899245107
795000,0.11053434899245107
795000,0.11053434899245107
807000,0.11059807522758663
807000,0.11059807522758663
