1000,0.6862598170754017
2000,0.8036113872847565
3000,0.8505060005674623
4000,0.8487141682164252
5000,0.8588717445365425
6000,0.8549726051533665
7000,0.8095607095908663
8000,0.757332465988597
9000,0.7465730403424932
10000,0.7219360271642056
11000,0.7249144507486965
12000,0.7450051400824231
13000,0.7297460006770239
14000,0.7183534260330042
15000,0.7006334372276114
16000,0.6900902012080603
17000,0.6836345596672421
18000,0.6715678077808206
19000,0.6601583691958488
20000,0.6355654629911356
21000,0.6251416461389137
22000,0.6181422812951509
23000,0.6097934833537492
24000,0.5965818130349009
25000,0.5789336615055849
26000,0.5770133395788342
27000,0.5631761619636758
28000,0.5572808482291753
29000,0.5443580698203492
30000,0.529802558042222
31000,0.5196549657881043
32000,0.5107113264101774
33000,0.5041072729054734
34000,0.5023483271468182
35000,0.4976274340409861
36000,0.49744163641273254
37000,0.48749089678361957
38000,0.47988134455779624
39000,0.4711471747536995
40000,0.4687674902585797
41000,0.47048144907547795
42000,0.4620578311719418
43000,0.4534205684501903
44000,0.448651415574322
45000,0.4447269486464861
46000,0.43612285398554895
47000,0.4323121058225897
48000,0.42838975192265966
49000,0.42545891581373674
50000,0.42488089511991567
51000,0.42075736447802037
52000,0.41531312979879276
53000,0.4111752584160904
54000,0.4107239719325557
55000,0.4101763049053095
56000,0.41090442257845494
57000,0.40883333220126405
58000,0.40340444167345707
59000,0.4019445191862603
60000,0.4028924491887141
61000,0.40272879777157583
62000,0.3991287925572522
63000,0.3950015874513818
64000,0.3909242738962235
65000,0.38554774698137073
66000,0.3867961948670243
67000,0.38319874017908134
68000,0.3792426112458322
69000,0.3751264284292702
70000,0.3717433588859511
71000,0.3695195074241676
72000,0.3733301934316343
73000,0.3738480518478847
74000,0.3723764689243448
75000,0.3683436068205799
76000,0.3680746032040502
77000,0.36435003104148417
78000,0.36233232391041426
79000,0.3629275946709465
80000,0.35999812480625726
81000,0.3610887048500625
82000,0.3605543084766547
83000,0.36155661858145954
84000,0.35833028225842223
85000,0.35643940520657663
86000,0.36145905538574735
87000,0.3597333541221192
88000,0.35959193529279193
89000,0.35997575345922783
90000,0.3586611690738624
91000,0.35799941197762647
92000,0.3595002675969853
93000,0.35998297652974226
94000,0.3579472645821572
95000,0.35776645874234825
96000,0.3544116448401027
97000,0.35261429643961034
98000,0.35291848646243124
99000,0.3518510606030453
100000,0.3493294530219409
101000,0.3477256426400019
102000,0.3430582704963625
103000,0.3374149924836545
104000,0.3316020988294157
105000,0.3260113539597712
106000,0.32385478102483556
107000,0.31839485530266953
108000,0.316235772268632
109000,0.3110157432569616
110000,0.3071880845973479
111000,0.3024116345889609
112000,0.2940864652102416
113000,0.2906089682343713
114000,0.28758654608038453
115000,0.2860959895116894
116000,0.28326726930330004
117000,0.2799535087875575
118000,0.27822751546291413
119000,0.2750945986656089
120000,0.27546035525649426
121000,0.2751678676680078
122000,0.27241324449744847
123000,0.2716937230906552
124000,0.2733316827845659
125000,0.277057920983297
126000,0.27344370164142057
127000,0.2749078846519726
128000,0.2723235784063258
129000,0.2737714163380398
130000,0.27422424725845124
131000,0.2755394726993984
132000,0.2759919406031322
133000,0.27561165390898495
134000,0.27586323227728426
135000,0.27332703643253087
136000,0.27242348211756123
137000,0.2733020942857758
138000,0.2734070574800398
139000,0.27474317630477924
140000,0.2721524173953518
141000,0.26865100573010803
142000,0.2698024983561982
143000,0.27006997306844527
144000,0.26956672769922013
145000,0.2692324549770432
146000,0.271549541894555
147000,0.27021939364486913
148000,0.27020497420016
149000,0.2728444021552034
150000,0.27300020959570465
151000,0.2741806555329862
152000,0.27589041339889986
153000,0.2767855916371721
154000,0.27339975889987284
155000,0.2712176097156484
156000,0.2674662778635861
157000,0.266994480028896
158000,0.2715742327907642
159000,0.27267929914428013
160000,0.27098428283392045
161000,0.2703166186695254
162000,0.272430048274787
163000,0.2726752015528879
164000,0.2736637314110985
165000,0.27545659508255255
166000,0.2728004019493363
167000,0.2747151415445799
168000,0.2756253139369336
169000,0.27820964466732995
170000,0.27832904688099347
171000,0.28096553329634505
172000,0.2776385198335473
173000,0.2771789220504462
174000,0.27884255765052945
175000,0.27918134312553017
176000,0.2761413560425479
177000,0.2776711298958018
178000,0.2777351722176067
179000,0.277154039773631
180000,0.27783364815812034
181000,0.2748616612744677
182000,0.273952550711706
183000,0.27204717354356694
184000,0.27388005164699025
185000,0.27778468962505265
186000,0.2718898072620998
187000,0.27269530117149077
188000,0.27146571537314107
189000,0.27019112303277387
190000,0.27007734330854904
191000,0.26764174844155814
192000,0.2633467146177439
193000,0.26183462367117705
194000,0.2641784780183428
195000,0.26407646990298944
196000,0.26732657293243933
197000,0.26709006258272827
198000,0.26381305815040523
199000,0.2630943983274094
200000,0.26319836867116525
201000,0.2626219531987815
202000,0.26070469535429364
203000,0.26178531374508085
204000,0.2606880587022538
205000,0.25829738430713156
206000,0.25491088081977337
207000,0.2566966363511432
208000,0.2566018964724542
209000,0.25751611086731846
210000,0.2596946661777249
211000,0.25942735945872625
212000,0.25961384790557734
213000,0.2585814423290891
214000,0.26013750992331813
215000,0.257474922255362
216000,0.256112754364918
217000,0.2599455502900765
218000,0.2605919761253993
219000,0.26143816602489334
220000,0.2628364221682023
221000,0.26154343501685573
222000,0.25978585267821414
223000,0.25891606895375563
224000,0.2564892456516331
225000,0.25500320855302583
226000,0.25586745238135156
227000,0.2548743356512491
228000,0.2539152732720912
229000,0.25121852677855666
230000,0.2506868818898901
231000,0.24944240082129035
232000,0.24916600337799116
233000,0.24687503390096668
234000,0.2430286401205632
235000,0.24446032642648902
236000,0.24802987729830012
237000,0.24723808390651814
238000,0.2463997928137092
239000,0.2468329911566508
240000,0.2479449838741827
241000,0.24734441538065846
242000,0.24669075808318638
243000,0.24683462394944589
244000,0.2465029970303594
245000,0.2478484788395531
246000,0.24828126453810015
247000,0.24956988882855238
248000,0.25084809014019666
249000,0.2460038378101891
250000,0.24414401851083284
251000,0.24461565548539785
252000,0.24406243378648984
253000,0.24251257514142988
254000,0.2434946667657871
255000,0.24444066535145115
256000,0.24407596589314687
257000,0.24564747917433977
258000,0.24192614558397424
259000,0.24066576177014737
260000,0.2407730061119268
261000,0.23966429511515383
262000,0.23693661619444975
263000,0.23854945602150832
264000,0.23659538549399678
265000,0.2346436731219848
266000,0.2355244175457222
267000,0.232429747504864
268000,0.23234106603199955
269000,0.23098895532879254
270000,0.23135417039463094
271000,0.2290041381869205
272000,0.23106070431786413
273000,0.22973121142618613
274000,0.22918497130153476
275000,0.23089684757724316
276000,0.2307790824501386
277000,0.22989051081825082
278000,0.23046185755300747
279000,0.22921214705512064
280000,0.23047582146968562
281000,0.2320024744715547
282000,0.23169233595587196
283000,0.23207664350596793
284000,0.22977875718590057
285000,0.2252656565408772
286000,0.22511559570262568
287000,0.22562991392125406
288000,0.22722060869289254
289000,0.22718314805277628
290000,0.22624876601926264
291000,0.2292162329604558
292000,0.23254317481326836
293000,0.23189813146546587
294000,0.23116499901469353
295000,0.22823909647799234
296000,0.2274734057228265
297000,0.2300994050038982
298000,0.2308196359500879
299000,0.23295999898808736
300000,0.23306704111392543
301000,0.2336187692509815
302000,0.2331543653874156
303000,0.22917005071913735
304000,0.2293733119375622
305000,0.23002895499450254
306000,0.2315799156279036
307000,0.22918387741820503
308000,0.22928441895268278
309000,0.22996033045213857
310000,0.22810147738381484
311000,0.23008228205946177
312000,0.23018631636773668
313000,0.23025194514917513
314000,0.22806911023634557
315000,0.22913176344473413
316000,0.22814441278376882
317000,0.22332832603505023
318000,0.22181645067079683
319000,0.22054877026192524
320000,0.21843715942154743
321000,0.2203955941008101
322000,0.2230419614410187
323000,0.2228007753869495
324000,0.2217980476610261
325000,0.2199563780669811
326000,0.2208944363102968
327000,0.22112982917811846
328000,0.22129342432021162
329000,0.22173886851350322
330000,0.2226863551932026
331000,0.22197987003412822
332000,0.22200960582034934
333000,0.22268127317393405
334000,0.22489627593864128
335000,0.2235590344627053
336000,0.2170737918394335
337000,0.2159534426554664
338000,0.21672314394905617
339000,0.21607556713417272
340000,0.21498306732594022
341000,0.21488348692118733
342000,0.21468354546446192
343000,0.2160467014453303
344000,0.21641787775763208
345000,0.21329110136700496
346000,0.2103764597865591
347000,0.21047307440533097
348000,0.2089417166012812
349000,0.20973471700388643
350000,0.20855276965158454
351000,0.20831446786237912
352000,0.20847720028921748
353000,0.20858785279772518
354000,0.20977111380262428
355000,0.2073979421201413
356000,0.20751834605455696
357000,0.20576631144510157
358000,0.2052873840277288
359000,0.2035464682331234
360000,0.20388843524766237
361000,0.2047526495142578
362000,0.2071959744034286
363000,0.20526287471516144
364000,0.20721813053506224
365000,0.2079864542341394
366000,0.20549416854167976
367000,0.20605293841943584
368000,0.2063901651110179
369000,0.20600312342968305
370000,0.20548559961338717
371000,0.20512659295343366
372000,0.2031450608571814
373000,0.203916459546554
374000,0.20200739053070982
375000,0.19994161020990625
376000,0.20163434268254893
377000,0.2026537515478733
378000,0.20226907383496667
379000,0.20190994898395817
380000,0.20029554730874913
381000,0.20073034015815347
382000,0.20013214246268837
383000,0.19883862863226284
384000,0.20024906638512294
385000,0.201889374621057
386000,0.2052608596999026
387000,0.20474584129061202
388000,0.20201044333952461
389000,0.20211507394434025
390000,0.20099811534801296
391000,0.20018032027609325
392000,0.19740741469638
393000,0.19696791005186992
394000,0.1944981870476124
395000,0.19494510441614887
396000,0.19432825216615246
397000,0.19304271840457163
398000,0.1922858223262157
399000,0.1920553679385632
400000,0.1927490719148138
401000,0.19013862862252867
402000,0.19139802087207924
403000,0.19134163791742312
404000,0.19093080723289557
405000,0.19012701444583086
406000,0.18976468154774961
407000,0.19124505860271598
408000,0.19060653669028946
409000,0.18940168615730216
410000,0.19100619181496487
411000,0.1914852787026466
412000,0.19124326853031953
413000,0.1907408133994641
414000,0.18921211084232378
415000,0.18919704912261154
416000,0.1901984196265951
417000,0.18993041255891055
418000,0.18973386060175054
419000,0.18988972038553276
420000,0.18871367589110072
421000,0.18511870192470656
422000,0.1844316212005837
423000,0.18561627205934564
424000,0.1848401138185048
425000,0.18515979659574816
426000,0.18308813325380408
427000,0.18063148637484067
428000,0.1818751313304809
429000,0.18115628784064255
430000,0.18149269826737016
431000,0.1822174316094247
432000,0.18532203085718638
433000,0.1870882055358669
434000,0.1851934636956464
435000,0.18937295200007515
436000,0.1886721945685594
437000,0.19091613987610512
438000,0.19116146912540638
439000,0.19133109330041634
440000,0.191445830984896
441000,0.19348697420941607
442000,0.1942491415527278
443000,0.19384912175354407
444000,0.19378884899884272
445000,0.1957435855803481
446000,0.19664916890715195
447000,0.19732574918985374
448000,0.19600602229666084
449000,0.19507793767719367
450000,0.1942479384386463
451000,0.19102028243001698
452000,0.1898095839074822
453000,0.18951479798350182
454000,0.18866376004512925
455000,0.18879592068950843
456000,0.1888879987227038
457000,0.18850215945101448
458000,0.18844220677392315
459000,0.18882639598275283
460000,0.18707971620084765
461000,0.18585535351225732
462000,0.1850508578335329
463000,0.18506082414037622
464000,0.18463086450027566
465000,0.18659243109166176
466000,0.18650221682533713
467000,0.18764917336960582
468000,0.1872007687453484
469000,0.1877108474256913
470000,0.1881281921667533
471000,0.1899919004931563
472000,0.18815662284346737
473000,0.18614756844289798
474000,0.18542105546467016
475000,0.18768411771144486
476000,0.18779317740621204
477000,0.186443808560158
478000,0.18670225488252085
479000,0.18533332613098877
480000,0.18660461438189246
481000,0.18464694233008877
482000,0.1836414660584236
483000,0.18278874613000579
484000,0.18416814145846605
485000,0.1826983227195453
486000,0.17794613567407122
487000,0.17704399707716942
488000,0.17673499520899957
489000,0.17802947045606646
490000,0.18015665198433595
491000,0.17790613424915455
492000,0.1773055096304289
493000,0.17801198433758786
494000,0.17952638561019296
495000,0.17987680368545994
496000,0.17876755886416096
497000,0.1783244287125456
498000,0.1799999962952816
499000,0.17744541352190338
500000,0.17588816301075277
501000,0.17624010068871757
502000,0.17723237333522587
503000,0.17940365912610753
504000,0.17828327533015972
505000,0.17768286165608096
506000,0.17578481583569033
507000,0.17562345616258626
508000,0.17536245154680377
509000,0.17377048252508434
510000,0.1722760940911803
511000,0.17050892228328854
512000,0.1713984691513717
513000,0.17263860775382278
514000,0.17347274082383243
515000,0.17357124597101792
516000,0.17475970588408446
517000,0.17419273109162794
518000,0.17468798691923737
519000,0.17374375001099382
520000,0.17461852057443442
521000,0.17666348055616987
522000,0.1772016589369772
523000,0.1739675180930917
524000,0.17468996349552013
525000,0.17251265084203504
526000,0.1747071697193961
527000,0.17591009347071068
528000,0.17466227075661692
529000,0.17554840004459998
530000,0.1749885392696337
531000,0.17616640720323118
532000,0.171833111512482
533000,0.1704480077119831
534000,0.1728502515085511
535000,0.169648818369212
536000,0.17164661909260104
537000,0.17106697646671584
538000,0.16899326413198215
539000,0.16785127427058352
540000,0.1699584525673237
541000,0.16708328440709647
542000,0.16679846659011385
543000,0.16681580894459047
544000,0.16510653395714722
545000,0.16528116680031762
546000,0.16643991377847317
547000,0.16334517725951844
548000,0.16322369757679867
549000,0.1648445630192146
550000,0.1686945691143909
551000,0.1687988337141662
552000,0.16828461045243967
553000,0.16931283602615577
554000,0.16835932805149642
555000,0.1687134354616367
556000,0.1685404073279058
557000,0.16825212155813118
558000,0.1686738308145453
559000,0.16715815738740328
560000,0.16625954146547575
561000,0.1654898487295033
562000,0.1632154398567417
563000,0.16375743501016057
564000,0.1621728230908666
565000,0.16095872859975793
566000,0.1628144418097168
567000,0.16124548993142462
568000,0.16109629875468073
569000,0.159992362633722
570000,0.15886545470141736
571000,0.15849076048572552
572000,0.15747632886239468
573000,0.1588644743071014
574000,0.15870213272007822
575000,0.15625110968335235
576000,0.15574027270293817
577000,0.15796073426358187
578000,0.15734422252076802
579000,0.15807682814047497
580000,0.15749688418007368
581000,0.15628888986810963
582000,0.1561476243067552
583000,0.15890765634546916
584000,0.1591279068640086
585000,0.15883236587966565
586000,0.16055391938256475
587000,0.1600917862020184
588000,0.16039512800241934
589000,0.15725251456442793
590000,0.15508496182994264
591000,0.15500554791093854
592000,0.1566645523637627
593000,0.15567382323815993
594000,0.15368760408298543
595000,0.15365287387497392
596000,0.15434178962660303
597000,0.15486034226690765
598000,0.1541318025993121
599000,0.15452735132686835
600000,0.15524028108961263
601000,0.1571079517556184
602000,0.15653802128636396
603000,0.155728782446212
604000,0.15629126775882185
605000,0.15790590936737312
606000,0.15716059455866596
607000,0.15659656333132033
608000,0.15588680350497358
609000,0.15633956852439307
610000,0.15689336449806074
611000,0.15626118706316128
612000,0.1538526888033237
613000,0.1551182864085679
614000,0.156279332040282
615000,0.15505631572880973
616000,0.15373587910353778
617000,0.1532734546807282
618000,0.15305586583057298
619000,0.15305883250276348
620000,0.15376283008407607
621000,0.15190427848499308
622000,0.14957697480023813
623000,0.14986578556940772
624000,0.15123875482989746
625000,0.15185424164398967
626000,0.1499236855954406
627000,0.1485248558888548
628000,0.1496457182867329
629000,0.1494578694873834
630000,0.14831168893351068
631000,0.1450541673792563
632000,0.14442298124979158
633000,0.14475820988914304
634000,0.14265002111805072
635000,0.14099075392267849
636000,0.13896239539551056
637000,0.13892829530787126
638000,0.14024343569250022
639000,0.14019962103174327
640000,0.13850184940078292
641000,0.13991044212441975
642000,0.1382453032032442
643000,0.13720402112159613
644000,0.1395492979922891
645000,0.13715914344774252
646000,0.1350456418349931
647000,0.13765262984822643
648000,0.13913895075194227
649000,0.13779449329421897
650000,0.13429284431145863
651000,0.1351515823210107
652000,0.1357012772453295
653000,0.13460932845765972
654000,0.13505771239043157
655000,0.13633175494403804
656000,0.13855238900688216
657000,0.13731381838075288
658000,0.13788599854012568
659000,0.1397543270582447
660000,0.1393032877434226
661000,0.14159632033459316
662000,0.14129574526483468
663000,0.140889196500607
664000,0.14436942492119123
665000,0.14365130236431314
666000,0.14187396897847737
667000,0.14245789806947412
668000,0.14256937402536374
669000,0.14265554641067466
670000,0.1422738939733195
671000,0.14110926837720547
672000,0.14268467171862467
673000,0.14296200055818922
674000,0.1422863737043845
675000,0.14387063879889803
676000,0.14442510109387086
677000,0.1415654676898866
678000,0.13979116241841455
679000,0.1404007504359251
680000,0.1392374247701227
681000,0.14033474116761438
682000,0.1413813710104706
683000,0.13997061985563716
684000,0.137377225201903
685000,0.13670581259479603
686000,0.13545911551023637
687000,0.135099754359331
688000,0.13532725786604005
689000,0.13487689678415563
690000,0.13595082339728937
691000,0.135782629567318
692000,0.13491760463992392
693000,0.13688022762526725
694000,0.13775988398812186
695000,0.13791858259901174
696000,0.13639419310533224
697000,0.13395027387203545
698000,0.13288249800186183
699000,0.13224600728905647
700000,0.13258267174519914
701000,0.13082084217464587
702000,0.1309741544147354
703000,0.13049848715090806
704000,0.13166041065187556
705000,0.13320464712463878
706000,0.1327346930059404
707000,0.13359965977261812
708000,0.13432031706292075
709000,0.13381523430094977
710000,0.13244652988211528
711000,0.13139270222546656
712000,0.1326150405641015
713000,0.13003953438599397
714000,0.12880829855341702
715000,0.12891209592233346
716000,0.12947393295913012
717000,0.1296977431043113
718000,0.12873346537706945
719000,0.1309907129258007
720000,0.1294871264284751
721000,0.12936621971096735
722000,0.1310216595584455
723000,0.1326773889147062
724000,0.13195043040463328
725000,0.13313054904708235
726000,0.131913413308029
727000,0.13387278630004915
728000,0.13413223665735516
729000,0.1360047492659758
730000,0.13825312104927934
731000,0.1383723172533998
732000,0.13796106449378134
733000,0.13844654546151547
734000,0.1376239370820324
735000,0.1395278623253108
736000,0.1393296756999063
737000,0.14192718330324094
738000,0.1406240682287536
739000,0.13936402283663335
740000,0.13962432173796913
741000,0.13988229679331785
742000,0.1402187427606794
743000,0.14049214617235714
744000,0.1396714866970799
745000,0.1397665679935712
746000,0.14054134569656504
747000,0.13871906456958907
748000,0.13798990972924696
749000,0.13753516528816923
750000,0.13814809547729515
751000,0.13720710284264806
752000,0.13668191911012434
753000,0.1357969529125765
754000,0.13606043095208722
755000,0.1346070847083249
756000,0.13305280839125846
757000,0.13308790535942022
758000,0.1311097972460778
759000,0.12957071758518124
760000,0.12970039671559205
761000,0.12737107644848392
762000,0.12826549367752402
763000,0.1278484706653256
764000,0.12445459290849255
765000,0.12458652992305744
766000,0.12437432978939454
767000,0.1248330144252618
768000,0.12475203117368093
769000,0.1244713732984379
770000,0.12473081042006906
771000,0.1240392162322422
772000,0.12389685059284673
773000,0.12286704471730056
774000,0.12292628973047237
775000,0.12116618931723055
776000,0.12186348033985302
777000,0.12145575410392406
778000,0.12161452175931857
779000,0.12038126967325047
780000,0.11970600557014678
781000,0.11962712200773852
782000,0.1192854201616554
783000,0.1194107413854927
784000,0.11935855346698589
785000,0.12115505533755032
786000,0.1213937028477574
787000,0.12077595424990174
788000,0.12076609079580693
789000,0.12125947982600292
790000,0.12034350661559691
791000,0.12044075928677288
792000,0.12168984440053589
793000,0.120498768713648
794000,0.12015674430256974
795000,0.12075055528143332
796000,0.12169842263085084
797000,0.121425505772251
798000,0.12171132845127851
799000,0.12154462091692884
800000,0.12098499439619971
801000,0.12323303535344914
802000,0.12213789637477512
803000,0.12109668389293857
804000,0.11904140251193084
805000,0.11682767351031134
806000,0.11835839777129184
807000,0.11686752425894792
808000,0.11754296058482602
