1000,0.5708803645756465
2000,0.6288940813632867
3000,0.6831668739003948
4000,0.6836202563939672
5000,0.6854541129895669
6000,0.6871416816955717
7000,0.6673097775633313
8000,0.6241217835605344
9000,0.6099384349084338
10000,0.586330764365064
11000,0.5797078280607084
12000,0.5881737490168624
13000,0.5760321526278523
14000,0.5674758290020587
15000,0.555147015387918
16000,0.5438760880762932
17000,0.5375242087179666
18000,0.5264365363314971
19000,0.5180926549804612
20000,0.4993425572089225
21000,0.4911799887186117
22000,0.4845558610277449
23000,0.47713886088822793
24000,0.46737951681035117
25000,0.4549312820417706
26000,0.4519127750843713
27000,0.4410864460260953
28000,0.43760505733537375
29000,0.42776561758499304
30000,0.4162279036895212
31000,0.4087452576032124
32000,0.4015719730218031
33000,0.3962222972962073
34000,0.3946355384385525
35000,0.3905017857093948
36000,0.3908730033473579
37000,0.3833903360531334
38000,0.37690766451974733
39000,0.3708923644868186
40000,0.3694088803944119
41000,0.3713900567649796
42000,0.3655990589553951
43000,0.3597991304496061
44000,0.3558678767775154
45000,0.35204822000475505
46000,0.3458487299734859
47000,0.34333528117467366
48000,0.33955329934695205
49000,0.3368266793036093
50000,0.3344999713260355
51000,0.3309273533270457
52000,0.32647863004419575
53000,0.32347026164632536
54000,0.3230013137238354
55000,0.32126468138209807
56000,0.32146564408678435
57000,0.3201835551345998
58000,0.31685434644756216
59000,0.3157868260469251
60000,0.3173099797667326
61000,0.316261902403784
62000,0.31378694569740045
63000,0.31123023381770304
64000,0.3080306563841758
65000,0.3040231318759762
66000,0.30436034334929135
67000,0.30189687779671426
68000,0.29898862756530764
69000,0.2963579662316608
70000,0.29397386475218035
71000,0.2924416714290767
72000,0.2943025469374722
73000,0.29429794814833365
74000,0.29245440851495985
75000,0.2894324108702017
76000,0.288666880142916
77000,0.28574435172799273
78000,0.28392329123187393
79000,0.28369738450149257
80000,0.2814151681489844
81000,0.28188845418818265
82000,0.28142205636313006
83000,0.28142509167701507
84000,0.2790722206631379
85000,0.277592126544203
86000,0.28003714537145397
87000,0.2788431704611959
88000,0.27795249112647163
89000,0.27795418073366307
90000,0.2770626510147919
91000,0.27668977687192925
92000,0.27692522696942984
93000,0.2765639991470449
94000,0.27470654680596757
95000,0.27409136272756973
96000,0.2715791993129824
97000,0.27069065243133145
98000,0.27114325215130713
99000,0.2703102432163904
100000,0.26883340214682283
101000,0.2649652823946608
102000,0.260692453847399
103000,0.2548866407493332
104000,0.25033354825587867
105000,0.2457140643067346
106000,0.24298132017328528
107000,0.2388201778742254
108000,0.23693026363233904
109000,0.2335027317207953
110000,0.2308710791212348
111000,0.22686395638288803
112000,0.22127744821680143
113000,0.2182907950329909
114000,0.2164609675996835
115000,0.21445557657435482
116000,0.213092090763334
117000,0.21052246016984144
118000,0.20916477163237812
119000,0.20636230169648162
120000,0.2069717306751335
121000,0.20587743080961113
122000,0.20387786951447634
123000,0.203139531036959
124000,0.20405944919464114
125000,0.20643108453105175
126000,0.20372911835750407
127000,0.2045074108780847
128000,0.20197462920590792
129000,0.2027369040330836
130000,0.2034431796993451
131000,0.20425657025313496
132000,0.20474879978548507
133000,0.2044134043037161
134000,0.2041778936146568
135000,0.202448593008358
136000,0.20105027203010353
137000,0.20159150129945322
138000,0.201869354131924
139000,0.20365263184609053
140000,0.20160772734968874
141000,0.19866786233358624
142000,0.19871517726310947
143000,0.19874696008265794
144000,0.19864044927866595
145000,0.19876336093326422
146000,0.2002363605417594
147000,0.19913156777931504
148000,0.199659537273225
149000,0.20090621429878672
150000,0.20200112752184088
151000,0.202785095215863
152000,0.20422301172097682
153000,0.20464463856577383
154000,0.20207155092440898
155000,0.2010573886708991
156000,0.19839850617982202
157000,0.19765321946667416
158000,0.20009371396103895
159000,0.20030111751162635
160000,0.19863695996303443
161000,0.1983504617803284
162000,0.19958240096443836
163000,0.19905871851433404
164000,0.19971915549969602
165000,0.2009355311372763
166000,0.1993009983984041
167000,0.2001123407841514
168000,0.20058665674947665
169000,0.20164879266206087
170000,0.20155581051463492
171000,0.20261188183762574
172000,0.20071275016970247
173000,0.19993425199216044
174000,0.2013494391418896
175000,0.2015434600485611
176000,0.19963635993708376
177000,0.20081250315558022
178000,0.2008520414429354
179000,0.2005203952515632
180000,0.20123973804156883
181000,0.19910949738164926
182000,0.19844788440528263
183000,0.1977399633241045
184000,0.19889936307428174
185000,0.20133706245080435
186000,0.1978603139299653
187000,0.19880641772433888
188000,0.19832565737690688
189000,0.19706230348051815
190000,0.19704887570852112
191000,0.19545975384195816
192000,0.19289676611582945
193000,0.19234623729373115
194000,0.1941303423459139
195000,0.19467612647095137
196000,0.1969435992023266
197000,0.19647348144114266
198000,0.193962181389923
199000,0.19370359900615391
200000,0.19339860308888548
201000,0.19311165820113405
202000,0.19166317866799792
203000,0.1926440448555
204000,0.19185735545516866
205000,0.19048483842288588
206000,0.18794178001697684
207000,0.18886690069791565
208000,0.18887897539360882
209000,0.18916431668734476
210000,0.19110857430984945
211000,0.19091750966931745
212000,0.19144422683446136
213000,0.1907411568362961
214000,0.1905649037644725
215000,0.189057564403079
216000,0.18764046205700977
217000,0.1900129511747768
218000,0.19028288666691925
219000,0.19123298976931472
220000,0.19164106649099233
221000,0.19174681205547578
222000,0.19058494888578467
223000,0.1899491500651073
224000,0.18824907271099012
225000,0.1869339101635181
226000,0.18788757419473326
227000,0.18755092467965295
228000,0.18707653061309568
229000,0.18548289827528702
230000,0.18515198375325975
231000,0.18427440049164123
232000,0.18359936461271004
233000,0.18195082602229143
234000,0.17960680555777064
235000,0.18078252941923642
236000,0.1828992092474749
237000,0.1821825820103106
238000,0.18155128383238425
239000,0.1804961602312552
240000,0.18121762830996138
241000,0.18054413545096926
242000,0.1801870187376655
243000,0.1805763302991715
244000,0.17990047056687364
245000,0.180781443960283
246000,0.18052871469434642
247000,0.1817828033012641
248000,0.18290608952221687
249000,0.18043632088189576
250000,0.17889983536253487
251000,0.1788708096309196
252000,0.17821096352409996
253000,0.17709400564625236
254000,0.17764196682627414
255000,0.17803325612117815
256000,0.1777874811365577
257000,0.17864727144813541
258000,0.17605376264206068
259000,0.17532416020689373
260000,0.17462087895959255
261000,0.17413565072289816
262000,0.1722507747690949
263000,0.17355131270077462
264000,0.1721929015307366
265000,0.17086235278525566
266000,0.1719378265429111
267000,0.17002797580605727
268000,0.1699300738076164
269000,0.16935628871638983
270000,0.16948453629333574
271000,0.16856848840222136
272000,0.16925653685432246
273000,0.1689919125067907
274000,0.16812517701442434
275000,0.16939305334048277
276000,0.16954144742883887
277000,0.16863765650608228
278000,0.16923544068088364
279000,0.16843076399671758
280000,0.16876275966220952
281000,0.16933710205857969
282000,0.16905459734940792
283000,0.1689409036605635
284000,0.167247401181267
285000,0.16419405711872304
286000,0.16469234794639603
287000,0.16424428149422923
288000,0.16537055989519286
289000,0.16524664851061727
290000,0.16450737552186961
291000,0.16575781304701293
292000,0.16795014401262381
293000,0.1675585344782914
294000,0.16741596123487926
295000,0.16506173032824895
296000,0.1643784537803002
297000,0.1655555954411381
298000,0.16637698945567325
299000,0.16725097277976184
300000,0.16735039411481803
301000,0.16810754439869582
302000,0.16781007093684533
303000,0.16506090360622158
304000,0.16500821654198092
305000,0.16555010757733643
306000,0.16686185841824686
307000,0.16499598784042036
308000,0.1651009071162049
309000,0.16570023227580447
310000,0.16403081652384466
311000,0.16514897430960992
312000,0.16499311770527897
313000,0.16482533809577576
314000,0.1637838570910477
315000,0.16440756993408906
316000,0.1638393893934918
317000,0.1609401210855592
318000,0.16027806762962848
319000,0.1593983997886705
320000,0.15832339149182975
321000,0.15880429014558314
322000,0.16083416501878434
323000,0.1608049240563057
324000,0.16022724245405923
325000,0.15905803970156604
326000,0.1597387331843736
327000,0.15976502471359078
328000,0.15978431845081065
329000,0.1599127186393875
330000,0.16025947346241867
331000,0.15980900271888027
332000,0.15990640538165207
333000,0.16043760978105093
334000,0.1617838682513334
335000,0.1606644190124718
336000,0.15690076460950717
337000,0.1562735783988579
338000,0.15722815488539493
339000,0.1565433298250731
340000,0.15569016758728105
341000,0.15576992866877395
342000,0.15572176318271147
343000,0.1563633101846475
344000,0.15662903554351107
345000,0.1541423685892508
346000,0.15255933556488027
347000,0.1519659830655982
348000,0.15058299671286754
349000,0.15068618861287705
350000,0.15010234722409263
351000,0.1501261533271109
352000,0.15008554866735857
353000,0.15026081238454636
354000,0.15068910604489008
355000,0.1493925416495985
356000,0.14934950102835698
357000,0.14846217680840917
358000,0.14881181055562082
359000,0.1477058948576148
360000,0.1481368302694479
361000,0.1483158085566066
362000,0.14941200979357508
363000,0.14831536766547948
364000,0.14962282321153078
365000,0.1502203490742201
366000,0.14782860067809026
367000,0.14859899410974425
368000,0.1488051262611152
369000,0.14863474120706838
370000,0.14834990559441605
371000,0.14801556507040414
372000,0.1467622904782225
373000,0.14694871449672303
374000,0.14636459951159866
375000,0.14460182619696962
376000,0.1461102253053464
377000,0.14689107998411172
378000,0.14660461984913567
379000,0.14641859310568003
380000,0.14568324502087737
381000,0.14685487770205868
382000,0.14632256211701378
383000,0.14558803635857412
384000,0.1463732341162276
385000,0.14797515800645142
386000,0.15001826673672947
387000,0.15017706546632667
388000,0.1484890833412591
389000,0.14882142069212845
390000,0.1478837999727295
391000,0.14759231695824374
392000,0.1462077213221196
393000,0.14612954444276285
394000,0.14432084470896836
395000,0.14471575198183428
396000,0.14447784250600343
397000,0.14406152233038721
398000,0.14316936735963065
399000,0.14343470765330055
400000,0.1434847207788276
401000,0.14154624765182763
402000,0.14274735147762424
403000,0.14275848818240566
404000,0.14264145548130372
405000,0.1421911545885014
406000,0.1419928462658287
407000,0.14327748064470744
408000,0.14280390630856735
409000,0.1417985063512945
410000,0.1429725522431067
411000,0.1434810187148932
412000,0.14319901898668824
413000,0.14308239403087583
414000,0.1424724116374681
415000,0.14269689965701707
416000,0.1431491700878073
417000,0.142844425003159
418000,0.14276305913215998
419000,0.14283629107746357
420000,0.14183103766337007
421000,0.14003188428863966
422000,0.13975203785191645
423000,0.14074034488855056
424000,0.14012272347176474
425000,0.14035778009269415
426000,0.13925137313913558
427000,0.13760758806595158
428000,0.13894075373622017
429000,0.13844880960103315
430000,0.13863832027523615
431000,0.13897180562770914
432000,0.14091998645704534
433000,0.14217765008570746
434000,0.14110365788383936
435000,0.14301266767586543
436000,0.1423810692060833
437000,0.14349602494381208
438000,0.14312274806280512
439000,0.14351185744308073
440000,0.14376060750379652
441000,0.1442742789357235
442000,0.14531760090918008
443000,0.14495707361652466
444000,0.1453320808950265
445000,0.14648426858842856
446000,0.14721560893440683
447000,0.1472784476675934
448000,0.14619626971728503
449000,0.14556535960635666
450000,0.14466059946692206
451000,0.14309972459609657
452000,0.14225320034648647
453000,0.1420984846929715
454000,0.14246420649763708
455000,0.14252375889818217
456000,0.14336105043375652
457000,0.14306259310251285
458000,0.14241246823726286
459000,0.1430418582856161
460000,0.1424143664754069
461000,0.1420837982928251
462000,0.14191979041946456
463000,0.14153971001375115
464000,0.1413034304144507
465000,0.14185962409990177
466000,0.1418741485574414
467000,0.14231425335683814
468000,0.14217150149969537
469000,0.14236993834046888
470000,0.1429204953829139
471000,0.14377595118327213
472000,0.14346671356808777
473000,0.14236897126043763
474000,0.14187297074726637
475000,0.14315344216087367
476000,0.14244206833972875
477000,0.14169392430321967
478000,0.14162206679745193
479000,0.14092069255679585
480000,0.14149960175022203
481000,0.13984153561212065
482000,0.13923529273163723
483000,0.13880271085365334
484000,0.13953683606704004
485000,0.13812721767770048
486000,0.13449780410791973
487000,0.1332225741538956
488000,0.13308796385023675
489000,0.13424847449023403
490000,0.13556244828866187
491000,0.13423663365432037
492000,0.13410371297978424
493000,0.13423200164928328
494000,0.1351137503672689
495000,0.13530005140130505
496000,0.13470017830545128
497000,0.13456885980441063
498000,0.13553438597118997
499000,0.13365599905099101
500000,0.13294028437775443
501000,0.13330611747618965
502000,0.13362963112263748
503000,0.13536142064151113
504000,0.13446032061064986
505000,0.13427499936836876
506000,0.13272343825409008
507000,0.13255374803483938
508000,0.132514523748948
509000,0.1313994657568635
510000,0.13012045981627796
511000,0.12883933278261164
512000,0.1290725745153981
513000,0.12968406087034362
514000,0.12996811686581572
515000,0.13011848802974568
516000,0.13118525878944035
517000,0.13065530491407876
518000,0.13081328018282465
519000,0.13008084849457235
520000,0.1308211350397068
521000,0.13221390379486783
522000,0.13185618356039186
523000,0.12948326853449219
524000,0.12998410139198985
525000,0.12866119887783448
526000,0.1294919801627368
527000,0.1306750145040873
528000,0.129313724495723
529000,0.13002442537517936
530000,0.12907489472142247
531000,0.1300954516446427
532000,0.12758897252791826
533000,0.1262562080602235
534000,0.12744804965937764
535000,0.1259071028433095
536000,0.1276160837917745
537000,0.12817006808515707
538000,0.12691049975549543
539000,0.12620715378516612
540000,0.1273231558558267
541000,0.12615534412966092
542000,0.1254273291640222
543000,0.12518244419036942
544000,0.12372554543131582
545000,0.12406999643970446
546000,0.12497716125501783
547000,0.1233812973482852
548000,0.12337445538326174
549000,0.12448319174232216
550000,0.12642788190159268
551000,0.12611587137068375
552000,0.1259741689512519
553000,0.1265332866968764
554000,0.12560462064177869
555000,0.12579061906146516
556000,0.12489696500953185
557000,0.12456579337974519
558000,0.12530634119316356
559000,0.1240291533561054
560000,0.12338774278386248
561000,0.12256464983157032
562000,0.12135588847155217
563000,0.12176211536454946
564000,0.12056592499275955
565000,0.1206155056242857
566000,0.12172149826040951
567000,0.12094939300943221
568000,0.1208158757816672
569000,0.12026879095663029
570000,0.11927467774705489
571000,0.11899680290460722
572000,0.11778603914275938
573000,0.1185431840751278
574000,0.11792302140104119
575000,0.11700339226803048
576000,0.11695100887806865
577000,0.11797416813887465
578000,0.11799948188325705
579000,0.1183019695754613
580000,0.11801730228169828
581000,0.11715406617371926
582000,0.11706905717039522
583000,0.11820135591964392
584000,0.11916628418740277
585000,0.11932005144104978
586000,0.12051481697036547
587000,0.12065155449045491
588000,0.12061632321516073
589000,0.11814897022586598
590000,0.11680640240555087
591000,0.11667818223523536
592000,0.11700082340672582
593000,0.11605738414209034
594000,0.11470310474981474
595000,0.1145713971165979
596000,0.11430179342769167
597000,0.11452404620714703
598000,0.11392719328231436
599000,0.1146054338458799
600000,0.11516617659801517
601000,0.11654166291532783
602000,0.11639702621123149
603000,0.11538173907316521
604000,0.11617695965341104
605000,0.11692696298704416
606000,0.11649463846901885
607000,0.11597896086569721
608000,0.1153745044394808
609000,0.11582131651004314
610000,0.11651868332573778
611000,0.11618380172882246
612000,0.11489824119692975
613000,0.11587293261989981
614000,0.11648401169575587
615000,0.11546072748118061
616000,0.11447283794998349
617000,0.11442312405197134
618000,0.11465525996868091
619000,0.11468088170787637
620000,0.11517879728868448
621000,0.11341890523465778
622000,0.11205179014339396
623000,0.11252559684304143
624000,0.1131224770281117
625000,0.11353110454102394
626000,0.11249632654728597
627000,0.11118715321395488
628000,0.1119505849259341
629000,0.11152654560731809
630000,0.11173003071505663
631000,0.10934957688129925
632000,0.10887345961989936
633000,0.1093982047308979
634000,0.10786229672296209
635000,0.10702976096823576
636000,0.10531369723261647
637000,0.10516442287965555
638000,0.10563308056821766
639000,0.10602682995361701
640000,0.1048176330323032
641000,0.1056523672821902
642000,0.10478730925023966
643000,0.10422746139820208
644000,0.10574661794381945
645000,0.10423666183343605
646000,0.10259131076080505
647000,0.10399909739346876
648000,0.10527778479871336
649000,0.10462732324531965
650000,0.10301935580087644
651000,0.1033670136296457
652000,0.10361925968285987
653000,0.10288266938411152
654000,0.10292517295064758
655000,0.10368841896329024
656000,0.1054104180866471
657000,0.10502811825788509
658000,0.1047020631501647
659000,0.10593448977980875
660000,0.105349492063935
661000,0.10654328549683845
662000,0.10614149881826285
663000,0.10642427016015049
664000,0.10844201881823323
665000,0.10761949571557855
666000,0.10651617575627105
667000,0.10653268728497406
668000,0.10682846775531339
669000,0.10677197788182584
670000,0.10644834918147766
671000,0.10588225841256997
672000,0.1072072288657424
673000,0.10728654114924988
674000,0.10717290736412323
675000,0.10818146183091863
676000,0.10837287249569869
677000,0.1069082183662174
678000,0.10544284940460626
679000,0.10610856129123115
680000,0.10536109437041132
681000,0.10629717957186952
682000,0.10711555334692244
683000,0.10630535117744037
684000,0.10450752607221023
685000,0.10357423428975472
686000,0.10302918984719633
687000,0.10265985669539819
688000,0.10300815996347616
689000,0.1030349159137144
690000,0.10361981654979278
691000,0.10362080712294451
692000,0.1031653398743581
693000,0.10422603561714519
694000,0.10468089896936945
695000,0.10475673128496914
696000,0.10436232660369263
697000,0.10247962333250735
698000,0.10189955169908317
699000,0.10116557500612565
700000,0.10123308858531709
701000,0.09985675859396415
702000,0.09994389464654799
703000,0.09968193861212649
704000,0.09981146358197557
705000,0.10067491233026891
706000,0.10017389010622406
707000,0.10082873585454735
708000,0.10156220670479027
709000,0.1011432270798367
710000,0.10000406802663742
711000,0.09928916805359168
712000,0.10007784412753949
713000,0.09843961508510676
714000,0.0982678955440283
715000,0.09833170096991589
716000,0.09886962272363443
717000,0.09878832937040159
718000,0.09802988817487478
719000,0.09942038719715113
720000,0.09817193153334622
721000,0.09831503054430593
722000,0.09959631858725225
723000,0.10033275043126401
724000,0.1001681007304924
725000,0.10079132276823992
726000,0.0997895429666056
727000,0.10115246264340765
728000,0.10158865409228612
729000,0.10258732905852173
730000,0.10322659478255486
731000,0.10363537604207784
732000,0.10324231915287971
733000,0.10352229808967041
734000,0.10348745856319479
735000,0.10454209373109899
736000,0.10456596646110401
737000,0.10547435403000162
738000,0.10493298144869462
739000,0.1036524984148804
740000,0.10405866471745624
741000,0.10439803935984741
742000,0.10471951649129735
743000,0.10452077399925784
744000,0.10439736478771751
745000,0.10439840580381839
746000,0.10494979142545502
747000,0.1044346428359373
748000,0.10352271524990432
749000,0.1031279492834443
750000,0.10378707579619591
751000,0.1034418263196782
752000,0.10339272083822462
753000,0.10284807822008446
754000,0.1029759459134375
755000,0.10207771810288228
756000,0.10092806067951875
757000,0.10055004740337461
758000,0.09960728260110395
759000,0.09853615542840513
760000,0.09861977685015165
761000,0.09778948248040518
762000,0.09838782333121424
763000,0.09775665125341002
764000,0.09592278573698029
765000,0.09598912010827186
766000,0.0959641378131598
767000,0.09623065610725785
768000,0.09596888842637591
769000,0.09538925019769014
770000,0.09567640201464743
771000,0.09527875830451293
772000,0.09469770706624284
773000,0.09428782316824957
774000,0.09429165183250036
775000,0.09290191079405252
776000,0.09350282313885233
777000,0.09322673608480413
778000,0.09356235924241948
779000,0.09268620625244026
780000,0.09224425745986935
781000,0.09191408119945003
782000,0.09192700605881053
783000,0.09229451701471234
784000,0.0921032245333295
785000,0.09329065443941456
786000,0.09292727041640417
787000,0.09251274347838384
788000,0.0926702531434206
789000,0.09317415180140108
790000,0.0926648933092076
791000,0.0928710479214831
792000,0.09386723263705707
793000,0.09361114437763479
794000,0.09362687744253205
795000,0.09425421523754482
796000,0.09463862355652486
797000,0.09457276758294157
798000,0.09497751527230813
799000,0.09498564471008478
800000,0.09480568567835591
801000,0.09600031395291754
802000,0.09565559350993218
803000,0.09511469253383259
804000,0.09404035490064999
805000,0.09292505730528944
806000,0.09367920695764104
807000,0.09265556617459948
808000,0.09262812097304425
