6000,0.5790356018739875
6000,0.5790356018739875
6000,0.5790356018739875
9000,0.5198458308502104
10000,0.4373493742028319
11000,0.4120506215096549
12000,0.3918076879261928
12000,0.3918076879261928
14000,0.3435634890748523
14000,0.3435634890748523
16000,0.30954631751009903
16000,0.30954631751009903
18000,0.30365803534347663
19000,0.30040697437398395
20000,0.27760761393853184
20000,0.27760761393853184
22000,0.2724070671652933
22000,0.2724070671652933
22000,0.2724070671652933
22000,0.2724070671652933
22000,0.2724070671652933
27000,0.2603542114581386
27000,0.2603542114581386
27000,0.2603542114581386
30000,0.24414784067081483
30000,0.24414784067081483
30000,0.24414784067081483
33000,0.23378015269090696
33000,0.23378015269090696
33000,0.23378015269090696
36000,0.23428877454885272
36000,0.23428877454885272
36000,0.23428877454885272
36000,0.23428877454885272
36000,0.23428877454885272
36000,0.23428877454885272
36000,0.23428877454885272
43000,0.23004960523381748
44000,0.22140689798224442
45000,0.22196981770458954
46000,0.22247124919394334
47000,0.2232256340725731
47000,0.2232256340725731
47000,0.2232256340725731
50000,0.2142155124847482
51000,0.20820025730347272
51000,0.20820025730347272
53000,0.20172951534329545
54000,0.19833578718389486
55000,0.19377121493472765
55000,0.19377121493472765
55000,0.19377121493472765
55000,0.19377121493472765
55000,0.19377121493472765
60000,0.19149637797581032
61000,0.19179808710752477
61000,0.19179808710752477
61000,0.19179808710752477
64000,0.18854051190069607
64000,0.18854051190069607
64000,0.18854051190069607
67000,0.1929626443137896
67000,0.1929626443137896
67000,0.1929626443137896
70000,0.19019048519299142
70000,0.19019048519299142
72000,0.19305160797198112
73000,0.1963750983415196
74000,0.19322610359961662
75000,0.19415083612588147
75000,0.19415083612588147
77000,0.1932981537740588
77000,0.1932981537740588
79000,0.1940438846152498
80000,0.1939015874259054
81000,0.19598852465195452
81000,0.19598852465195452
81000,0.19598852465195452
81000,0.19598852465195452
85000,0.19569913610039386
85000,0.19569913610039386
85000,0.19569913610039386
88000,0.19718162622430851
89000,0.19933019876703392
90000,0.1989174427297831
90000,0.1989174427297831
92000,0.19983045088385787
93000,0.20195204264143038
94000,0.19649648192126465
95000,0.19704033433519713
95000,0.19704033433519713
97000,0.19850233241395795
97000,0.19850233241395795
97000,0.19850233241395795
97000,0.19850233241395795
97000,0.19850233241395795
102000,0.19443742043653375
102000,0.19443742043653375
102000,0.19443742043653375
105000,0.19508061483961905
106000,0.19638140695434858
106000,0.19638140695434858
106000,0.19638140695434858
109000,0.19381498576804043
110000,0.1913713444967747
110000,0.1913713444967747
110000,0.1913713444967747
113000,0.1912714139388014
114000,0.1941166755476844
114000,0.1941166755476844
116000,0.19367288863231535
117000,0.19372890450455238
117000,0.19372890450455238
117000,0.19372890450455238
117000,0.19372890450455238
121000,0.1970400753893471
121000,0.1970400753893471
123000,0.19351078177486414
124000,0.198393213781261
124000,0.198393213781261
124000,0.198393213781261
127000,0.1999159600838435
127000,0.1999159600838435
127000,0.1999159600838435
127000,0.1999159600838435
127000,0.1999159600838435
132000,0.20091882457034282
133000,0.20128274292444917
133000,0.20128274292444917
135000,0.20164581690105576
136000,0.2019157964784451
137000,0.19967843316236664
138000,0.19877713758559915
138000,0.19877713758559915
140000,0.19724954555492136
140000,0.19724954555492136
142000,0.19655379634929776
142000,0.19655379634929776
144000,0.19757964351154858
144000,0.19757964351154858
144000,0.19757964351154858
147000,0.19567045988171314
147000,0.19567045988171314
147000,0.19567045988171314
147000,0.19567045988171314
147000,0.19567045988171314
147000,0.19567045988171314
147000,0.19567045988171314
147000,0.19567045988171314
155000,0.1958592458628118
156000,0.1966555342437585
157000,0.19497248734927727
158000,0.19149464180273593
158000,0.19149464180273593
158000,0.19149464180273593
161000,0.19249940016259534
161000,0.19249940016259534
161000,0.19249940016259534
161000,0.19249940016259534
161000,0.19249940016259534
161000,0.19249940016259534
161000,0.19249940016259534
161000,0.19249940016259534
161000,0.19249940016259534
170000,0.1934211020309727
170000,0.1934211020309727
170000,0.1934211020309727
173000,0.19327465776626984
174000,0.19353531316493472
174000,0.19353531316493472
174000,0.19353531316493472
177000,0.19366243465618024
178000,0.19388447027060943
178000,0.19388447027060943
178000,0.19388447027060943
181000,0.1934184290844369
181000,0.1934184290844369
181000,0.1934184290844369
181000,0.1934184290844369
181000,0.1934184290844369
181000,0.1934184290844369
181000,0.1934184290844369
181000,0.1934184290844369
181000,0.1934184290844369
181000,0.1934184290844369
181000,0.1934184290844369
181000,0.1934184290844369
181000,0.1934184290844369
194000,0.19216547321186184
194000,0.19216547321186184
196000,0.19053883912456196
196000,0.19053883912456196
198000,0.18970623473177983
198000,0.18970623473177983
198000,0.18970623473177983
198000,0.18970623473177983
198000,0.18970623473177983
198000,0.18970623473177983
198000,0.18970623473177983
198000,0.18970623473177983
198000,0.18970623473177983
198000,0.18970623473177983
198000,0.18970623473177983
198000,0.18970623473177983
198000,0.18970623473177983
198000,0.18970623473177983
212000,0.18879862578055737
213000,0.1888798747611704
214000,0.18767578553937475
214000,0.18767578553937475
214000,0.18767578553937475
214000,0.18767578553937475
218000,0.18866107827505602
218000,0.18866107827505602
218000,0.18866107827505602
221000,0.18814322955376514
221000,0.18814322955376514
221000,0.18814322955376514
221000,0.18814322955376514
225000,0.18799692252030295
226000,0.18750766880775316
227000,0.18671909280890497
227000,0.18671909280890497
227000,0.18671909280890497
230000,0.18831528527644467
231000,0.186842637865662
231000,0.186842637865662
231000,0.186842637865662
234000,0.18564319688078282
235000,0.18578875721799948
236000,0.1869889115581449
236000,0.1869889115581449
236000,0.1869889115581449
236000,0.1869889115581449
240000,0.18566070114239444
240000,0.18566070114239444
242000,0.18451087088418164
243000,0.1852968970739742
243000,0.1852968970739742
243000,0.1852968970739742
243000,0.1852968970739742
247000,0.18500168930318023
248000,0.18568481669820397
249000,0.1864024554122379
250000,0.18514985088778116
250000,0.18514985088778116
250000,0.18514985088778116
250000,0.18514985088778116
250000,0.18514985088778116
255000,0.18529595123532197
255000,0.18529595123532197
255000,0.18529595123532197
255000,0.18529595123532197
255000,0.18529595123532197
255000,0.18529595123532197
261000,0.1859790322472796
261000,0.1859790322472796
261000,0.1859790322472796
264000,0.18519849853485632
264000,0.18519849853485632
266000,0.1854503942635743
266000,0.1854503942635743
268000,0.18601351828324952
269000,0.18525473544850432
269000,0.18525473544850432
271000,0.1844444375779151
271000,0.1844444375779151
273000,0.18712332757202071
273000,0.18712332757202071
275000,0.18633656789720426
276000,0.18733215823049346
276000,0.18733215823049346
276000,0.18733215823049346
276000,0.18733215823049346
276000,0.18733215823049346
281000,0.18758111662646174
282000,0.1903094429630463
283000,0.1908520749557872
283000,0.1908520749557872
285000,0.18987933234410334
285000,0.18987933234410334
287000,0.19056459640203408
287000,0.19056459640203408
289000,0.1893453029860481
289000,0.1893453029860481
291000,0.18935129823396737
291000,0.18935129823396737
291000,0.18935129823396737
291000,0.18935129823396737
295000,0.18883360013138809
295000,0.18883360013138809
297000,0.18880274098598354
298000,0.18917786473761267
299000,0.18902845193800139
300000,0.19034389573759036
301000,0.19015134621160734
301000,0.19015134621160734
303000,0.18928868058637421
303000,0.18928868058637421
303000,0.18928868058637421
306000,0.18932681053281405
306000,0.18932681053281405
308000,0.189868402658967
308000,0.189868402658967
308000,0.189868402658967
311000,0.18891380415679176
312000,0.18987769802173776
312000,0.18987769802173776
312000,0.18987769802173776
312000,0.18987769802173776
312000,0.18987769802173776
312000,0.18987769802173776
318000,0.1916420995901552
318000,0.1916420995901552
320000,0.19213910701721942
321000,0.19275898104976905
321000,0.19275898104976905
323000,0.1916774503211018
323000,0.1916774503211018
323000,0.1916774503211018
323000,0.1916774503211018
327000,0.19158678305787497
328000,0.19160712471795913
328000,0.19160712471795913
328000,0.19160712471795913
328000,0.19160712471795913
332000,0.19084951582626966
332000,0.19084951582626966
332000,0.19084951582626966
332000,0.19084951582626966
332000,0.19084951582626966
332000,0.19084951582626966
338000,0.191007734325004
339000,0.19023986777189808
339000,0.19023986777189808
339000,0.19023986777189808
342000,0.18941781743590577
342000,0.18941781743590577
344000,0.1902217536798306
345000,0.18929301370713494
345000,0.18929301370713494
345000,0.18929301370713494
345000,0.18929301370713494
345000,0.18929301370713494
350000,0.1900054313414628
351000,0.19068011216877925
351000,0.19068011216877925
351000,0.19068011216877925
354000,0.19276153720752276
355000,0.1934439083541988
356000,0.1924863956630963
356000,0.1924863956630963
358000,0.1930012033200958
359000,0.19276667825758378
359000,0.19276667825758378
361000,0.19211424838604482
361000,0.19211424838604482
361000,0.19211424838604482
364000,0.19271772953087254
365000,0.19431344742988627
365000,0.19431344742988627
367000,0.1957282974174912
368000,0.19636937933371834
368000,0.19636937933371834
368000,0.19636937933371834
368000,0.19636937933371834
368000,0.19636937933371834
368000,0.19636937933371834
368000,0.19636937933371834
368000,0.19636937933371834
376000,0.19676825020238117
376000,0.19676825020238117
378000,0.196900468784221
379000,0.19740732020875335
380000,0.19767038271811996
381000,0.19804305562046598
382000,0.19890509842435036
383000,0.1992959971495968
383000,0.1992959971495968
383000,0.1992959971495968
386000,0.19975747380935716
387000,0.20025550534739525
388000,0.1993876001985928
388000,0.1993876001985928
388000,0.1993876001985928
391000,0.2003445074346342
392000,0.2002679448874912
393000,0.1996758167266282
393000,0.1996758167266282
395000,0.2006476636400097
396000,0.20089196980220483
397000,0.19962823897589882
398000,0.1988104104878967
399000,0.19881491999877834
400000,0.19878328443441443
400000,0.19878328443441443
402000,0.19921163968629504
403000,0.1986145478415763
404000,0.19788061460373355
405000,0.19844764523444927
406000,0.19813819264406618
406000,0.19813819264406618
406000,0.19813819264406618
406000,0.19813819264406618
410000,0.19981391609144913
410000,0.19981391609144913
410000,0.19981391609144913
410000,0.19981391609144913
410000,0.19981391609144913
410000,0.19981391609144913
416000,0.20012383724341207
417000,0.20088594899261478
418000,0.20030001653435953
419000,0.19953018894566
420000,0.19927491842436304
421000,0.19907058528445343
422000,0.19970725430240582
423000,0.19983070156462174
423000,0.19983070156462174
425000,0.20002887171725553
426000,0.2000547330485744
427000,0.19929118420408537
428000,0.20011720820774617
428000,0.20011720820774617
430000,0.20011343431800782
431000,0.19982894479685526
432000,0.20037434047780187
432000,0.20037434047780187
434000,0.20014275312170177
435000,0.2003775900078783
436000,0.19993758368579526
437000,0.19926693351255997
437000,0.19926693351255997
439000,0.19967498980896556
440000,0.19905442346467847
441000,0.19984260152840866
441000,0.19984260152840866
443000,0.1995867659520318
443000,0.1995867659520318
445000,0.19893789077152707
446000,0.19902800215289038
447000,0.1988612156169381
447000,0.1988612156169381
447000,0.1988612156169381
447000,0.1988612156169381
447000,0.1988612156169381
447000,0.1988612156169381
453000,0.19928018829669364
454000,0.19975596804745957
455000,0.20039231638665417
456000,0.2013143211619232
456000,0.2013143211619232
458000,0.20056499257582205
459000,0.20070100943719207
460000,0.20103786130844226
460000,0.20103786130844226
462000,0.201428847143324
462000,0.201428847143324
464000,0.20108605709266167
464000,0.20108605709266167
464000,0.20108605709266167
464000,0.20108605709266167
464000,0.20108605709266167
469000,0.20053303355272553
469000,0.20053303355272553
471000,0.20243359196204144
472000,0.2031944534490453
472000,0.2031944534490453
474000,0.20256740935572062
475000,0.2029758211457267
476000,0.2036279313162728
476000,0.2036279313162728
476000,0.2036279313162728
479000,0.2038098364846685
479000,0.2038098364846685
481000,0.2036484530068993
481000,0.2036484530068993
481000,0.2036484530068993
481000,0.2036484530068993
485000,0.20341561805975342
486000,0.20281805790048882
487000,0.2027322508968756
488000,0.20273278233064576
489000,0.20208945017890514
489000,0.20208945017890514
491000,0.2023156586043172
492000,0.20301574857931115
492000,0.20301574857931115
492000,0.20301574857931115
492000,0.20301574857931115
496000,0.20274399425961181
497000,0.2035894512521078
498000,0.20382621079490953
499000,0.2041793245907516
499000,0.2041793245907516
499000,0.2041793245907516
502000,0.20448640375784022
503000,0.20518926325132686
504000,0.20462459180514697
504000,0.20462459180514697
506000,0.2044404999541979
507000,0.20334089652759194
508000,0.2036087263362859
508000,0.2036087263362859
510000,0.20388214823109788
511000,0.2033419491705855
512000,0.20406778533020206
513000,0.20344273377982558
514000,0.20282237795607644
514000,0.20282237795607644
516000,0.20269137490801778
516000,0.20269137490801778
516000,0.20269137490801778
516000,0.20269137490801778
516000,0.20269137490801778
516000,0.20269137490801778
522000,0.20213253422505778
522000,0.20213253422505778
522000,0.20213253422505778
525000,0.20127389684817798
526000,0.20142307731272152
527000,0.20100446676034614
527000,0.20100446676034614
529000,0.20096992919317372
530000,0.20165869278650242
531000,0.20135424449752176
532000,0.2010701518330593
533000,0.20181788201623535
534000,0.201244548507903
535000,0.20125357182587492
535000,0.20125357182587492
535000,0.20125357182587492
538000,0.2008636592023995
539000,0.20105261069979363
540000,0.2021054418711672
540000,0.2021054418711672
540000,0.2021054418711672
543000,0.20126870227364918
543000,0.20126870227364918
545000,0.20074085116745705
545000,0.20074085116745705
547000,0.20022962277329195
547000,0.20022962277329195
547000,0.20022962277329195
550000,0.2013506962524312
551000,0.20128978707124393
551000,0.20128978707124393
553000,0.20182234097330176
553000,0.20182234097330176
555000,0.2019103265864999
555000,0.2019103265864999
555000,0.2019103265864999
558000,0.20222808472577647
558000,0.20222808472577647
560000,0.20248260239666316
561000,0.20225858830283766
562000,0.20246926696938414
563000,0.2020486941566744
563000,0.2020486941566744
565000,0.20189730859358748
565000,0.20189730859358748
565000,0.20189730859358748
568000,0.20118649129338317
569000,0.2006961215089399
570000,0.20175792678437338
571000,0.20126488755698568
571000,0.20126488755698568
573000,0.20109642750480583
574000,0.20070792326233328
574000,0.20070792326233328
574000,0.20070792326233328
577000,0.2001587941290852
578000,0.20043567280513344
579000,0.20064968937524666
579000,0.20064968937524666
579000,0.20064968937524666
579000,0.20064968937524666
583000,0.20093965924653928
584000,0.2010878035530594
585000,0.2012235007986529
586000,0.20079281105013083
587000,0.20099916696304995
588000,0.20130988801611122
589000,0.20054083065531825
589000,0.20054083065531825
591000,0.20011409284592302
591000,0.20011409284592302
593000,0.19995618314533425
593000,0.19995618314533425
593000,0.19995618314533425
596000,0.19859632870798605
597000,0.19830250726146478
597000,0.19830250726146478
599000,0.19840329298417517
599000,0.19840329298417517
601000,0.19813643783572046
601000,0.19813643783572046
603000,0.1982678142776346
603000,0.1982678142776346
603000,0.1982678142776346
603000,0.1982678142776346
603000,0.1982678142776346
608000,0.19782811819671167
608000,0.19782811819671167
610000,0.19813328088137128
611000,0.1977194772794157
612000,0.19738090495696092
613000,0.19771175545903544
614000,0.19861417490099723
614000,0.19861417490099723
616000,0.19836543252381625
617000,0.19834433951473202
618000,0.19804795440867093
618000,0.19804795440867093
620000,0.19765762638817327
621000,0.1976684014942261
621000,0.1976684014942261
623000,0.1973376853031369
623000,0.1973376853031369
625000,0.19735647135127893
626000,0.1972589724872376
627000,0.1968408957664891
627000,0.1968408957664891
629000,0.19726312660449583
630000,0.19747449241628032
630000,0.19747449241628032
630000,0.19747449241628032
633000,0.19811965093520018
633000,0.19811965093520018
635000,0.19780609582068268
635000,0.19780609582068268
635000,0.19780609582068268
638000,0.19790264421665044
639000,0.1976855407227211
639000,0.1976855407227211
641000,0.19732648227585614
642000,0.19733993196488614
643000,0.19755192798240362
644000,0.19719290363341077
644000,0.19719290363341077
646000,0.19674554807046638
646000,0.19674554807046638
648000,0.19645278195336083
648000,0.19645278195336083
650000,0.19610684705199796
651000,0.1962577568001651
652000,0.1962282773358712
652000,0.1962282773358712
654000,0.196331097806825
655000,0.19643751166770085
656000,0.19687782103319937
657000,0.19689724407477183
658000,0.19628704443163572
659000,0.19598606259483162
659000,0.19598606259483162
661000,0.19626619844675142
661000,0.19626619844675142
661000,0.19626619844675142
664000,0.19657726102246786
665000,0.19635136606143558
665000,0.19635136606143558
665000,0.19635136606143558
668000,0.19730514829598736
669000,0.19696007930893533
669000,0.19696007930893533
671000,0.1974938244482782
671000,0.1974938244482782
673000,0.19722420504552204
674000,0.1968814628750519
675000,0.19644695613470134
675000,0.19644695613470134
677000,0.19606506546333308
677000,0.19606506546333308
677000,0.19606506546333308
680000,0.19570278234827945
680000,0.19570278234827945
682000,0.1955504825438873
683000,0.19581843477690297
683000,0.19581843477690297
683000,0.19581843477690297
686000,0.19610137038001532
687000,0.19624996145079193
687000,0.19624996145079193
689000,0.1963517974474355
690000,0.1961284731304786
691000,0.19636202385311885
691000,0.19636202385311885
693000,0.1960481586397621
694000,0.19621025752942356
694000,0.19621025752942356
696000,0.19595750405611093
697000,0.19568000062064572
697000,0.19568000062064572
699000,0.1955781062109508
700000,0.19525444946689133
701000,0.19536344368339068
702000,0.19500630961945098
702000,0.19500630961945098
704000,0.19512803339653373
705000,0.194839918148593
705000,0.194839918148593
705000,0.194839918148593
705000,0.194839918148593
709000,0.19449194064401407
709000,0.19449194064401407
711000,0.1941414171226121
711000,0.1941414171226121
711000,0.1941414171226121
714000,0.1942850007385274
714000,0.1942850007385274
714000,0.1942850007385274
717000,0.1939902476239568
718000,0.1944049291128918
719000,0.19425633948648435
719000,0.19425633948648435
721000,0.19397286251049192
721000,0.19397286251049192
723000,0.1933346742837181
724000,0.19305497577171896
725000,0.19334741328927205
725000,0.19334741328927205
725000,0.19334741328927205
728000,0.1935667290405948
728000,0.1935667290405948
728000,0.1935667290405948
728000,0.1935667290405948
728000,0.1935667290405948
733000,0.19366729109001557
734000,0.19358758875408652
734000,0.19358758875408652
736000,0.19380451366839824
736000,0.19380451366839824
736000,0.19380451366839824
736000,0.19380451366839824
740000,0.19341785712326515
741000,0.19336489858462882
742000,0.19326155470363976
743000,0.19376911671465222
744000,0.19453067591606732
744000,0.19453067591606732
746000,0.19472953565958687
747000,0.19456132129302403
748000,0.1947418123348119
749000,0.1942319961813022
750000,0.19436933905134035
750000,0.19436933905134035
752000,0.19441567792917872
752000,0.19441567792917872
754000,0.19406707924165648
755000,0.19390254014164326
756000,0.19309449609451812
756000,0.19309449609451812
756000,0.19309449609451812
759000,0.19299311065485525
760000,0.1926765228459808
761000,0.19237414539445444
762000,0.1921090683072958
763000,0.19197743487252178
763000,0.19197743487252178
765000,0.19196330348699034
765000,0.19196330348699034
765000,0.19196330348699034
768000,0.1921631241136955
769000,0.19180146667846262
770000,0.19199348275043987
771000,0.1923171349038937
772000,0.19198793071926176
772000,0.19198793071926176
774000,0.1917492542104848
774000,0.1917492542104848
774000,0.1917492542104848
774000,0.1917492542104848
774000,0.1917492542104848
779000,0.19109945537736062
780000,0.19135725824751343
780000,0.19135725824751343
780000,0.19135725824751343
783000,0.19161259204795847
784000,0.1915522947348073
784000,0.1915522947348073
786000,0.19124326534125302
787000,0.19099102701008555
787000,0.19099102701008555
787000,0.19099102701008555
787000,0.19099102701008555
791000,0.19103156505689875
791000,0.19103156505689875
793000,0.19073224582929044
794000,0.19116360926581932
795000,0.1913477477360344
796000,0.19109405498553816
796000,0.19109405498553816
798000,0.19118708273606944
799000,0.19112811193659013
799000,0.19112811193659013
801000,0.19123720312156675
802000,0.1914080349888148
802000,0.1914080349888148
802000,0.1914080349888148
805000,0.19171265893947145
805000,0.19171265893947145
807000,0.19165317416296263
807000,0.19165317416296263
