1000,0.7528444205689577
2000,0.8607700219681579
3000,0.8952291716515648
4000,0.8593737812689268
5000,0.8674512531648113
6000,0.8692081846486995
7000,0.8422463033211881
8000,0.7963423977585561
9000,0.7869256446810337
10000,0.7715086417435643
11000,0.780092221693314
12000,0.7987642282593257
13000,0.7806104620215257
14000,0.7732777074713658
15000,0.7613862577641425
16000,0.750003034580792
17000,0.7447613097179426
18000,0.7333464289183079
19000,0.724693428985146
20000,0.6983921904622935
21000,0.6875736060936609
22000,0.68113594267003
23000,0.6746441144803493
24000,0.6607060684455969
25000,0.6416639070129635
26000,0.6356861978714544
27000,0.6166070311000249
28000,0.6129356772940809
29000,0.5982384662021649
30000,0.5818012430574102
31000,0.5695310109737176
32000,0.558575082899353
33000,0.5513358161648988
34000,0.5492436690948949
35000,0.5447585751091751
36000,0.5469342063247465
37000,0.5350099440119086
38000,0.5260183479449035
39000,0.5167649699083467
40000,0.5152924447497352
41000,0.5195479193472621
42000,0.5102186814046895
43000,0.5008843421825924
44000,0.4954903405528147
45000,0.49022422337684907
46000,0.4811535207969868
47000,0.47792244971143877
48000,0.4724405403451902
49000,0.4701766345026552
50000,0.46741871094250076
51000,0.46337322233200684
52000,0.45705794715861287
53000,0.4528317174904349
54000,0.45216186029103456
55000,0.4506832646613763
56000,0.4507634247843094
57000,0.4468332854988372
58000,0.4424859677743653
59000,0.44115532804482827
60000,0.44190899107546416
61000,0.4396519113317019
62000,0.435606941713011
63000,0.4312851076796074
64000,0.42664121787867815
65000,0.4203052991238453
66000,0.4213413488114849
67000,0.41737493086449706
68000,0.41350894832418483
69000,0.4092897418608894
70000,0.405682753597276
71000,0.40410615027793484
72000,0.4074394922188001
73000,0.40683351751084346
74000,0.4043054510296109
75000,0.39953104282652885
76000,0.39852113461965777
77000,0.3937612508526938
78000,0.390330936896521
79000,0.39092530582247165
80000,0.3883958653113913
81000,0.38861793411383744
82000,0.38771672384959904
83000,0.38867091968217454
84000,0.3853449700059787
85000,0.3835486958161145
86000,0.3885808019089568
87000,0.386833363503351
88000,0.3864696235299342
89000,0.38698755007652275
90000,0.38607213507211574
91000,0.3858180455394493
92000,0.3874306331479388
93000,0.38808849991356165
94000,0.3855656807271483
95000,0.384253616281895
96000,0.3803574985694607
97000,0.3780200535821319
98000,0.3784299412464524
99000,0.3778304337907696
100000,0.374632738124802
101000,0.37002059623332273
102000,0.3655756602575424
103000,0.3581072433220531
104000,0.35386526567043053
105000,0.34819887015167034
106000,0.3457132289400932
107000,0.34091926383913707
108000,0.3371911130793906
109000,0.33255245078909945
110000,0.3277933031424937
111000,0.32062384066314087
112000,0.3124913240380062
113000,0.30820827920589144
114000,0.3048777236256508
115000,0.3013360278726794
116000,0.29945562995191854
117000,0.2955089874883374
118000,0.2922264476070072
119000,0.2879892469699478
120000,0.2885542814782767
121000,0.28724661174830235
122000,0.28397442902815534
123000,0.2823760028557937
124000,0.28518588738503603
125000,0.28908766275032977
126000,0.2856724824888941
127000,0.2877746025003701
128000,0.28340630073235773
129000,0.2845719379794408
130000,0.28619886286369745
131000,0.28778631964053425
132000,0.2885863531515307
133000,0.28797631301740556
134000,0.2872809837056299
135000,0.2840260808435145
136000,0.2823889375360534
137000,0.283715466511925
138000,0.283668117300276
139000,0.2863188675672718
140000,0.282805782750655
141000,0.2772329217875743
142000,0.27867616337098944
143000,0.2789104593033601
144000,0.2787255011724939
145000,0.27841070225283443
146000,0.2806702815405243
147000,0.27856494037330504
148000,0.27930904821799424
149000,0.2806250552391982
150000,0.28180986912437805
151000,0.2826709098155726
152000,0.2855965005184126
153000,0.2867153139505576
154000,0.28295000645593227
155000,0.28041685849652925
156000,0.27646384650154054
157000,0.2772596070760276
158000,0.2799518449070049
159000,0.2802646912587958
160000,0.2795083339898558
161000,0.2801540219726434
162000,0.282370167055994
163000,0.28198512488579575
164000,0.28316257778273046
165000,0.28541417764881305
166000,0.2822189723341415
167000,0.2839227187536616
168000,0.2842675378812295
169000,0.28726409846186735
170000,0.287651883697235
171000,0.28880386461080376
172000,0.28453580738589745
173000,0.2844481441709253
174000,0.2862423646369265
175000,0.28693705409810116
176000,0.2842511050478447
177000,0.2856863172549151
178000,0.2865978794072613
179000,0.28611307825251087
180000,0.2864463816939783
181000,0.2835543692350752
182000,0.28364340963097756
183000,0.28205027211389594
184000,0.28392779453260725
185000,0.2884873981057889
186000,0.28199018551578087
187000,0.282922336704872
188000,0.2814883529110348
189000,0.27953162628830297
190000,0.2790067423217239
191000,0.27607613820409754
192000,0.2710537250207377
193000,0.26893446657100345
194000,0.27156412606653546
195000,0.2730930057131903
196000,0.2763262602069223
197000,0.27691633804189053
198000,0.2729870986483237
199000,0.27195589068777215
200000,0.27267517615014375
201000,0.2722153770691906
202000,0.26886014622149523
203000,0.2710242931642912
204000,0.2697325929896501
205000,0.26777193543394295
206000,0.26396862857776593
207000,0.26587889066326814
208000,0.2671947915605001
209000,0.26701118333515794
210000,0.26847799244119996
211000,0.2681216977331028
212000,0.26840497542819763
213000,0.2677526414747022
214000,0.2673919070350712
215000,0.2651703042985994
216000,0.2626854743230078
217000,0.2662301569973677
218000,0.2674187341991334
219000,0.2683263105911605
220000,0.26923006032023045
221000,0.2686259157482077
222000,0.2665403728937691
223000,0.2655330850399779
224000,0.26181099831036586
225000,0.25982706445751985
226000,0.2615353456623037
227000,0.26107617266997635
228000,0.26090452474483805
229000,0.2584416890051512
230000,0.25766272071798874
231000,0.25701039382949337
232000,0.2561147651322988
233000,0.25364622344378335
234000,0.25025214485449804
235000,0.2532017944487283
236000,0.2559644760875586
237000,0.2544217633090748
238000,0.25394553689184834
239000,0.2521084291083873
240000,0.2536210968924053
241000,0.25309538233751105
242000,0.25158743754833296
243000,0.2519883098294969
244000,0.2512122991308892
245000,0.2536374275585279
246000,0.25346816262774935
247000,0.25559486906506645
248000,0.2575776104945737
249000,0.25350248956406696
250000,0.2517944229834076
251000,0.25178802047692034
252000,0.2495936813257666
253000,0.2473645881088484
254000,0.24853879076900642
255000,0.24947823785771567
256000,0.249464039917201
257000,0.2501808145846747
258000,0.24705603453639696
259000,0.2457648452154217
260000,0.24396092819472665
261000,0.24290200146928598
262000,0.24018776675828798
263000,0.2416211407743722
264000,0.23945618979845745
265000,0.23726087679948132
266000,0.2397125387006917
267000,0.23665894079719346
268000,0.2363654082713806
269000,0.23403774908377956
270000,0.23361173058436843
271000,0.2317707882950002
272000,0.2345697690521628
273000,0.23405012542578954
274000,0.23245566456978473
275000,0.23362037759609344
276000,0.23340277098182083
277000,0.23291391419017554
278000,0.2344439407976023
279000,0.23233604669784727
280000,0.23292619523473154
281000,0.23365890095588931
282000,0.23297372751618492
283000,0.2329158335185096
284000,0.23020837302993613
285000,0.22496791935111252
286000,0.2262227687120668
287000,0.22606065621178692
288000,0.22637307065161308
289000,0.22634983794629357
290000,0.22498572164924852
291000,0.22801227235432986
292000,0.23190181125206114
293000,0.23151505666412905
294000,0.23089385467235832
295000,0.22713297024208362
296000,0.22675371953118673
297000,0.22787070906016885
298000,0.22923857387210478
299000,0.23021316163104752
300000,0.22981006070364832
301000,0.2315374589314527
302000,0.23067610033281286
303000,0.22681787346566376
304000,0.2264944978845125
305000,0.2264432996938517
306000,0.22747726529949597
307000,0.22403711268349996
308000,0.224234274246658
309000,0.2257912570112084
310000,0.2246204893319918
311000,0.22543473488285454
312000,0.22476982127748468
313000,0.2244205264659143
314000,0.22352610909310242
315000,0.22545348132489776
316000,0.2244226554390817
317000,0.21973948727749157
318000,0.21902921095007188
319000,0.21814807024444036
320000,0.21649329239238374
321000,0.2184965871701039
322000,0.22148647057033802
323000,0.22168334106495644
324000,0.220210835062572
325000,0.21883855306896552
326000,0.21968281577923116
327000,0.21919413194909895
328000,0.2193766034686094
329000,0.21923277468784358
330000,0.21981389314659086
331000,0.21909383008612782
332000,0.22016456493966302
333000,0.22086125600957002
334000,0.22326991607878233
335000,0.22060398874432902
336000,0.2145645058687905
337000,0.21399542180015874
338000,0.21538125156142376
339000,0.21509053261868616
340000,0.2140155497820151
341000,0.21447175369710084
342000,0.214616586398716
343000,0.2153015451874723
344000,0.21550679494165625
345000,0.21098721523033911
346000,0.2083983872064727
347000,0.20742516908234837
348000,0.20512654615814616
349000,0.2057794470941503
350000,0.20390820754735123
351000,0.2043052622901993
352000,0.2048898231629322
353000,0.20470664029404326
354000,0.20543497076406153
355000,0.20351674230990627
356000,0.2033459200301129
357000,0.2014313025694772
358000,0.20197039386715648
359000,0.2000599991447712
360000,0.2002818009463565
361000,0.2002174944674455
362000,0.20175179294771595
363000,0.20037295601303276
364000,0.201796908871315
365000,0.20284983710701612
366000,0.19888231214436586
367000,0.19965289048245569
368000,0.2008668865883962
369000,0.20134040543640033
370000,0.20092371631918854
371000,0.201021020340205
372000,0.198816992116543
373000,0.19838872857537723
374000,0.19775284846702312
375000,0.19589255570446787
376000,0.19824589229238543
377000,0.19871093282774416
378000,0.19761042719883018
379000,0.19800674097378146
380000,0.19620916607270766
381000,0.1979977988952786
382000,0.19669245802192933
383000,0.1949169734367507
384000,0.1966126272524577
385000,0.1984214811885422
386000,0.20082009951487062
387000,0.2016937237926097
388000,0.200831148311007
389000,0.2008712761245067
390000,0.19982092458307837
391000,0.19914786076667174
392000,0.196392692167388
393000,0.1958341289763619
394000,0.19323222208768798
395000,0.19382244343303723
396000,0.19276757399597816
397000,0.19294093875886068
398000,0.1921642187974139
399000,0.19283725062630225
400000,0.19267404247881742
401000,0.18919814461977819
402000,0.19132479076883274
403000,0.19113480805120578
404000,0.19125947413007682
405000,0.19133252958596647
406000,0.19201780767451224
407000,0.19390344213962793
408000,0.19255502130937355
409000,0.19050077145872416
410000,0.19262427885503075
411000,0.1943386163746501
412000,0.19400831023892626
413000,0.1939249541587018
414000,0.19265827859325174
415000,0.19200686973342415
416000,0.19252929892065238
417000,0.19200378469688667
418000,0.1914866092468606
419000,0.1913979332414841
420000,0.19012312035007597
421000,0.18630009551422677
422000,0.18521151406330238
423000,0.18534116473906714
424000,0.18528714076656486
425000,0.18502279167721003
426000,0.18272240442263735
427000,0.18093886529005873
428000,0.18231704204477991
429000,0.18225537501794903
430000,0.18262715508491917
431000,0.18241688708667794
432000,0.18497946130213921
433000,0.18605925463832146
434000,0.18413563684699008
435000,0.1869958379750363
436000,0.18618945576332796
437000,0.18850732492195502
438000,0.1872576702626795
439000,0.18812087562682417
440000,0.1878015916803715
441000,0.18908723632432095
442000,0.18974179981843492
443000,0.18995850446064316
444000,0.19052507368969607
445000,0.1926801958603049
446000,0.19361852913294791
447000,0.19364528785917504
448000,0.19229823710227886
449000,0.19094636040204066
450000,0.19009202019695262
451000,0.18662687898662778
452000,0.18482085178919172
453000,0.18492051362282624
454000,0.18358059330318519
455000,0.1835997618822911
456000,0.18428092448586023
457000,0.18368134952732793
458000,0.18243525685644998
459000,0.18381656076923183
460000,0.18305035682123535
461000,0.18222047398760718
462000,0.1826047363583233
463000,0.18210296193235243
464000,0.18217286413613898
465000,0.1833535176396178
466000,0.18328573747894467
467000,0.1840972030480527
468000,0.18282522609881738
469000,0.18277107711474574
470000,0.1835014993398732
471000,0.18576323549797177
472000,0.18532507338958085
473000,0.183875617754948
474000,0.18367741178649938
475000,0.18608795682434373
476000,0.18443255367370512
477000,0.1836458159702538
478000,0.18313539906487258
479000,0.1814928437508247
480000,0.18345530019929815
481000,0.18076007491260437
482000,0.1800568379497202
483000,0.17926171682710249
484000,0.18073816173257495
485000,0.17900242899876162
486000,0.17394431871627478
487000,0.17131256618494972
488000,0.17080896671109996
489000,0.17280145033529892
490000,0.17488714722236004
491000,0.17219584204529095
492000,0.17116881189342775
493000,0.1718841332492864
494000,0.17373112757066622
495000,0.17385056123938655
496000,0.17353790389457643
497000,0.172831291960845
498000,0.17388646118176815
499000,0.17121437323860056
500000,0.17066891374716897
501000,0.17046633309948944
502000,0.17030038155487312
503000,0.1725763817700398
504000,0.17103443808692428
505000,0.17075260513092305
506000,0.1682947140726327
507000,0.16792708748639895
508000,0.16762747949844228
509000,0.16599430727349043
510000,0.1634482606032463
511000,0.16152135792506958
512000,0.16264980807509483
513000,0.16279736591149088
514000,0.16297727220661573
515000,0.1631914454931603
516000,0.16551249664268539
517000,0.16509002967188632
518000,0.16546822084470852
519000,0.16422216325124886
520000,0.16523701678832758
521000,0.16698334899681702
522000,0.16757696695353955
523000,0.164831561590732
524000,0.16470477455637447
525000,0.16283177246513225
526000,0.1643676974534477
527000,0.16578027850228313
528000,0.16451790353935303
529000,0.16567706735240353
530000,0.1640090037904068
531000,0.1662413059302401
532000,0.16230068603606135
533000,0.16161494255412595
534000,0.16437697400226087
535000,0.16234882515913535
536000,0.164189929848219
537000,0.16348982404009704
538000,0.16207302853116584
539000,0.16007315463781255
540000,0.16283818982476295
541000,0.16054648911259778
542000,0.160484394271221
543000,0.15994599058030295
544000,0.1575678487534222
545000,0.15724209786018548
546000,0.15844177712271487
547000,0.15626864842332067
548000,0.15638926545107631
549000,0.15831731964961768
550000,0.16197689338596244
551000,0.16219951386526196
552000,0.16218308168135345
553000,0.16394948851533528
554000,0.16396291264153104
555000,0.16416380557290092
556000,0.16322578966630447
557000,0.16355095826219695
558000,0.1652187512710221
559000,0.1632363136756879
560000,0.1622621153891048
561000,0.16088715590287717
562000,0.15803500707881984
563000,0.15919442418980917
564000,0.15768336992285412
565000,0.15697593147566657
566000,0.1581474145261672
567000,0.15677369601207192
568000,0.15629540120540542
569000,0.1556596548895881
570000,0.15488584023985325
571000,0.15448598002311104
572000,0.15230784880261347
573000,0.153563375026527
574000,0.1527407382817456
575000,0.15069468797041996
576000,0.1509809679418439
577000,0.15310269168335164
578000,0.15294310110283107
579000,0.1532414115539711
580000,0.15233532668193617
581000,0.15157017484510818
582000,0.1511670094596975
583000,0.15296362187837564
584000,0.15263198485031323
585000,0.1526493456230062
586000,0.1543979938551148
587000,0.15455050818011767
588000,0.1543009124758287
589000,0.15051028942212044
590000,0.1484120082384398
591000,0.14865680793282182
592000,0.1502006778892243
593000,0.14916031746643876
594000,0.14672260789453076
595000,0.14673816305757437
596000,0.1470580228511647
597000,0.14734782780854602
598000,0.14650920060161482
599000,0.14738883184478055
600000,0.14810445110309955
601000,0.14963793289651972
602000,0.14968114690270665
603000,0.1492562951147301
604000,0.15048432144240326
605000,0.1524911960083792
606000,0.15210726832468544
607000,0.1513607629927016
608000,0.15071733559349354
609000,0.15143985659486184
610000,0.15280881440537275
611000,0.15227428031025395
612000,0.15005647363067676
613000,0.15232600427396942
614000,0.1531751121275699
615000,0.1518849716910686
616000,0.14969350901579515
617000,0.1492906751285305
618000,0.14975488976351872
619000,0.149847243714208
620000,0.1510935672145406
621000,0.14905420832238286
622000,0.14674157525802253
623000,0.14695882484381892
624000,0.14794966293153886
625000,0.14854163095585346
626000,0.14691040852848186
627000,0.145112599441307
628000,0.14561928956399953
629000,0.14512660924027887
630000,0.14462742189749525
631000,0.14049940758790413
632000,0.13969516660593348
633000,0.14037007480868538
634000,0.13742699057900945
635000,0.13607073326499022
636000,0.13387075656628675
637000,0.13441814428177734
638000,0.1358337431679107
639000,0.1362502733799715
640000,0.13333200720213145
641000,0.13487278125948182
642000,0.13308448676207973
643000,0.13199322280035278
644000,0.13398212751872599
645000,0.13237612323428607
646000,0.13028658621903963
647000,0.13252409302255955
648000,0.13382202559957979
649000,0.13252217019585413
650000,0.12949036997399965
651000,0.12968455358386233
652000,0.13033895220054767
653000,0.12832026400400265
654000,0.12832419395200848
655000,0.12925897669821848
656000,0.13210507509369876
657000,0.13093387824608657
658000,0.13054221681835798
659000,0.13217511775355564
660000,0.1315195412120448
661000,0.13391420359448128
662000,0.13360589233140693
663000,0.13320856772403425
664000,0.1363311147164347
665000,0.13548717014976197
666000,0.134564453728094
667000,0.13492870328588663
668000,0.13587652765284847
669000,0.1357114716569812
670000,0.13490789183057972
671000,0.132620929559109
672000,0.13420370487585814
673000,0.13472855296680136
674000,0.13434723306239477
675000,0.135330125911854
676000,0.13610050957175418
677000,0.13379594704972522
678000,0.13201773564107983
679000,0.1335440342532204
680000,0.1323865248863648
681000,0.13314848242181848
682000,0.1342488986947859
683000,0.13391324711761957
684000,0.1317394672759926
685000,0.13019284511910714
686000,0.12945147084105604
687000,0.12898414476128545
688000,0.12941773630367906
689000,0.12926549616517863
690000,0.13024362446966098
691000,0.12989185436783032
692000,0.12910054909930682
693000,0.13043885277697076
694000,0.13124042121921195
695000,0.13120898573393563
696000,0.12974676560053747
697000,0.1270541253597929
698000,0.12620769192467568
699000,0.12491097647308552
700000,0.1251506150130511
701000,0.12389162583329373
702000,0.12432164788383664
703000,0.12278748887414702
704000,0.12314070268627293
705000,0.12403377104782301
706000,0.12286718460659102
707000,0.1241334172935417
708000,0.12547415022871036
709000,0.1251795653153894
710000,0.12329553089941706
711000,0.12220221351476666
712000,0.12317640874740265
713000,0.12061061777468086
714000,0.12022814967089748
715000,0.12023926720333901
716000,0.12084435842905299
717000,0.12079271624038339
718000,0.1193513030689338
719000,0.12153850043717634
720000,0.1191581737414021
721000,0.11915455050107321
722000,0.1208632168961887
723000,0.12257115888843013
724000,0.12234169132233018
725000,0.12454586034944767
726000,0.1233020765859775
727000,0.12526520286838536
728000,0.1262854274886383
729000,0.12834854061650486
730000,0.1292027702738422
731000,0.12976972236342277
732000,0.12902839305414013
733000,0.12902421103213996
734000,0.12904486510992627
735000,0.1305536499889254
736000,0.13068499743558246
737000,0.1323534804268468
738000,0.13099327549975587
739000,0.1298859156935477
740000,0.13173544165870127
741000,0.13150607430837688
742000,0.13236994544196287
743000,0.1327607905642372
744000,0.13276474711118796
745000,0.13276243101244461
746000,0.1340442510758943
747000,0.13263602578765563
748000,0.13119366294196805
749000,0.13088914435920088
750000,0.13177167684391747
751000,0.13199144631036247
752000,0.1313114695195603
753000,0.13053408636741443
754000,0.13041459629088112
755000,0.12947848411715135
756000,0.1277677170096622
757000,0.127775096477261
758000,0.1257906973837443
759000,0.12436632536259577
760000,0.12442822918022986
761000,0.12279659531358675
762000,0.12384326090529052
763000,0.12295147327396651
764000,0.11963160036266254
765000,0.12006534000569263
766000,0.1199335029853554
767000,0.1205041373677951
768000,0.12053190293220763
769000,0.12039876199528374
770000,0.12096010288238974
771000,0.12042282196521452
772000,0.11994152976927477
773000,0.11794427283721279
774000,0.1178369135137315
775000,0.11672373191597324
776000,0.11766642019753161
777000,0.11700666368647393
778000,0.11748047927911466
779000,0.11549854715919795
780000,0.11498407697610567
781000,0.11541740748018907
782000,0.11556261356694955
783000,0.11610995470069634
784000,0.11554248981206791
785000,0.11671791931225424
786000,0.11651763476941253
787000,0.11673802902997812
788000,0.11720703936552615
789000,0.11774415693095594
790000,0.1170490019145271
791000,0.11730465429642828
792000,0.11865560444168202
793000,0.1178241473345688
794000,0.11744895062190572
795000,0.11827248557194273
796000,0.11901171360073053
797000,0.11884724442102373
798000,0.11932528047893552
799000,0.11897150597547203
800000,0.11967509752299901
801000,0.12128503885752526
802000,0.12039750587513913
803000,0.12015370040937652
804000,0.11842300343822841
805000,0.11702711658650478
806000,0.11843825866957611
807000,0.11703626408441777
808000,0.11676225367877163
