6000,0.3483944743451346
6000,0.3483944743451346
6000,0.3483944743451346
6000,0.3483944743451346
10000,0.21479953463742874
10000,0.21479953463742874
10000,0.21479953463742874
10000,0.21479953463742874
14000,0.16307412874922753
14000,0.16307412874922753
16000,0.13079097233461667
16000,0.13079097233461667
16000,0.13079097233461667
19000,0.159444079416786
19000,0.159444079416786
19000,0.159444079416786
19000,0.159444079416786
19000,0.159444079416786
19000,0.159444079416786
19000,0.159444079416786
19000,0.159444079416786
27000,0.14973697492619187
27000,0.14973697492619187
27000,0.14973697492619187
27000,0.14973697492619187
27000,0.14973697492619187
27000,0.14973697492619187
27000,0.14973697492619187
27000,0.14973697492619187
27000,0.14973697492619187
36000,0.15936521935090603
36000,0.15936521935090603
36000,0.15936521935090603
36000,0.15936521935090603
36000,0.15936521935090603
36000,0.15936521935090603
36000,0.15936521935090603
43000,0.1581651351542299
43000,0.1581651351542299
43000,0.1581651351542299
46000,0.15419747153668692
46000,0.15419747153668692
46000,0.15419747153668692
46000,0.15419747153668692
50000,0.15785784450128984
51000,0.158777260729409
51000,0.158777260729409
51000,0.158777260729409
54000,0.1571649654620334
55000,0.14260234566895919
55000,0.14260234566895919
55000,0.14260234566895919
55000,0.14260234566895919
55000,0.14260234566895919
55000,0.14260234566895919
55000,0.14260234566895919
55000,0.14260234566895919
55000,0.14260234566895919
55000,0.14260234566895919
55000,0.14260234566895919
55000,0.14260234566895919
67000,0.14358535971450462
67000,0.14358535971450462
67000,0.14358535971450462
70000,0.13846324992996337
70000,0.13846324992996337
72000,0.14433263388364925
73000,0.15178086656026848
74000,0.14686275738330526
74000,0.14686275738330526
74000,0.14686275738330526
74000,0.14686275738330526
74000,0.14686275738330526
74000,0.14686275738330526
80000,0.14425643390376566
80000,0.14425643390376566
80000,0.14425643390376566
80000,0.14425643390376566
80000,0.14425643390376566
85000,0.14432581055249474
85000,0.14432581055249474
85000,0.14432581055249474
88000,0.14874416096675397
89000,0.15357021764530043
90000,0.1551038350746846
90000,0.1551038350746846
90000,0.1551038350746846
93000,0.16046303390142286
93000,0.16046303390142286
93000,0.16046303390142286
93000,0.16046303390142286
93000,0.16046303390142286
93000,0.16046303390142286
93000,0.16046303390142286
93000,0.16046303390142286
93000,0.16046303390142286
102000,0.16261120970081233
102000,0.16261120970081233
102000,0.16261120970081233
102000,0.16261120970081233
102000,0.16261120970081233
102000,0.16261120970081233
102000,0.16261120970081233
102000,0.16261120970081233
102000,0.16261120970081233
102000,0.16261120970081233
102000,0.16261120970081233
113000,0.1623894656324878
114000,0.16419188994151412
114000,0.16419188994151412
116000,0.1627948249144042
117000,0.1596828515993795
117000,0.1596828515993795
117000,0.1596828515993795
117000,0.1596828515993795
121000,0.16099574004234923
121000,0.16099574004234923
123000,0.15918802965294146
124000,0.16273836221523766
124000,0.16273836221523766
124000,0.16273836221523766
127000,0.16372214905767965
127000,0.16372214905767965
127000,0.16372214905767965
127000,0.16372214905767965
127000,0.16372214905767965
132000,0.1636890528868965
132000,0.1636890528868965
132000,0.1636890528868965
132000,0.1636890528868965
132000,0.1636890528868965
137000,0.16044841531666335
138000,0.15782276020828467
138000,0.15782276020828467
140000,0.1593652530976887
140000,0.1593652530976887
142000,0.15984291119922037
142000,0.15984291119922037
144000,0.16351919855418784
144000,0.16351919855418784
144000,0.16351919855418784
147000,0.16181972155613455
147000,0.16181972155613455
147000,0.16181972155613455
147000,0.16181972155613455
147000,0.16181972155613455
147000,0.16181972155613455
147000,0.16181972155613455
147000,0.16181972155613455
147000,0.16181972155613455
156000,0.16108374477368226
156000,0.16108374477368226
158000,0.15933004698667105
158000,0.15933004698667105
158000,0.15933004698667105
158000,0.15933004698667105
158000,0.15933004698667105
158000,0.15933004698667105
158000,0.15933004698667105
158000,0.15933004698667105
158000,0.15933004698667105
158000,0.15933004698667105
158000,0.15933004698667105
158000,0.15933004698667105
170000,0.16160751946249813
170000,0.16160751946249813
170000,0.16160751946249813
173000,0.16076383107890102
174000,0.16312947403983072
174000,0.16312947403983072
174000,0.16312947403983072
174000,0.16312947403983072
178000,0.16390775520043033
178000,0.16390775520043033
178000,0.16390775520043033
181000,0.1620252052769225
181000,0.1620252052769225
181000,0.1620252052769225
181000,0.1620252052769225
181000,0.1620252052769225
181000,0.1620252052769225
181000,0.1620252052769225
181000,0.1620252052769225
181000,0.1620252052769225
181000,0.1620252052769225
181000,0.1620252052769225
181000,0.1620252052769225
181000,0.1620252052769225
181000,0.1620252052769225
181000,0.1620252052769225
181000,0.1620252052769225
181000,0.1620252052769225
198000,0.16140449825362913
198000,0.16140449825362913
198000,0.16140449825362913
198000,0.16140449825362913
198000,0.16140449825362913
198000,0.16140449825362913
198000,0.16140449825362913
198000,0.16140449825362913
198000,0.16140449825362913
198000,0.16140449825362913
198000,0.16140449825362913
198000,0.16140449825362913
198000,0.16140449825362913
198000,0.16140449825362913
212000,0.1594843719065336
213000,0.1594576718452974
214000,0.16063581914051903
214000,0.16063581914051903
214000,0.16063581914051903
214000,0.16063581914051903
214000,0.16063581914051903
214000,0.16063581914051903
214000,0.16063581914051903
221000,0.160605544802957
221000,0.160605544802957
221000,0.160605544802957
221000,0.160605544802957
225000,0.16298136335354424
226000,0.160956844023707
227000,0.15900896271939874
227000,0.15900896271939874
227000,0.15900896271939874
230000,0.15873050967436245
231000,0.15683527222027657
231000,0.15683527222027657
231000,0.15683527222027657
234000,0.15501432582982805
235000,0.1560866203435794
236000,0.15702282850302668
236000,0.15702282850302668
236000,0.15702282850302668
236000,0.15702282850302668
240000,0.1570280591959115
240000,0.1570280591959115
240000,0.1570280591959115
240000,0.1570280591959115
240000,0.1570280591959115
240000,0.1570280591959115
240000,0.1570280591959115
240000,0.1570280591959115
240000,0.1570280591959115
240000,0.1570280591959115
240000,0.1570280591959115
240000,0.1570280591959115
240000,0.1570280591959115
240000,0.1570280591959115
240000,0.1570280591959115
240000,0.1570280591959115
240000,0.1570280591959115
240000,0.1570280591959115
240000,0.1570280591959115
240000,0.1570280591959115
240000,0.1570280591959115
240000,0.1570280591959115
240000,0.1570280591959115
240000,0.1570280591959115
264000,0.1557624766622233
264000,0.1557624766622233
264000,0.1557624766622233
264000,0.1557624766622233
264000,0.1557624766622233
269000,0.15441272421915223
269000,0.15441272421915223
271000,0.15317183930943504
271000,0.15317183930943504
273000,0.15583715701086734
273000,0.15583715701086734
275000,0.15500575099010547
275000,0.15500575099010547
275000,0.15500575099010547
275000,0.15500575099010547
275000,0.15500575099010547
275000,0.15500575099010547
275000,0.15500575099010547
282000,0.15981641220474654
282000,0.15981641220474654
282000,0.15981641220474654
282000,0.15981641220474654
282000,0.15981641220474654
287000,0.15981590754028846
287000,0.15981590754028846
289000,0.15947409844501462
289000,0.15947409844501462
291000,0.1598952556331277
291000,0.1598952556331277
291000,0.1598952556331277
291000,0.1598952556331277
295000,0.1582203369372859
295000,0.1582203369372859
295000,0.1582203369372859
295000,0.1582203369372859
299000,0.15801565531065476
300000,0.1585800627564046
300000,0.1585800627564046
300000,0.1585800627564046
300000,0.1585800627564046
300000,0.1585800627564046
300000,0.1585800627564046
300000,0.1585800627564046
300000,0.1585800627564046
300000,0.1585800627564046
300000,0.1585800627564046
300000,0.1585800627564046
300000,0.1585800627564046
300000,0.1585800627564046
300000,0.1585800627564046
300000,0.1585800627564046
300000,0.1585800627564046
300000,0.1585800627564046
300000,0.1585800627564046
318000,0.1599125636968728
318000,0.1599125636968728
318000,0.1599125636968728
318000,0.1599125636968728
318000,0.1599125636968728
318000,0.1599125636968728
318000,0.1599125636968728
318000,0.1599125636968728
318000,0.1599125636968728
327000,0.16146536513831564
328000,0.16167309581387612
328000,0.16167309581387612
328000,0.16167309581387612
328000,0.16167309581387612
328000,0.16167309581387612
328000,0.16167309581387612
328000,0.16167309581387612
328000,0.16167309581387612
328000,0.16167309581387612
328000,0.16167309581387612
328000,0.16167309581387612
328000,0.16167309581387612
328000,0.16167309581387612
328000,0.16167309581387612
328000,0.16167309581387612
328000,0.16167309581387612
344000,0.1628225247073069
344000,0.1628225247073069
344000,0.1628225247073069
344000,0.1628225247073069
344000,0.1628225247073069
344000,0.1628225247073069
350000,0.16332177507699103
351000,0.16478213341491268
351000,0.16478213341491268
351000,0.16478213341491268
354000,0.16518265480900332
355000,0.16593510922057264
356000,0.16473452082175907
356000,0.16473452082175907
356000,0.16473452082175907
359000,0.1664256352091166
359000,0.1664256352091166
361000,0.16726701459482654
361000,0.16726701459482654
361000,0.16726701459482654
364000,0.16811911698514972
365000,0.1695561501819057
365000,0.1695561501819057
367000,0.17068881249327347
368000,0.1721949883469235
368000,0.1721949883469235
368000,0.1721949883469235
368000,0.1721949883469235
368000,0.1721949883469235
368000,0.1721949883469235
368000,0.1721949883469235
368000,0.1721949883469235
376000,0.17211243599453008
376000,0.17211243599453008
376000,0.17211243599453008
376000,0.17211243599453008
376000,0.17211243599453008
376000,0.17211243599453008
382000,0.17349605345813263
383000,0.17385838660383657
383000,0.17385838660383657
383000,0.17385838660383657
383000,0.17385838660383657
387000,0.17420587841881155
387000,0.17420587841881155
387000,0.17420587841881155
387000,0.17420587841881155
391000,0.1738978176644486
391000,0.1738978176644486
391000,0.1738978176644486
391000,0.1738978176644486
391000,0.1738978176644486
391000,0.1738978176644486
391000,0.1738978176644486
391000,0.1738978176644486
391000,0.1738978176644486
400000,0.1739510057522204
400000,0.1739510057522204
402000,0.17404693226833765
403000,0.17269362507496294
403000,0.17269362507496294
405000,0.1720282846798723
406000,0.171135473076648
406000,0.171135473076648
406000,0.171135473076648
406000,0.171135473076648
410000,0.17226507730659948
410000,0.17226507730659948
410000,0.17226507730659948
410000,0.17226507730659948
410000,0.17226507730659948
410000,0.17226507730659948
410000,0.17226507730659948
417000,0.1736744700339164
417000,0.1736744700339164
419000,0.1739951507834639
420000,0.17289006767534723
421000,0.17262934522053278
421000,0.17262934522053278
423000,0.17278471086215436
423000,0.17278471086215436
423000,0.17278471086215436
423000,0.17278471086215436
423000,0.17278471086215436
428000,0.17338643251261562
428000,0.17338643251261562
428000,0.17338643251261562
431000,0.17369097148158638
431000,0.17369097148158638
431000,0.17369097148158638
434000,0.17471726832949094
434000,0.17471726832949094
436000,0.1745282155695115
436000,0.1745282155695115
436000,0.1745282155695115
436000,0.1745282155695115
440000,0.17333303753747278
441000,0.17556115385389992
441000,0.17556115385389992
443000,0.17489858804117775
443000,0.17489858804117775
443000,0.17489858804117775
443000,0.17489858804117775
447000,0.17421694661556678
447000,0.17421694661556678
447000,0.17421694661556678
447000,0.17421694661556678
447000,0.17421694661556678
447000,0.17421694661556678
453000,0.17459156620015193
454000,0.1749060789917559
455000,0.1749878571692358
456000,0.17587417947201595
456000,0.17587417947201595
458000,0.17483327299764898
459000,0.17568695377320498
459000,0.17568695377320498
459000,0.17568695377320498
459000,0.17568695377320498
459000,0.17568695377320498
464000,0.17595219011615737
464000,0.17595219011615737
464000,0.17595219011615737
464000,0.17595219011615737
464000,0.17595219011615737
464000,0.17595219011615737
464000,0.17595219011615737
471000,0.17658942211601458
472000,0.17547738226933024
472000,0.17547738226933024
472000,0.17547738226933024
475000,0.1763319616186416
476000,0.17784836590157685
476000,0.17784836590157685
476000,0.17784836590157685
476000,0.17784836590157685
476000,0.17784836590157685
481000,0.1778303281137485
481000,0.1778303281137485
481000,0.1778303281137485
481000,0.1778303281137485
485000,0.1768325598589206
485000,0.1768325598589206
487000,0.17633196893577693
487000,0.17633196893577693
487000,0.17633196893577693
487000,0.17633196893577693
491000,0.1769033286877095
492000,0.17745408006504929
492000,0.17745408006504929
492000,0.17745408006504929
492000,0.17745408006504929
496000,0.1780271871683843
497000,0.17819192593294578
497000,0.17819192593294578
497000,0.17819192593294578
497000,0.17819192593294578
497000,0.17819192593294578
502000,0.1775366657149095
503000,0.1777865612893765
503000,0.1777865612893765
503000,0.1777865612893765
506000,0.17807004490746117
507000,0.17718037273308462
508000,0.17791132369653992
508000,0.17791132369653992
508000,0.17791132369653992
508000,0.17791132369653992
512000,0.17725628335695726
513000,0.17622608609406148
514000,0.1755879618130631
514000,0.1755879618130631
516000,0.17608016878696042
516000,0.17608016878696042
516000,0.17608016878696042
516000,0.17608016878696042
516000,0.17608016878696042
516000,0.17608016878696042
522000,0.1756523758853207
522000,0.1756523758853207
522000,0.1756523758853207
525000,0.17494367162171945
525000,0.17494367162171945
525000,0.17494367162171945
525000,0.17494367162171945
529000,0.17387611160273095
530000,0.17386007681259769
531000,0.17385381257818727
532000,0.1740538506959038
533000,0.17491496635197115
534000,0.1742758607238881
535000,0.1737322934938552
535000,0.1737322934938552
535000,0.1737322934938552
538000,0.1730910546308635
538000,0.1730910546308635
540000,0.1735777984439283
540000,0.1735777984439283
540000,0.1735777984439283
543000,0.1738641581648114
543000,0.1738641581648114
545000,0.173139675210719
545000,0.173139675210719
545000,0.173139675210719
545000,0.173139675210719
545000,0.173139675210719
550000,0.17408103316910303
551000,0.17328830688786884
551000,0.17328830688786884
551000,0.17328830688786884
551000,0.17328830688786884
551000,0.17328830688786884
551000,0.17328830688786884
551000,0.17328830688786884
558000,0.17362824881014566
558000,0.17362824881014566
560000,0.17311743839362767
561000,0.1728655963722782
561000,0.1728655963722782
561000,0.1728655963722782
561000,0.1728655963722782
565000,0.172930325801419
565000,0.172930325801419
565000,0.172930325801419
568000,0.17230202797859956
569000,0.17204000842357237
570000,0.17306689980550466
571000,0.17294555642399986
571000,0.17294555642399986
573000,0.17271662966656723
574000,0.17201943770128242
574000,0.17201943770128242
574000,0.17201943770128242
577000,0.17148216537425165
578000,0.1720318446583879
579000,0.1715122191351901
579000,0.1715122191351901
579000,0.1715122191351901
579000,0.1715122191351901
583000,0.17239423273427873
583000,0.17239423273427873
583000,0.17239423273427873
583000,0.17239423273427873
587000,0.17302304168223817
588000,0.17351142365915043
589000,0.17330402447253165
589000,0.17330402447253165
589000,0.17330402447253165
589000,0.17330402447253165
593000,0.1726483067722711
593000,0.1726483067722711
593000,0.1726483067722711
593000,0.1726483067722711
597000,0.17235995504379492
597000,0.17235995504379492
599000,0.17277838605092766
599000,0.17277838605092766
601000,0.17224120687826425
601000,0.17224120687826425
601000,0.17224120687826425
601000,0.17224120687826425
601000,0.17224120687826425
601000,0.17224120687826425
601000,0.17224120687826425
601000,0.17224120687826425
601000,0.17224120687826425
601000,0.17224120687826425
611000,0.17165946848422795
612000,0.17104938336678968
612000,0.17104938336678968
614000,0.17126739771540322
614000,0.17126739771540322
616000,0.17150681622811936
617000,0.1713951019645281
618000,0.170980030194569
618000,0.170980030194569
618000,0.170980030194569
618000,0.170980030194569
618000,0.170980030194569
618000,0.170980030194569
618000,0.170980030194569
618000,0.170980030194569
626000,0.17071271522561396
626000,0.17071271522561396
626000,0.17071271522561396
629000,0.17150586395933415
630000,0.17167428841995952
630000,0.17167428841995952
630000,0.17167428841995952
633000,0.1718962058454354
633000,0.1718962058454354
633000,0.1718962058454354
633000,0.1718962058454354
633000,0.1718962058454354
633000,0.1718962058454354
639000,0.17232412070007164
639000,0.17232412070007164
639000,0.17232412070007164
642000,0.1721788266495658
643000,0.17248817578485137
643000,0.17248817578485137
643000,0.17248817578485137
646000,0.1722468856111625
646000,0.1722468856111625
646000,0.1722468856111625
646000,0.1722468856111625
650000,0.17182729918322726
651000,0.1710026021131566
651000,0.1710026021131566
651000,0.1710026021131566
651000,0.1710026021131566
651000,0.1710026021131566
656000,0.17198403581954305
656000,0.17198403581954305
658000,0.17083206052689964
659000,0.17027644496602626
659000,0.17027644496602626
659000,0.17027644496602626
659000,0.17027644496602626
659000,0.17027644496602626
664000,0.17096509689737854
665000,0.17085746112627762
665000,0.17085746112627762
665000,0.17085746112627762
668000,0.17168708166970642
668000,0.17168708166970642
668000,0.17168708166970642
671000,0.17207416791870264
671000,0.17207416791870264
673000,0.17151593788794767
673000,0.17151593788794767
675000,0.1717303322281247
675000,0.1717303322281247
677000,0.17171222871495678
677000,0.17171222871495678
677000,0.17171222871495678
677000,0.17171222871495678
677000,0.17171222871495678
682000,0.17141604220504963
683000,0.17184085748508574
683000,0.17184085748508574
683000,0.17184085748508574
686000,0.1718682000199289
686000,0.1718682000199289
686000,0.1718682000199289
689000,0.17148783366934037
690000,0.17151521574519338
691000,0.1717978400777329
691000,0.1717978400777329
693000,0.17131308939220852
693000,0.17131308939220852
693000,0.17131308939220852
696000,0.1709318739650885
696000,0.1709318739650885
696000,0.1709318739650885
699000,0.17071891817656773
699000,0.17071891817656773
699000,0.17071891817656773
699000,0.17071891817656773
699000,0.17071891817656773
699000,0.17071891817656773
705000,0.17024793566456123
705000,0.17024793566456123
705000,0.17024793566456123
705000,0.17024793566456123
705000,0.17024793566456123
705000,0.17024793566456123
705000,0.17024793566456123
705000,0.17024793566456123
705000,0.17024793566456123
714000,0.17049795269274517
714000,0.17049795269274517
714000,0.17049795269274517
717000,0.17002741396536553
718000,0.17023345458310818
718000,0.17023345458310818
718000,0.17023345458310818
718000,0.17023345458310818
718000,0.17023345458310818
723000,0.1697599772422039
724000,0.16925823921994632
725000,0.1696263541232431
725000,0.1696263541232431
725000,0.1696263541232431
728000,0.16982494151842364
728000,0.16982494151842364
728000,0.16982494151842364
728000,0.16982494151842364
728000,0.16982494151842364
728000,0.16982494151842364
734000,0.16980318773958838
734000,0.16980318773958838
736000,0.16988265934280103
736000,0.16988265934280103
736000,0.16988265934280103
736000,0.16988265934280103
740000,0.1694301697959796
741000,0.16934199591985355
741000,0.16934199591985355
743000,0.1694440878633198
744000,0.16959416693593737
744000,0.16959416693593737
744000,0.16959416693593737
747000,0.16963528642309395
747000,0.16963528642309395
747000,0.16963528642309395
747000,0.16963528642309395
747000,0.16963528642309395
752000,0.1695165126114887
752000,0.1695165126114887
752000,0.1695165126114887
755000,0.1689699460332445
755000,0.1689699460332445
755000,0.1689699460332445
755000,0.1689699460332445
759000,0.1692993120775383
759000,0.1692993120775383
759000,0.1692993120775383
762000,0.16877598390928186
763000,0.16832969333337477
763000,0.16832969333337477
765000,0.16849700713973678
765000,0.16849700713973678
765000,0.16849700713973678
768000,0.16834782130310377
769000,0.16801375825648043
769000,0.16801375825648043
769000,0.16801375825648043
772000,0.16764286567277462
772000,0.16764286567277462
772000,0.16764286567277462
772000,0.16764286567277462
772000,0.16764286567277462
772000,0.16764286567277462
772000,0.16764286567277462
772000,0.16764286567277462
780000,0.16819488954339448
780000,0.16819488954339448
780000,0.16819488954339448
783000,0.16869346689121234
784000,0.16869087276563213
784000,0.16869087276563213
784000,0.16869087276563213
787000,0.1682032086905738
787000,0.1682032086905738
787000,0.1682032086905738
787000,0.1682032086905738
787000,0.1682032086905738
787000,0.1682032086905738
787000,0.1682032086905738
794000,0.1685057249294314
795000,0.1688776266616528
795000,0.1688776266616528
795000,0.1688776266616528
795000,0.1688776266616528
795000,0.1688776266616528
795000,0.1688776266616528
795000,0.1688776266616528
795000,0.1688776266616528
795000,0.1688776266616528
795000,0.1688776266616528
795000,0.1688776266616528
795000,0.1688776266616528
807000,0.16889402757457425
807000,0.16889402757457425
