6000,0.5380729306414349
7000,0.3922294854138986
7000,0.3922294854138986
9000,0.38906515615045534
10000,0.34358695157981733
11000,0.3498429560691251
12000,0.345732654679452
12000,0.345732654679452
14000,0.3151861815279946
15000,0.26806779662801294
16000,0.2511905755104401
16000,0.2511905755104401
18000,0.2368510271783385
19000,0.2487314512225322
20000,0.23505961332318326
20000,0.23505961332318326
22000,0.2342891712941301
22000,0.2342891712941301
22000,0.2342891712941301
22000,0.2342891712941301
22000,0.2342891712941301
27000,0.23321815636740367
27000,0.23321815636740367
27000,0.23321815636740367
30000,0.22352426525036617
30000,0.22352426525036617
32000,0.22517782356292831
33000,0.21576581614156415
34000,0.21689679274820897
35000,0.21668616724331322
36000,0.22524262577438756
36000,0.22524262577438756
38000,0.2269779173671171
38000,0.2269779173671171
38000,0.2269779173671171
41000,0.2257435832575739
41000,0.2257435832575739
43000,0.22637981322574957
44000,0.22064691209623083
45000,0.22143971956145614
46000,0.21976883210141374
47000,0.22055774475047205
48000,0.22198448043423158
49000,0.2235504911344078
50000,0.21926818068704096
51000,0.21811526956967223
51000,0.21811526956967223
53000,0.21638817407801966
54000,0.21762508502991285
55000,0.21488667925514895
55000,0.21488667925514895
55000,0.21488667925514895
55000,0.21488667925514895
55000,0.21488667925514895
60000,0.21447199177010967
61000,0.2118558139632119
61000,0.2118558139632119
61000,0.2118558139632119
64000,0.2102378315322795
64000,0.2102378315322795
66000,0.2113871134800601
67000,0.21410317590234104
67000,0.21410317590234104
67000,0.21410317590234104
70000,0.2129843381849989
70000,0.2129843381849989
72000,0.21387624432394814
73000,0.21522582968924925
74000,0.21308395392424104
75000,0.2119737647063168
75000,0.2119737647063168
77000,0.21315060350290682
77000,0.21315060350290682
79000,0.21574412064813117
80000,0.21525305906425724
81000,0.21511184159473126
81000,0.21511184159473126
81000,0.21511184159473126
81000,0.21511184159473126
85000,0.21389589098876413
85000,0.21389589098876413
85000,0.21389589098876413
88000,0.21096704067804248
89000,0.21381841909316052
90000,0.21602646815684792
91000,0.21650394473672632
92000,0.21864120942790902
93000,0.22072913145958561
94000,0.21657765887552582
95000,0.21758556228366652
95000,0.21758556228366652
97000,0.21871865599252524
97000,0.21871865599252524
97000,0.21871865599252524
100000,0.2189679961157869
100000,0.2189679961157869
102000,0.2159999814064514
102000,0.2159999814064514
102000,0.2159999814064514
105000,0.21728588641031232
106000,0.21865863621718495
106000,0.21865863621718495
106000,0.21865863621718495
109000,0.2164392731987888
110000,0.21472079643987893
110000,0.21472079643987893
110000,0.21472079643987893
113000,0.21490819877639203
114000,0.21830428813895134
114000,0.21830428813895134
116000,0.2182615164324393
117000,0.2176205951684702
117000,0.2176205951684702
117000,0.2176205951684702
120000,0.21820377192553347
121000,0.22056499541001467
121000,0.22056499541001467
123000,0.21611216480492298
124000,0.2171361578380166
124000,0.2171361578380166
124000,0.2171361578380166
127000,0.21761747244122745
127000,0.21761747244122745
127000,0.21761747244122745
127000,0.21761747244122745
127000,0.21761747244122745
132000,0.21745214185967082
133000,0.21746201750342214
134000,0.2157284620793615
135000,0.21620353267950096
136000,0.2159518473328215
137000,0.2145434286564992
138000,0.21370873968787513
139000,0.21508625383231772
140000,0.21353926322437983
140000,0.21353926322437983
142000,0.2130548204786733
142000,0.2130548204786733
144000,0.21192828508155379
144000,0.21192828508155379
144000,0.21192828508155379
147000,0.21104069095650613
147000,0.21104069095650613
147000,0.21104069095650613
147000,0.21104069095650613
147000,0.21104069095650613
147000,0.21104069095650613
147000,0.21104069095650613
147000,0.21104069095650613
155000,0.21205016375894822
156000,0.21078215462994643
157000,0.20959273276680668
158000,0.20669920837091654
158000,0.20669920837091654
158000,0.20669920837091654
161000,0.20737699531791348
161000,0.20737699531791348
161000,0.20737699531791348
161000,0.20737699531791348
161000,0.20737699531791348
161000,0.20737699531791348
161000,0.20737699531791348
161000,0.20737699531791348
161000,0.20737699531791348
170000,0.20876966315291662
170000,0.20876966315291662
170000,0.20876966315291662
173000,0.20900335288897276
174000,0.20975844241128422
174000,0.20975844241128422
174000,0.20975844241128422
177000,0.20853955418077297
178000,0.20991781668514656
178000,0.20991781668514656
178000,0.20991781668514656
181000,0.20935659589880098
181000,0.20935659589880098
181000,0.20935659589880098
181000,0.20935659589880098
181000,0.20935659589880098
186000,0.20967293011200294
186000,0.20967293011200294
186000,0.20967293011200294
186000,0.20967293011200294
186000,0.20967293011200294
186000,0.20967293011200294
186000,0.20967293011200294
186000,0.20967293011200294
194000,0.20859049168356633
194000,0.20859049168356633
196000,0.20733519144720242
196000,0.20733519144720242
198000,0.20601798587030623
198000,0.20601798587030623
198000,0.20601798587030623
198000,0.20601798587030623
198000,0.20601798587030623
198000,0.20601798587030623
198000,0.20601798587030623
198000,0.20601798587030623
206000,0.20672230563189437
207000,0.2070822546942076
208000,0.20749588971566604
208000,0.20749588971566604
210000,0.20789995496900054
210000,0.20789995496900054
212000,0.20746070275427483
213000,0.20793387420131743
214000,0.2075244675037644
214000,0.2075244675037644
214000,0.2075244675037644
217000,0.2076575029300911
218000,0.20894489604760752
218000,0.20894489604760752
218000,0.20894489604760752
221000,0.20917401362818827
221000,0.20917401362818827
221000,0.20917401362818827
221000,0.20917401362818827
225000,0.20855838769190926
226000,0.20797683019748936
227000,0.2064842829907885
227000,0.2064842829907885
227000,0.2064842829907885
230000,0.2075087420999673
231000,0.20630728357548783
231000,0.20630728357548783
233000,0.20520031367860136
234000,0.204699026227331
235000,0.2045064913943836
236000,0.20678648942533287
236000,0.20678648942533287
236000,0.20678648942533287
236000,0.20678648942533287
240000,0.2056614971820958
240000,0.2056614971820958
242000,0.20468317799609057
243000,0.20530783743580058
243000,0.20530783743580058
245000,0.20454599145580593
245000,0.20454599145580593
247000,0.20413796435105683
248000,0.20505952230059052
249000,0.20612963964034053
250000,0.20502863534164695
250000,0.20502863534164695
250000,0.20502863534164695
250000,0.20502863534164695
254000,0.2039905014753229
255000,0.2045069104357798
255000,0.2045069104357798
255000,0.2045069104357798
258000,0.20467992838233665
259000,0.20515882919601708
259000,0.20515882919601708
261000,0.20585887569492348
261000,0.20585887569492348
261000,0.20585887569492348
264000,0.20567095922869447
264000,0.20567095922869447
266000,0.2060647811636054
266000,0.2060647811636054
268000,0.20567725638097775
269000,0.20514837955716086
269000,0.20514837955716086
271000,0.20468703718158096
272000,0.20466643125038758
273000,0.20625872440379892
273000,0.20625872440379892
275000,0.2052688424250164
276000,0.20671779724648104
276000,0.20671779724648104
276000,0.20671779724648104
279000,0.20666201855300995
279000,0.20666201855300995
281000,0.20751306894772237
282000,0.20871647694886503
283000,0.21038996105864902
283000,0.21038996105864902
285000,0.20970924484036174
285000,0.20970924484036174
287000,0.21053661487017283
287000,0.21053661487017283
289000,0.2087134349763863
289000,0.2087134349763863
291000,0.209069239026283
291000,0.209069239026283
291000,0.209069239026283
291000,0.209069239026283
295000,0.20851535921269182
295000,0.20851535921269182
297000,0.2083566846238025
298000,0.20865625331705684
299000,0.2084694203520498
300000,0.20788202544242332
301000,0.2080384013385118
301000,0.2080384013385118
303000,0.20724757102458521
303000,0.20724757102458521
303000,0.20724757102458521
306000,0.20747261083249688
306000,0.20747261083249688
308000,0.20892492642362848
309000,0.20804380790406699
310000,0.20805890700992866
311000,0.20724594704772265
312000,0.2077034988362431
312000,0.2077034988362431
312000,0.2077034988362431
312000,0.2077034988362431
312000,0.2077034988362431
312000,0.2077034988362431
318000,0.20873947678731
318000,0.20873947678731
320000,0.20982746575258107
321000,0.21008826561328398
321000,0.21008826561328398
323000,0.20844085328217493
323000,0.20844085328217493
323000,0.20844085328217493
323000,0.20844085328217493
327000,0.20913574854688885
328000,0.2086715100541782
328000,0.2086715100541782
328000,0.2086715100541782
328000,0.2086715100541782
332000,0.20785580566446069
332000,0.20785580566446069
332000,0.20785580566446069
335000,0.20833921379891557
335000,0.20833921379891557
335000,0.20833921379891557
338000,0.20854158899491193
339000,0.2080768370581997
339000,0.2080768370581997
339000,0.2080768370581997
342000,0.20723535789367284
342000,0.20723535789367284
344000,0.20809937401695724
345000,0.20756706972711422
345000,0.20756706972711422
345000,0.20756706972711422
345000,0.20756706972711422
345000,0.20756706972711422
350000,0.20858461750634658
351000,0.20952639709844334
352000,0.20990383440594285
352000,0.20990383440594285
354000,0.21095405247087246
355000,0.21104770872207707
356000,0.21023889703802498
356000,0.21023889703802498
358000,0.21006794905797824
359000,0.20968502023262206
359000,0.20968502023262206
361000,0.2098205369944573
362000,0.21009746624985728
362000,0.21009746624985728
364000,0.2119946528611737
365000,0.21346028133718087
365000,0.21346028133718087
367000,0.21397743101386354
368000,0.21423842058566336
368000,0.21423842058566336
368000,0.21423842058566336
368000,0.21423842058566336
368000,0.21423842058566336
368000,0.21423842058566336
368000,0.21423842058566336
368000,0.21423842058566336
376000,0.21477746220895177
376000,0.21477746220895177
378000,0.2151528407335898
379000,0.2162739041954204
380000,0.2165568009808848
381000,0.21703949987561208
382000,0.21770861423917148
383000,0.21815622342662302
384000,0.21743097836766648
384000,0.21743097836766648
386000,0.2177389544512854
387000,0.2181298085898747
388000,0.21741720737386636
388000,0.21741720737386636
388000,0.21741720737386636
391000,0.21856673874854196
392000,0.21851728313648766
393000,0.217952598997618
393000,0.217952598997618
395000,0.2182126976221489
396000,0.21754170850590013
397000,0.2168192240516216
398000,0.21612902826935523
399000,0.21616502823348865
400000,0.21587504415193082
401000,0.21521877950406904
402000,0.21526568335537355
403000,0.21479317124905475
404000,0.2142808458695426
405000,0.21430281355164205
406000,0.21417236963482306
406000,0.21417236963482306
406000,0.21417236963482306
409000,0.2141923655983566
410000,0.21558452338577572
410000,0.21558452338577572
410000,0.21558452338577572
410000,0.21558452338577572
410000,0.21558452338577572
410000,0.21558452338577572
416000,0.216025414311884
417000,0.21610557687149942
418000,0.2155079633749304
419000,0.21542280570367897
420000,0.2149335777191275
421000,0.21439448135127404
422000,0.21478820178867847
423000,0.21518392389560195
423000,0.21518392389560195
425000,0.2153905412857855
426000,0.21553824984828687
427000,0.21498026680087054
428000,0.21516701836486002
428000,0.21516701836486002
430000,0.21526810779847738
431000,0.2151871012002678
432000,0.2161464291578472
432000,0.2161464291578472
434000,0.21530742909788733
435000,0.21556339009942588
436000,0.2157469782840715
437000,0.21459385711578116
437000,0.21459385711578116
439000,0.21481043715427012
440000,0.2142342322494843
441000,0.21458798837174445
441000,0.21458798837174445
443000,0.21437505931966386
443000,0.21437505931966386
445000,0.21384372472519236
446000,0.21410600251911932
447000,0.21425830222843262
448000,0.21450761379982408
448000,0.21450761379982408
448000,0.21450761379982408
448000,0.21450761379982408
448000,0.21450761379982408
453000,0.21435768267364613
454000,0.2144405492819531
455000,0.2149003680620805
456000,0.2154284165660851
456000,0.2154284165660851
458000,0.21502333263849294
459000,0.2147500601103949
460000,0.21460433013371485
460000,0.21460433013371485
462000,0.2147133533556438
462000,0.2147133533556438
464000,0.21506265054969007
464000,0.21506265054969007
464000,0.21506265054969007
464000,0.21506265054969007
464000,0.21506265054969007
469000,0.21470440218417755
469000,0.21470440218417755
471000,0.2162025986662767
472000,0.21696390216398678
472000,0.21696390216398678
474000,0.21644457121703378
475000,0.21718425766957125
476000,0.21767571055918492
476000,0.21767571055918492
476000,0.21767571055918492
479000,0.21815618677333193
479000,0.21815618677333193
481000,0.21804000529761286
481000,0.21804000529761286
481000,0.21804000529761286
484000,0.21745713579331089
485000,0.21712524393650953
486000,0.21670177576379776
487000,0.21655069107163336
488000,0.21659899265173924
489000,0.21620800045494137
489000,0.21620800045494137
491000,0.21627955575714097
492000,0.21650072386200747
492000,0.21650072386200747
492000,0.21650072386200747
492000,0.21650072386200747
496000,0.216497202531319
497000,0.21693858967709212
498000,0.21726755614813248
499000,0.21749317348053013
499000,0.21749317348053013
499000,0.21749317348053013
502000,0.2183982203148096
503000,0.21842990106725546
504000,0.21741518487185144
504000,0.21741518487185144
506000,0.21707053247425326
507000,0.2162032569330119
508000,0.216226922262288
508000,0.216226922262288
510000,0.21630814236326618
511000,0.21580343260973667
512000,0.215977428853336
513000,0.21563315581664586
514000,0.21517923752030546
514000,0.21517923752030546
516000,0.2152837170919076
516000,0.2152837170919076
516000,0.2152837170919076
516000,0.2152837170919076
516000,0.2152837170919076
521000,0.21542871087638732
522000,0.2154224061322857
522000,0.2154224061322857
522000,0.2154224061322857
525000,0.21502360677241233
526000,0.21509871456385024
527000,0.21484722500517703
527000,0.21484722500517703
529000,0.21472579001110154
530000,0.21534511879897036
531000,0.21547311487380094
532000,0.21546487250102683
533000,0.2162040948698922
534000,0.21572042154980775
535000,0.2155413898428833
535000,0.2155413898428833
537000,0.2151039248587572
538000,0.21491234509857432
539000,0.21518914359923763
540000,0.21579654208969926
540000,0.21579654208969926
542000,0.21536750891720405
543000,0.21454850531595232
544000,0.21409522052624388
545000,0.21368783400338487
545000,0.21368783400338487
547000,0.21324301702340448
548000,0.21282746514543854
548000,0.21282746514543854
550000,0.21329794128764076
551000,0.21321762645925668
551000,0.21321762645925668
553000,0.21298465945454734
553000,0.21298465945454734
555000,0.21303304298039022
555000,0.21303304298039022
555000,0.21303304298039022
558000,0.21324792352839825
558000,0.21324792352839825
560000,0.2137114167698314
561000,0.21344823482966757
562000,0.21372750544583335
563000,0.21339607208465708
563000,0.21339607208465708
565000,0.21362490787644076
566000,0.21346412366945383
566000,0.21346412366945383
568000,0.21281395037661485
569000,0.21261428671106639
570000,0.21333828606250224
571000,0.21290687656577548
571000,0.21290687656577548
573000,0.21260547210767716
574000,0.21221238782645904
574000,0.21221238782645904
574000,0.21221238782645904
577000,0.21199640361420502
578000,0.21222866473803953
579000,0.21221878862130938
580000,0.21212309669964596
580000,0.21212309669964596
580000,0.21212309669964596
583000,0.21247321125654275
584000,0.21259913635583153
585000,0.21263989448656762
586000,0.21194615459462185
587000,0.2121545245669425
588000,0.2121456300263101
589000,0.2114118773780725
589000,0.2114118773780725
591000,0.21110685243657104
592000,0.21080822436161847
593000,0.21064650822721806
593000,0.21064650822721806
595000,0.21074150285828305
596000,0.20957876214557034
597000,0.20918273496954606
597000,0.20918273496954606
599000,0.2093122614713678
599000,0.2093122614713678
601000,0.2089699774269613
602000,0.20915815501629176
603000,0.20945422011146944
604000,0.20910548110602237
604000,0.20910548110602237
604000,0.20910548110602237
604000,0.20910548110602237
608000,0.20891751011271062
609000,0.20900150451494376
610000,0.20943487830504456
611000,0.20907101662533426
612000,0.20880146060278315
613000,0.2092440585060698
614000,0.20964248705446725
614000,0.20964248705446725
616000,0.20929523449790444
617000,0.2092802198632011
618000,0.20934978911600238
618000,0.20934978911600238
620000,0.2089972048986026
621000,0.20878139647361757
621000,0.20878139647361757
623000,0.20822323959088523
624000,0.20790263804303197
625000,0.20803962608617244
626000,0.2076044438491574
627000,0.2072317242629371
628000,0.20726356313624275
629000,0.20734002281127645
630000,0.20711869707969902
630000,0.20711869707969902
630000,0.20711869707969902
633000,0.2072868761124888
633000,0.2072868761124888
635000,0.2071781541853155
635000,0.2071781541853155
637000,0.20733245970497227
638000,0.20750594317648094
639000,0.20735791228413764
639000,0.20735791228413764
641000,0.20705359079510913
642000,0.20710134212425732
643000,0.20735944548113777
644000,0.20703874325974106
645000,0.20671040090360288
646000,0.20633481118324276
646000,0.20633481118324276
648000,0.20628308701052353
648000,0.20628308701052353
650000,0.2060994683700122
651000,0.20573593102056567
652000,0.20580324354147492
652000,0.20580324354147492
654000,0.20598447779445433
655000,0.20616446071590086
656000,0.20643580270341222
657000,0.20651241798788347
658000,0.20596461146723294
659000,0.20583488767761685
659000,0.20583488767761685
661000,0.20604794382382616
661000,0.20604794382382616
663000,0.2062215771153345
664000,0.2060192978890012
665000,0.20595044550880653
665000,0.20595044550880653
667000,0.2060357858825864
668000,0.2064994381293472
669000,0.20629872182239833
669000,0.20629872182239833
671000,0.20694901033730084
671000,0.20694901033730084
673000,0.20660809042949616
674000,0.20635690764039666
675000,0.20589195617583658
675000,0.20589195617583658
677000,0.20538164669107437
678000,0.2050819904538754
678000,0.2050819904538754
680000,0.204836381457829
680000,0.204836381457829
682000,0.20506517648546566
683000,0.2045974088951866
683000,0.2045974088951866
683000,0.2045974088951866
686000,0.20481170117829048
687000,0.20497684842007377
687000,0.20497684842007377
689000,0.2047134909546973
690000,0.20448819692081296
691000,0.20455130096832436
691000,0.20455130096832436
693000,0.2039811722346148
694000,0.203839425041875
694000,0.203839425041875
696000,0.20376935147976533
697000,0.20322644122207592
697000,0.20322644122207592
699000,0.20287058924319995
700000,0.20260052510618148
701000,0.20284697396558415
702000,0.2025690915602717
702000,0.2025690915602717
704000,0.20263184503905113
705000,0.20239756417114274
705000,0.20239756417114274
707000,0.20180770530126416
707000,0.20180770530126416
709000,0.20156730656821448
709000,0.20156730656821448
711000,0.20133137540297277
711000,0.20133137540297277
711000,0.20133137540297277
714000,0.20143826492563283
714000,0.20143826492563283
716000,0.2015394461195601
717000,0.20127638606689996
718000,0.20136657220136372
719000,0.20131860515403352
720000,0.20103946628886643
721000,0.2009205135799533
722000,0.2006331422155476
723000,0.19985904991185177
724000,0.1995658666016825
725000,0.19985967141624275
726000,0.19959486840615853
726000,0.19959486840615853
728000,0.19967216270064603
728000,0.19967216270064603
728000,0.19967216270064603
728000,0.19967216270064603
728000,0.19967216270064603
733000,0.19972533737828577
734000,0.19965045615926724
735000,0.1997726376857249
736000,0.19963785961936492
736000,0.19963785961936492
736000,0.19963785961936492
736000,0.19963785961936492
740000,0.19941163233959344
741000,0.1998435688719308
742000,0.19947157529837994
743000,0.20011265055779628
744000,0.20052730383448356
744000,0.20052730383448356
746000,0.20075407577596432
747000,0.20097965927169306
748000,0.20118097219222408
749000,0.2004603806652703
750000,0.20081172267494074
750000,0.20081172267494074
752000,0.2009791830617976
752000,0.2009791830617976
754000,0.2006980403236489
755000,0.20060700160849307
756000,0.20013091539058128
757000,0.19986355153843938
758000,0.1995936294309165
759000,0.19928254919767002
760000,0.19903384651305156
761000,0.19880921936931434
762000,0.19852028473256522
763000,0.19831171957669316
764000,0.19804310054367188
765000,0.19799577195478704
766000,0.19774391889621684
766000,0.19774391889621684
768000,0.19764313998791463
769000,0.19757827193509875
770000,0.19774427140020623
771000,0.19802500541217932
772000,0.19764244676645037
772000,0.19764244676645037
774000,0.1974428828585436
774000,0.1974428828585436
774000,0.1974428828585436
774000,0.1974428828585436
774000,0.1974428828585436
779000,0.1969491431918663
780000,0.19717277476725312
780000,0.19717277476725312
782000,0.197273963794942
783000,0.19765856660931394
784000,0.19758291207401454
784000,0.19758291207401454
786000,0.19731400267184152
787000,0.1968903362101115
787000,0.1968903362101115
787000,0.1968903362101115
787000,0.1968903362101115
791000,0.19694078881583857
791000,0.19694078881583857
793000,0.1966841105922418
794000,0.1967782083229332
795000,0.19692474879284125
796000,0.19679004982558482
796000,0.19679004982558482
798000,0.196831288729296
799000,0.19698488745848522
799000,0.19698488745848522
801000,0.19726125140774653
802000,0.19739217173996113
802000,0.19739217173996113
802000,0.19739217173996113
805000,0.1976316123022516
806000,0.19773905337922124
807000,0.19753156965830232
808000,0.1972890353633901
