10000,0.13271215183533513
10000,0.13271215183533513
10000,0.13271215183533513
10000,0.13271215183533513
10000,0.13271215183533513
10000,0.13271215183533513
10000,0.13271215183533513
10000,0.13271215183533513
10000,0.13271215183533513
10000,0.13271215183533513
10000,0.13271215183533513
10000,0.13271215183533513
10000,0.13271215183533513
10000,0.13271215183533513
10000,0.13271215183533513
10000,0.13271215183533513
10000,0.13271215183533513
27000,0.09934405525783863
27000,0.09934405525783863
27000,0.09934405525783863
27000,0.09934405525783863
27000,0.09934405525783863
27000,0.09934405525783863
27000,0.09934405525783863
27000,0.09934405525783863
27000,0.09934405525783863
36000,0.08508704921380739
36000,0.08508704921380739
36000,0.08508704921380739
36000,0.08508704921380739
36000,0.08508704921380739
36000,0.08508704921380739
36000,0.08508704921380739
43000,0.09787298089257723
43000,0.09787298089257723
43000,0.09787298089257723
46000,0.09536655015978442
46000,0.09536655015978442
46000,0.09536655015978442
46000,0.09536655015978442
50000,0.09746935793009863
51000,0.11779382152367399
51000,0.11779382152367399
51000,0.11779382152367399
51000,0.11779382152367399
51000,0.11779382152367399
51000,0.11779382152367399
51000,0.11779382152367399
51000,0.11779382152367399
51000,0.11779382152367399
51000,0.11779382152367399
51000,0.11779382152367399
51000,0.11779382152367399
51000,0.11779382152367399
51000,0.11779382152367399
51000,0.11779382152367399
51000,0.11779382152367399
51000,0.11779382152367399
51000,0.11779382152367399
51000,0.11779382152367399
51000,0.11779382152367399
51000,0.11779382152367399
51000,0.11779382152367399
51000,0.11779382152367399
51000,0.11779382152367399
51000,0.11779382152367399
51000,0.11779382152367399
51000,0.11779382152367399
51000,0.11779382152367399
51000,0.11779382152367399
51000,0.11779382152367399
51000,0.11779382152367399
51000,0.11779382152367399
51000,0.11779382152367399
51000,0.11779382152367399
85000,0.11949422800514459
85000,0.11949422800514459
85000,0.11949422800514459
85000,0.11949422800514459
85000,0.11949422800514459
85000,0.11949422800514459
85000,0.11949422800514459
85000,0.11949422800514459
93000,0.12454686470818234
93000,0.12454686470818234
93000,0.12454686470818234
93000,0.12454686470818234
93000,0.12454686470818234
93000,0.12454686470818234
93000,0.12454686470818234
93000,0.12454686470818234
93000,0.12454686470818234
102000,0.12263750394227228
102000,0.12263750394227228
102000,0.12263750394227228
102000,0.12263750394227228
102000,0.12263750394227228
102000,0.12263750394227228
102000,0.12263750394227228
102000,0.12263750394227228
102000,0.12263750394227228
102000,0.12263750394227228
102000,0.12263750394227228
102000,0.12263750394227228
102000,0.12263750394227228
102000,0.12263750394227228
102000,0.12263750394227228
102000,0.12263750394227228
102000,0.12263750394227228
102000,0.12263750394227228
102000,0.12263750394227228
102000,0.12263750394227228
102000,0.12263750394227228
123000,0.11932955443321454
123000,0.11932955443321454
123000,0.11932955443321454
123000,0.11932955443321454
127000,0.11928113125444091
127000,0.11928113125444091
127000,0.11928113125444091
127000,0.11928113125444091
127000,0.11928113125444091
127000,0.11928113125444091
127000,0.11928113125444091
127000,0.11928113125444091
127000,0.11928113125444091
127000,0.11928113125444091
127000,0.11928113125444091
127000,0.11928113125444091
127000,0.11928113125444091
127000,0.11928113125444091
127000,0.11928113125444091
142000,0.12102894187569868
142000,0.12102894187569868
144000,0.12053714094691814
144000,0.12053714094691814
144000,0.12053714094691814
147000,0.12017928272252142
147000,0.12017928272252142
147000,0.12017928272252142
147000,0.12017928272252142
147000,0.12017928272252142
147000,0.12017928272252142
147000,0.12017928272252142
147000,0.12017928272252142
147000,0.12017928272252142
156000,0.12345065980826526
156000,0.12345065980826526
158000,0.11923871937106281
158000,0.11923871937106281
158000,0.11923871937106281
158000,0.11923871937106281
158000,0.11923871937106281
158000,0.11923871937106281
158000,0.11923871937106281
158000,0.11923871937106281
158000,0.11923871937106281
158000,0.11923871937106281
158000,0.11923871937106281
158000,0.11923871937106281
158000,0.11923871937106281
158000,0.11923871937106281
158000,0.11923871937106281
158000,0.11923871937106281
174000,0.1185557610081452
174000,0.1185557610081452
174000,0.1185557610081452
174000,0.1185557610081452
174000,0.1185557610081452
174000,0.1185557610081452
174000,0.1185557610081452
181000,0.11947037320731589
181000,0.11947037320731589
181000,0.11947037320731589
181000,0.11947037320731589
181000,0.11947037320731589
181000,0.11947037320731589
181000,0.11947037320731589
181000,0.11947037320731589
181000,0.11947037320731589
181000,0.11947037320731589
181000,0.11947037320731589
181000,0.11947037320731589
181000,0.11947037320731589
181000,0.11947037320731589
181000,0.11947037320731589
181000,0.11947037320731589
181000,0.11947037320731589
198000,0.11893506979194299
198000,0.11893506979194299
198000,0.11893506979194299
198000,0.11893506979194299
198000,0.11893506979194299
198000,0.11893506979194299
198000,0.11893506979194299
198000,0.11893506979194299
198000,0.11893506979194299
198000,0.11893506979194299
198000,0.11893506979194299
198000,0.11893506979194299
198000,0.11893506979194299
198000,0.11893506979194299
198000,0.11893506979194299
198000,0.11893506979194299
198000,0.11893506979194299
198000,0.11893506979194299
198000,0.11893506979194299
198000,0.11893506979194299
198000,0.11893506979194299
198000,0.11893506979194299
198000,0.11893506979194299
221000,0.11606905966122472
221000,0.11606905966122472
221000,0.11606905966122472
221000,0.11606905966122472
225000,0.11810429030608073
225000,0.11810429030608073
225000,0.11810429030608073
225000,0.11810429030608073
225000,0.11810429030608073
230000,0.1167682854584561
231000,0.11634443010838823
231000,0.11634443010838823
231000,0.11634443010838823
231000,0.11634443010838823
235000,0.11931463398508646
236000,0.12439810548296587
236000,0.12439810548296587
236000,0.12439810548296587
236000,0.12439810548296587
240000,0.12280938444817235
240000,0.12280938444817235
240000,0.12280938444817235
240000,0.12280938444817235
240000,0.12280938444817235
240000,0.12280938444817235
240000,0.12280938444817235
240000,0.12280938444817235
240000,0.12280938444817235
240000,0.12280938444817235
240000,0.12280938444817235
240000,0.12280938444817235
240000,0.12280938444817235
240000,0.12280938444817235
240000,0.12280938444817235
240000,0.12280938444817235
240000,0.12280938444817235
240000,0.12280938444817235
240000,0.12280938444817235
240000,0.12280938444817235
240000,0.12280938444817235
240000,0.12280938444817235
240000,0.12280938444817235
240000,0.12280938444817235
264000,0.1206292445444957
264000,0.1206292445444957
264000,0.1206292445444957
264000,0.1206292445444957
264000,0.1206292445444957
264000,0.1206292445444957
264000,0.1206292445444957
271000,0.1208534548747982
271000,0.1208534548747982
271000,0.1208534548747982
271000,0.1208534548747982
275000,0.12123919241139344
275000,0.12123919241139344
275000,0.12123919241139344
275000,0.12123919241139344
275000,0.12123919241139344
275000,0.12123919241139344
275000,0.12123919241139344
282000,0.1239041955325343
282000,0.1239041955325343
282000,0.1239041955325343
282000,0.1239041955325343
282000,0.1239041955325343
282000,0.1239041955325343
282000,0.1239041955325343
289000,0.12370898488092286
289000,0.12370898488092286
289000,0.12370898488092286
289000,0.12370898488092286
289000,0.12370898488092286
289000,0.12370898488092286
289000,0.12370898488092286
289000,0.12370898488092286
289000,0.12370898488092286
289000,0.12370898488092286
299000,0.12403719822567849
300000,0.1241430479447278
300000,0.1241430479447278
300000,0.1241430479447278
300000,0.1241430479447278
300000,0.1241430479447278
300000,0.1241430479447278
300000,0.1241430479447278
300000,0.1241430479447278
300000,0.1241430479447278
300000,0.1241430479447278
300000,0.1241430479447278
300000,0.1241430479447278
300000,0.1241430479447278
300000,0.1241430479447278
300000,0.1241430479447278
300000,0.1241430479447278
300000,0.1241430479447278
300000,0.1241430479447278
300000,0.1241430479447278
300000,0.1241430479447278
300000,0.1241430479447278
300000,0.1241430479447278
300000,0.1241430479447278
300000,0.1241430479447278
300000,0.1241430479447278
300000,0.1241430479447278
300000,0.1241430479447278
327000,0.1240863742891376
328000,0.12559025225861198
328000,0.12559025225861198
328000,0.12559025225861198
328000,0.12559025225861198
328000,0.12559025225861198
328000,0.12559025225861198
328000,0.12559025225861198
328000,0.12559025225861198
328000,0.12559025225861198
328000,0.12559025225861198
328000,0.12559025225861198
328000,0.12559025225861198
328000,0.12559025225861198
328000,0.12559025225861198
328000,0.12559025225861198
328000,0.12559025225861198
344000,0.12481817273175815
344000,0.12481817273175815
344000,0.12481817273175815
344000,0.12481817273175815
344000,0.12481817273175815
344000,0.12481817273175815
344000,0.12481817273175815
344000,0.12481817273175815
344000,0.12481817273175815
344000,0.12481817273175815
344000,0.12481817273175815
355000,0.12434592815143063
355000,0.12434592815143063
355000,0.12434592815143063
355000,0.12434592815143063
359000,0.1253950497447517
359000,0.1253950497447517
361000,0.1274657315472121
361000,0.1274657315472121
361000,0.1274657315472121
361000,0.1274657315472121
361000,0.1274657315472121
361000,0.1274657315472121
367000,0.12607601325693735
367000,0.12607601325693735
367000,0.12607601325693735
367000,0.12607601325693735
367000,0.12607601325693735
367000,0.12607601325693735
367000,0.12607601325693735
367000,0.12607601325693735
367000,0.12607601325693735
376000,0.12599895508096975
376000,0.12599895508096975
376000,0.12599895508096975
376000,0.12599895508096975
376000,0.12599895508096975
376000,0.12599895508096975
382000,0.12570165561619098
382000,0.12570165561619098
382000,0.12570165561619098
382000,0.12570165561619098
382000,0.12570165561619098
382000,0.12570165561619098
382000,0.12570165561619098
382000,0.12570165561619098
382000,0.12570165561619098
382000,0.12570165561619098
382000,0.12570165561619098
382000,0.12570165561619098
382000,0.12570165561619098
382000,0.12570165561619098
382000,0.12570165561619098
382000,0.12570165561619098
382000,0.12570165561619098
382000,0.12570165561619098
382000,0.12570165561619098
382000,0.12570165561619098
402000,0.12552303956744992
402000,0.12552303956744992
402000,0.12552303956744992
402000,0.12552303956744992
402000,0.12552303956744992
402000,0.12552303956744992
402000,0.12552303956744992
402000,0.12552303956744992
402000,0.12552303956744992
402000,0.12552303956744992
402000,0.12552303956744992
402000,0.12552303956744992
402000,0.12552303956744992
402000,0.12552303956744992
402000,0.12552303956744992
417000,0.1260509103630073
417000,0.1260509103630073
419000,0.12779731759303964
420000,0.126581063414247
421000,0.12665955105647655
421000,0.12665955105647655
421000,0.12665955105647655
421000,0.12665955105647655
421000,0.12665955105647655
421000,0.12665955105647655
421000,0.12665955105647655
428000,0.12659677420689044
428000,0.12659677420689044
428000,0.12659677420689044
431000,0.12597527474741538
431000,0.12597527474741538
431000,0.12597527474741538
434000,0.12683726372141166
434000,0.12683726372141166
436000,0.12555027081609457
436000,0.12555027081609457
436000,0.12555027081609457
436000,0.12555027081609457
436000,0.12555027081609457
441000,0.1265185205480743
441000,0.1265185205480743
443000,0.12511537071481693
443000,0.12511537071481693
443000,0.12511537071481693
443000,0.12511537071481693
447000,0.1240969732158776
447000,0.1240969732158776
447000,0.1240969732158776
447000,0.1240969732158776
447000,0.1240969732158776
447000,0.1240969732158776
453000,0.12447336261594356
454000,0.12478170828059705
455000,0.12405862078750082
455000,0.12405862078750082
455000,0.12405862078750082
455000,0.12405862078750082
459000,0.12488863989777932
459000,0.12488863989777932
459000,0.12488863989777932
459000,0.12488863989777932
459000,0.12488863989777932
459000,0.12488863989777932
459000,0.12488863989777932
459000,0.12488863989777932
459000,0.12488863989777932
459000,0.12488863989777932
459000,0.12488863989777932
459000,0.12488863989777932
459000,0.12488863989777932
472000,0.12359158568053423
472000,0.12359158568053423
472000,0.12359158568053423
475000,0.1241834643093037
476000,0.12536056323467368
476000,0.12536056323467368
476000,0.12536056323467368
476000,0.12536056323467368
476000,0.12536056323467368
476000,0.12536056323467368
476000,0.12536056323467368
476000,0.12536056323467368
476000,0.12536056323467368
485000,0.12448922824408269
485000,0.12448922824408269
485000,0.12448922824408269
485000,0.12448922824408269
485000,0.12448922824408269
485000,0.12448922824408269
491000,0.12443732948067165
491000,0.12443732948067165
491000,0.12443732948067165
491000,0.12443732948067165
491000,0.12443732948067165
496000,0.1248734269080578
496000,0.1248734269080578
496000,0.1248734269080578
496000,0.1248734269080578
496000,0.1248734269080578
496000,0.1248734269080578
496000,0.1248734269080578
496000,0.1248734269080578
496000,0.1248734269080578
496000,0.1248734269080578
506000,0.12734512696472539
506000,0.12734512696472539
508000,0.12686915864083917
508000,0.12686915864083917
508000,0.12686915864083917
508000,0.12686915864083917
512000,0.1272121444335343
512000,0.1272121444335343
514000,0.12677807091866342
514000,0.12677807091866342
516000,0.1271435610295549
516000,0.1271435610295549
516000,0.1271435610295549
516000,0.1271435610295549
516000,0.1271435610295549
516000,0.1271435610295549
516000,0.1271435610295549
516000,0.1271435610295549
516000,0.1271435610295549
525000,0.12618646172973694
525000,0.12618646172973694
525000,0.12618646172973694
525000,0.12618646172973694
529000,0.12532968709314563
530000,0.1250507520188553
531000,0.12599046917646162
531000,0.12599046917646162
533000,0.1261985374031697
534000,0.12518120094865515
535000,0.12481563715257778
535000,0.12481563715257778
535000,0.12481563715257778
535000,0.12481563715257778
535000,0.12481563715257778
535000,0.12481563715257778
535000,0.12481563715257778
535000,0.12481563715257778
535000,0.12481563715257778
535000,0.12481563715257778
535000,0.12481563715257778
535000,0.12481563715257778
535000,0.12481563715257778
535000,0.12481563715257778
535000,0.12481563715257778
550000,0.12578153209664278
551000,0.12495238280581264
551000,0.12495238280581264
551000,0.12495238280581264
551000,0.12495238280581264
551000,0.12495238280581264
551000,0.12495238280581264
551000,0.12495238280581264
558000,0.12549185484777767
558000,0.12549185484777767
560000,0.1244327021524608
561000,0.12454069126422539
561000,0.12454069126422539
561000,0.12454069126422539
561000,0.12454069126422539
561000,0.12454069126422539
561000,0.12454069126422539
561000,0.12454069126422539
568000,0.12439778898153489
569000,0.12383833028043666
570000,0.12480584309657225
571000,0.12471258288472373
571000,0.12471258288472373
573000,0.1251935315407344
573000,0.1251935315407344
573000,0.1251935315407344
573000,0.1251935315407344
577000,0.12454392462198575
578000,0.12488839236333535
579000,0.12427627745830973
579000,0.12427627745830973
579000,0.12427627745830973
579000,0.12427627745830973
583000,0.12519716252309213
583000,0.12519716252309213
583000,0.12519716252309213
583000,0.12519716252309213
583000,0.12519716252309213
583000,0.12519716252309213
589000,0.12493650497261977
589000,0.12493650497261977
589000,0.12493650497261977
589000,0.12493650497261977
589000,0.12493650497261977
589000,0.12493650497261977
589000,0.12493650497261977
589000,0.12493650497261977
597000,0.12400690231284564
597000,0.12400690231284564
599000,0.12386549623224823
599000,0.12386549623224823
599000,0.12386549623224823
599000,0.12386549623224823
599000,0.12386549623224823
599000,0.12386549623224823
599000,0.12386549623224823
599000,0.12386549623224823
599000,0.12386549623224823
599000,0.12386549623224823
599000,0.12386549623224823
599000,0.12386549623224823
599000,0.12386549623224823
599000,0.12386549623224823
599000,0.12386549623224823
614000,0.12470954594724641
614000,0.12470954594724641
616000,0.1254242660145965
617000,0.12513935072876728
618000,0.1259181996099084
618000,0.1259181996099084
618000,0.1259181996099084
618000,0.1259181996099084
618000,0.1259181996099084
618000,0.1259181996099084
618000,0.1259181996099084
618000,0.1259181996099084
626000,0.12530653725601115
626000,0.12530653725601115
626000,0.12530653725601115
629000,0.1254066888424431
629000,0.1254066888424431
629000,0.1254066888424431
629000,0.1254066888424431
629000,0.1254066888424431
629000,0.1254066888424431
629000,0.1254066888424431
629000,0.1254066888424431
629000,0.1254066888424431
629000,0.1254066888424431
639000,0.125882249859708
639000,0.125882249859708
639000,0.125882249859708
642000,0.12629322429623632
643000,0.1267463645552215
643000,0.1267463645552215
643000,0.1267463645552215
646000,0.12669073845957057
646000,0.12669073845957057
646000,0.12669073845957057
646000,0.12669073845957057
650000,0.12690428429692555
651000,0.12768543022034978
651000,0.12768543022034978
651000,0.12768543022034978
651000,0.12768543022034978
651000,0.12768543022034978
656000,0.12845900958265435
656000,0.12845900958265435
656000,0.12845900958265435
656000,0.12845900958265435
656000,0.12845900958265435
656000,0.12845900958265435
656000,0.12845900958265435
656000,0.12845900958265435
656000,0.12845900958265435
665000,0.12788915311199286
665000,0.12788915311199286
665000,0.12788915311199286
668000,0.12763912745822525
668000,0.12763912745822525
668000,0.12763912745822525
668000,0.12763912745822525
668000,0.12763912745822525
673000,0.12705135982876417
673000,0.12705135982876417
675000,0.1269356818792058
675000,0.1269356818792058
677000,0.1270912696278541
677000,0.1270912696278541
677000,0.1270912696278541
677000,0.1270912696278541
677000,0.1270912696278541
682000,0.12695499782020925
682000,0.12695499782020925
682000,0.12695499782020925
682000,0.12695499782020925
686000,0.12731484092671674
686000,0.12731484092671674
686000,0.12731484092671674
689000,0.12684340610163242
690000,0.12619171889848377
691000,0.1264022425161208
691000,0.1264022425161208
691000,0.1264022425161208
691000,0.1264022425161208
691000,0.1264022425161208
696000,0.12607044483405197
696000,0.12607044483405197
696000,0.12607044483405197
699000,0.12601206613917754
699000,0.12601206613917754
699000,0.12601206613917754
699000,0.12601206613917754
699000,0.12601206613917754
699000,0.12601206613917754
699000,0.12601206613917754
699000,0.12601206613917754
699000,0.12601206613917754
699000,0.12601206613917754
699000,0.12601206613917754
699000,0.12601206613917754
699000,0.12601206613917754
699000,0.12601206613917754
699000,0.12601206613917754
714000,0.12667387735912988
714000,0.12667387735912988
714000,0.12667387735912988
714000,0.12667387735912988
718000,0.12643341372292932
718000,0.12643341372292932
718000,0.12643341372292932
718000,0.12643341372292932
718000,0.12643341372292932
718000,0.12643341372292932
718000,0.12643341372292932
725000,0.12782005825724993
725000,0.12782005825724993
725000,0.12782005825724993
728000,0.1278489977003511
728000,0.1278489977003511
728000,0.1278489977003511
728000,0.1278489977003511
728000,0.1278489977003511
728000,0.1278489977003511
728000,0.1278489977003511
728000,0.1278489977003511
736000,0.12836867653562567
736000,0.12836867653562567
736000,0.12836867653562567
736000,0.12836867653562567
740000,0.12800656310637729
741000,0.12820425803872001
741000,0.12820425803872001
743000,0.12903868474379077
743000,0.12903868474379077
743000,0.12903868474379077
743000,0.12903868474379077
747000,0.1290414122549283
747000,0.1290414122549283
747000,0.1290414122549283
747000,0.1290414122549283
747000,0.1290414122549283
752000,0.12948923557801617
752000,0.12948923557801617
752000,0.12948923557801617
755000,0.12981399088273865
755000,0.12981399088273865
755000,0.12981399088273865
755000,0.12981399088273865
759000,0.13003597376430714
759000,0.13003597376430714
759000,0.13003597376430714
762000,0.1294494417237988
762000,0.1294494417237988
762000,0.1294494417237988
765000,0.1290461670012724
765000,0.1290461670012724
765000,0.1290461670012724
768000,0.12892715529057522
769000,0.12913000999659488
769000,0.12913000999659488
769000,0.12913000999659488
772000,0.1286013715316925
772000,0.1286013715316925
772000,0.1286013715316925
772000,0.1286013715316925
772000,0.1286013715316925
772000,0.1286013715316925
772000,0.1286013715316925
772000,0.1286013715316925
780000,0.129119681219024
780000,0.129119681219024
780000,0.129119681219024
780000,0.129119681219024
784000,0.12918382810218293
784000,0.12918382810218293
784000,0.12918382810218293
784000,0.12918382810218293
784000,0.12918382810218293
784000,0.12918382810218293
784000,0.12918382810218293
784000,0.12918382810218293
784000,0.12918382810218293
784000,0.12918382810218293
794000,0.12936238404493366
795000,0.1304073150320593
795000,0.1304073150320593
795000,0.1304073150320593
795000,0.1304073150320593
795000,0.1304073150320593
795000,0.1304073150320593
795000,0.1304073150320593
795000,0.1304073150320593
795000,0.1304073150320593
795000,0.1304073150320593
795000,0.1304073150320593
795000,0.1304073150320593
807000,0.13039652466842538
807000,0.13039652466842538
