1000,0.644929840361506
1000,0.644929840361506
1000,0.644929840361506
4000,0.3878274800718275
5000,0.34555262139614085
6000,0.4306273747923657
7000,0.42431119793936267
8000,0.4017959061543352
9000,0.3883598672843517
10000,0.36806982608346245
11000,0.35942908288190367
12000,0.3653716107034925
13000,0.3544677668350279
14000,0.3437474369655965
15000,0.32678491842165186
16000,0.3109385477636134
17000,0.29916888242602346
18000,0.2975489285556059
19000,0.29375356658955804
20000,0.28387912072238836
21000,0.28589092974586505
22000,0.28465253114868877
23000,0.2839450540501922
23000,0.2839450540501922
25000,0.2899760799783838
26000,0.28564837440753094
27000,0.2852044894397394
28000,0.28929125418103185
28000,0.28929125418103185
30000,0.28267445492328536
30000,0.28267445492328536
32000,0.27979045293647653
33000,0.2761748934659964
34000,0.2790590229238015
35000,0.2742290947884426
36000,0.27015381857879295
36000,0.27015381857879295
38000,0.2746451720324458
38000,0.2746451720324458
40000,0.2743678098874156
41000,0.2778727731925801
42000,0.2795878876386884
43000,0.2731064023956145
44000,0.27188301187273245
45000,0.2729914454041446
46000,0.27230557780622144
47000,0.27294604788489546
48000,0.275726473607213
49000,0.27939998594848287
50000,0.27683715028469386
51000,0.2737155134405057
52000,0.2714954424107348
53000,0.2688768712822755
54000,0.2712464338547753
55000,0.27114313856187633
56000,0.2717510674049369
57000,0.27183218979356955
58000,0.27233407746778426
58000,0.27233407746778426
60000,0.27391072787999116
61000,0.27124426523742
61000,0.27124426523742
63000,0.27240309742822477
64000,0.2735651803010786
64000,0.2735651803010786
66000,0.27291170112210617
67000,0.27452795668477414
67000,0.27452795668477414
69000,0.27482316463168693
70000,0.2716688132451121
71000,0.2725439899393786
72000,0.2755321840413836
73000,0.2743211047036852
74000,0.2732969371797265
75000,0.27229795695562664
75000,0.27229795695562664
77000,0.27112823640984146
77000,0.27112823640984146
79000,0.27336021380148573
80000,0.2733180182711228
81000,0.27298673712026983
82000,0.2738339368262305
83000,0.27029727143142207
83000,0.27029727143142207
85000,0.26963544471172085
86000,0.27518609911903763
87000,0.2766144645683303
88000,0.27971659398921467
89000,0.2786135801916167
90000,0.2788915294061034
91000,0.2789508396492446
92000,0.275338347940211
93000,0.2785966205558061
94000,0.2762910642871775
95000,0.2771463843086069
96000,0.275863091391335
97000,0.2775852960787385
98000,0.2793810256794812
98000,0.2793810256794812
100000,0.27874890809359704
101000,0.278960501622151
102000,0.2797897029579527
102000,0.2797897029579527
104000,0.2802991718299697
105000,0.28120373926641345
106000,0.28114516637900333
107000,0.2819833129609192
108000,0.28077394395508093
109000,0.27966441531001773
110000,0.27799774770061725
110000,0.27799774770061725
110000,0.27799774770061725
113000,0.27792715652130284
114000,0.2787927469524866
115000,0.27810993244311755
116000,0.2779728071659072
117000,0.2768442852996912
118000,0.2769564570489074
118000,0.2769564570489074
120000,0.2775005656930579
121000,0.27790816917849426
122000,0.2768815027725865
123000,0.27483094323951845
124000,0.2751250794095054
125000,0.2756361996498364
126000,0.27357437530819734
127000,0.2725428184045739
127000,0.2725428184045739
129000,0.2724957397063299
130000,0.27145004035993436
130000,0.27145004035993436
132000,0.2707096834087045
133000,0.271836296131609
134000,0.27190338392190155
135000,0.2702882599847212
136000,0.27011994447121584
137000,0.2685366494090064
138000,0.26791649701490383
139000,0.27008268826492093
140000,0.26919926292550195
141000,0.2685771964580846
142000,0.26707546723530745
143000,0.2661705720720803
144000,0.2642930478401519
145000,0.2648387939882957
146000,0.2640421654319368
147000,0.26388798602551805
148000,0.2640757949533561
149000,0.26483183452658676
150000,0.26546205742043366
151000,0.2655799640762283
152000,0.265145117457917
153000,0.2657352320638122
153000,0.2657352320638122
155000,0.26609027877864216
156000,0.2630447171763153
157000,0.26168371409044366
158000,0.2610027920385797
159000,0.2603783524780608
160000,0.26164239766074415
161000,0.26281517074915794
162000,0.262100100566063
162000,0.262100100566063
164000,0.26140218119276626
164000,0.26140218119276626
164000,0.26140218119276626
167000,0.2598810130420635
168000,0.25960746267339496
169000,0.26001112316486885
170000,0.26113054966587745
171000,0.2612343929003692
171000,0.2612343929003692
173000,0.2605991953549282
174000,0.2604448844697878
175000,0.26127222610314665
176000,0.26052846094913246
177000,0.2596416608591365
178000,0.2596793427918196
179000,0.2592853399841522
180000,0.25935106288455145
181000,0.2585440550292081
182000,0.25815701412265823
183000,0.2579019206963133
183000,0.2579019206963133
185000,0.2583186343927605
186000,0.25865161453430185
187000,0.2583342479484301
187000,0.2583342479484301
189000,0.2579848512717133
190000,0.2582040482055029
191000,0.25688120546446447
191000,0.25688120546446447
193000,0.25744190075595275
194000,0.2556573622677054
195000,0.2549976833697555
196000,0.25537386038636933
197000,0.25475823177965085
198000,0.25453719169168526
199000,0.25465501776253224
199000,0.25465501776253224
201000,0.25497496434688705
202000,0.2543524874740634
203000,0.2549353517365202
204000,0.25515219675091144
205000,0.2545212213850807
206000,0.25425170569497674
207000,0.2553511358192154
208000,0.2554297000579215
209000,0.2557442019238637
210000,0.256312892079276
210000,0.256312892079276
212000,0.25586001689985477
213000,0.25555909450585174
214000,0.25567851354489585
214000,0.25567851354489585
216000,0.25582378168299186
217000,0.2563397010098968
218000,0.25642171423228444
219000,0.2554103758472516
219000,0.2554103758472516
221000,0.25546060250480657
221000,0.25546060250480657
221000,0.25546060250480657
224000,0.2556113025898737
225000,0.2554478412646756
226000,0.2549952783092119
227000,0.2539579665902187
228000,0.2523098644664763
229000,0.2511807112539537
230000,0.25102515207799775
231000,0.24870511563119455
232000,0.24840423739251424
233000,0.2479828213221656
234000,0.24761956540004448
235000,0.24843835749501547
236000,0.24968927426741575
237000,0.24868030639993885
237000,0.24868030639993885
239000,0.2488907633187555
240000,0.2482811927408171
240000,0.2482811927408171
242000,0.24776653378678326
243000,0.2479649213108693
244000,0.24700664608458456
245000,0.24722167409313556
246000,0.24761384094864733
247000,0.2469690881430241
248000,0.24825075043953237
249000,0.24853050667840906
250000,0.24734357539557025
251000,0.245410367378095
252000,0.24510724774730172
253000,0.24493154068181228
254000,0.2444602936042074
255000,0.24368056287249817
256000,0.24226517765977235
257000,0.2418776908174405
258000,0.24217526915993925
259000,0.2428895143089944
260000,0.24299661757262644
261000,0.24304542301608684
262000,0.24260062513844133
263000,0.24275008365512063
264000,0.24184081921374467
264000,0.24184081921374467
266000,0.24196672378722306
266000,0.24196672378722306
268000,0.2414705592071566
269000,0.242032607078441
270000,0.24216201164946788
271000,0.24233972085538671
272000,0.24240235694448106
273000,0.242908721299208
274000,0.2429033550914143
275000,0.24288490209092192
276000,0.24306264406015604
277000,0.2423506166130646
278000,0.24165348428220015
279000,0.24201342157786634
280000,0.24107944503030188
281000,0.24085810229336063
282000,0.24109098635749182
283000,0.24220794255430864
284000,0.24137933903130213
285000,0.2406917754953735
286000,0.24100499109582996
287000,0.24105166253081475
288000,0.24083836881426646
289000,0.2396884368257408
290000,0.2403725737431944
291000,0.24062081751643602
292000,0.24024380619314337
292000,0.24024380619314337
294000,0.24042886430987565
295000,0.24033178840910782
296000,0.24048528041105055
297000,0.24047412109872768
298000,0.24013221726792366
299000,0.23953816913408849
300000,0.23923073984017887
301000,0.23990717896381156
302000,0.23953935421785008
303000,0.23920780030565414
304000,0.2388285399360056
304000,0.2388285399360056
306000,0.2396690307504634
307000,0.23822323171014279
308000,0.23797489878180678
309000,0.23807882808719533
310000,0.2382926538998689
311000,0.23846807982173435
312000,0.23902910120453863
312000,0.23902910120453863
314000,0.23866655083872235
315000,0.23836523784209948
316000,0.23768026288866884
317000,0.23732517358446795
318000,0.2374895091378757
319000,0.23714095420605244
320000,0.23833631982797662
321000,0.2381915600872799
322000,0.23817702645166788
323000,0.2377287234109372
323000,0.2377287234109372
325000,0.23704324607373436
326000,0.2368038635426795
327000,0.2368044367004702
328000,0.2364426936908679
329000,0.23611317186324546
329000,0.23611317186324546
331000,0.23590280611679923
332000,0.23543609842896326
332000,0.23543609842896326
334000,0.23588628816757265
335000,0.2355131146987119
335000,0.2355131146987119
337000,0.23517561618523813
338000,0.23569309959568607
339000,0.2360273763065019
340000,0.23535580995442837
340000,0.23535580995442837
342000,0.2353028668051562
343000,0.23543199451885216
344000,0.23533856828043387
345000,0.23479316689075133
345000,0.23479316689075133
347000,0.23446662506937813
348000,0.23413090595111774
349000,0.2337993940884394
350000,0.23403024722313384
351000,0.23401239269220475
352000,0.23422104842467903
353000,0.23391023128689173
354000,0.23325311347966388
355000,0.23269605612889455
356000,0.23173708625661762
357000,0.23109411465394525
358000,0.23082858727104275
359000,0.23075314433955924
360000,0.23045833554679404
361000,0.23064984522732815
362000,0.23110601856295915
363000,0.231180601742495
364000,0.2312458258698046
365000,0.2318508072285363
366000,0.23153577407934223
367000,0.23121180857127221
368000,0.23210556984180428
368000,0.23210556984180428
368000,0.23210556984180428
371000,0.23208690826557912
372000,0.2314954761408372
373000,0.23136664460811254
373000,0.23136664460811254
375000,0.23107577447013636
376000,0.23111101547344165
377000,0.2308141361247032
378000,0.23110177714443034
379000,0.23155785221466893
380000,0.23207263287301208
381000,0.23225597505172346
382000,0.2323955092725808
383000,0.23204327553131618
384000,0.23193238588357526
384000,0.23193238588357526
386000,0.23298019430442074
387000,0.23387392234887874
388000,0.23307132199360514
388000,0.23307132199360514
388000,0.23307132199360514
391000,0.2340515671211703
392000,0.234077201147091
393000,0.23409240009946844
394000,0.23380323653276605
395000,0.23387388392286787
396000,0.23418962665303764
397000,0.23387419822956879
398000,0.23313866226214308
399000,0.2328807696220754
400000,0.2324104447909561
401000,0.23163163001846362
402000,0.2315115964381987
403000,0.23071330339928248
404000,0.2312127360516605
405000,0.23125360283311863
406000,0.23175662375909936
407000,0.23122733247692234
407000,0.23122733247692234
409000,0.23097949670870618
410000,0.2315706108046886
411000,0.23212905659087754
412000,0.23219249869974992
413000,0.23191424586196546
414000,0.23166897569012715
415000,0.23186453355419792
416000,0.23180792408157197
417000,0.2313251098595512
418000,0.23128958733079538
419000,0.23148728714230343
420000,0.23101192826114766
421000,0.23058801835086207
422000,0.23113161918602976
423000,0.23171097726253073
423000,0.23171097726253073
425000,0.23246832240252996
426000,0.23311383172190472
427000,0.23292760805503093
428000,0.23282001581639022
428000,0.23282001581639022
430000,0.2327241014136428
431000,0.2326120027711529
432000,0.23292093573371753
433000,0.2326661525074098
434000,0.23225868608833586
435000,0.23269588579489034
436000,0.23213449239329573
437000,0.23160755639509348
437000,0.23160755639509348
439000,0.23109140166589665
440000,0.23117352414796624
441000,0.2308893959918246
441000,0.2308893959918246
443000,0.23051362329944602
443000,0.23051362329944602
445000,0.23006724114768684
446000,0.23011171500557068
447000,0.22975647472030775
448000,0.2298802138283174
449000,0.22962635768603923
450000,0.22912718288586267
450000,0.22912718288586267
452000,0.229282207597154
453000,0.22886703944419728
454000,0.22924218078918493
455000,0.22901006230286372
456000,0.22941963969567078
457000,0.22922404099687127
458000,0.2290349660855922
459000,0.22891033472745323
460000,0.22864439282519056
461000,0.22913084311779347
462000,0.22950499519703355
462000,0.22950499519703355
464000,0.2292038705402295
465000,0.2292661538176572
466000,0.22902673336714352
467000,0.22913338647274206
468000,0.228906842011364
469000,0.22858892622080543
469000,0.22858892622080543
471000,0.22950316239135757
472000,0.22935931921798453
473000,0.22912518927722822
474000,0.22889273958188017
475000,0.22931941322288632
476000,0.2294602389340919
476000,0.2294602389340919
478000,0.22972541784108447
479000,0.23001188836711808
480000,0.22995676499424944
481000,0.22989916115764156
482000,0.2296657374949494
483000,0.22947151059293222
484000,0.22954710988520888
485000,0.2293825002283465
486000,0.2289229049062399
487000,0.2290271116815005
488000,0.22881294172338432
489000,0.2290424652705239
490000,0.22919252710980537
491000,0.22930585978312343
492000,0.2296210300441494
493000,0.22953375935259807
494000,0.22931145999778701
495000,0.22908616462528542
496000,0.22883579866956386
497000,0.22979892192348975
498000,0.22955979937428073
499000,0.22957042696162147
500000,0.22895846533159794
501000,0.22775997110342247
502000,0.2276157163310457
503000,0.22687632826124746
504000,0.22579665097062568
505000,0.2253927701028452
506000,0.22524762742655866
507000,0.224883727141625
508000,0.224150374302501
509000,0.2236595071789746
510000,0.223486934679738
511000,0.22375137257452302
512000,0.2238568837174494
513000,0.22413970765271665
514000,0.22469399622652597
515000,0.22445996884563113
516000,0.2239911487229926
517000,0.22391436123455968
518000,0.2238847465774858
518000,0.2238847465774858
520000,0.22434191648297797
521000,0.22464744898602151
522000,0.224235560525231
523000,0.223918573058967
523000,0.223918573058967
525000,0.22344051848075588
526000,0.22294904508457614
527000,0.22358062503460338
528000,0.22300367514196284
529000,0.22336664146293275
530000,0.22235346685024535
531000,0.2225828316407061
532000,0.22293278083342255
533000,0.22187955371186152
534000,0.220423872154573
535000,0.22085878019668267
536000,0.22088052968865884
537000,0.22082860285090583
538000,0.22035741799257222
539000,0.22045314569835492
540000,0.22071996351509127
540000,0.22071996351509127
542000,0.2206390598866025
543000,0.22009490336799598
544000,0.21998516419032985
545000,0.2196032080575621
546000,0.21963125369558306
547000,0.2190523404877423
548000,0.21789309801742945
549000,0.21788777885547464
550000,0.21762649165941442
551000,0.21761015196931185
552000,0.21742972018698706
553000,0.21728021434595732
554000,0.21663725162152322
555000,0.21636757765545908
555000,0.21636757765545908
557000,0.2157273636415164
558000,0.2154635900676158
558000,0.2154635900676158
560000,0.21582829836303152
561000,0.2158592146026389
562000,0.21603434591587922
563000,0.21502502721621317
564000,0.21487392122220336
565000,0.2142293262235174
566000,0.2149400029362962
567000,0.21515504401033758
568000,0.2143134995568477
569000,0.21370982852965126
570000,0.21345475481186169
571000,0.21279505613683283
572000,0.21216940779712706
573000,0.2122329124510958
574000,0.21059019147525668
575000,0.21101358123586605
576000,0.21101668660181214
577000,0.21052530544309894
578000,0.21057630080761275
579000,0.21061312716447292
580000,0.2103580953163908
581000,0.21036732691822885
581000,0.21036732691822885
583000,0.2106433667538651
584000,0.21047425769380143
585000,0.2097376643717796
586000,0.20939931622414792
587000,0.20920088483015495
588000,0.20932934716078197
589000,0.20888864033374005
589000,0.20888864033374005
591000,0.20775422114767284
592000,0.20711282948998275
593000,0.20586038218116962
593000,0.20586038218116962
595000,0.20591869705418844
596000,0.20504290684677096
597000,0.20509486034080304
597000,0.20509486034080304
599000,0.20559955142417044
600000,0.20530991635078327
601000,0.204266880810726
602000,0.20451146268469672
603000,0.20481009881447448
604000,0.20501242296438563
605000,0.20439663027096897
606000,0.2045870975908228
607000,0.20457748586795266
608000,0.20411889942920583
609000,0.20411749136567647
610000,0.20486004039639424
611000,0.20462253429349597
612000,0.20461302280340532
613000,0.20515786711040085
614000,0.20557380473844314
615000,0.2050062581577908
616000,0.20462127712444395
617000,0.20443652901584156
618000,0.2052304203302807
619000,0.20516619700867988
620000,0.20471682155053095
621000,0.20416384062413256
622000,0.20397781085323066
623000,0.2037082886468741
624000,0.2038233325338205
625000,0.2041951735805154
626000,0.20413720785357112
627000,0.20308024249601003
628000,0.2031249301952418
629000,0.20238349394414254
630000,0.20243312104712055
630000,0.20243312104712055
630000,0.20243312104712055
633000,0.20173776989361192
634000,0.2018992589656728
635000,0.20185625236002047
636000,0.2015571495093904
637000,0.20216870765803338
638000,0.2019464985838419
639000,0.20183486417802227
640000,0.20147845134564019
641000,0.20067945158153896
642000,0.20067636500315802
643000,0.20103305668980778
644000,0.20064936386618612
645000,0.19967735883854668
646000,0.19940221706005135
647000,0.19961887332235995
648000,0.1998403564730803
649000,0.19953324958206065
650000,0.19952684011178273
651000,0.19888670193745406
652000,0.1992060887371495
653000,0.19920294474338146
654000,0.19893175913347402
655000,0.19936387656471957
656000,0.19904792842527844
657000,0.1986039326853982
658000,0.1985238807602535
659000,0.19898475183706915
659000,0.19898475183706915
661000,0.19816545081735681
662000,0.19741493679706032
663000,0.19811523587648952
664000,0.19799284966800434
665000,0.19821906869876943
666000,0.19792977728256203
667000,0.1980140150568122
668000,0.19843702118355505
669000,0.19762316574054967
670000,0.19745627177686617
671000,0.19783861353250962
672000,0.19751508005396118
673000,0.19695735665449793
674000,0.196342732174358
675000,0.1943581086529735
676000,0.19416879756643826
677000,0.1931587302296113
678000,0.192736486317448
678000,0.192736486317448
680000,0.19167283430249507
681000,0.1910693858269319
682000,0.19131380861650157
683000,0.19080120741090142
684000,0.19074191991524958
685000,0.19071916951787998
686000,0.1907985253847453
687000,0.19114666574178166
688000,0.19101589335113683
689000,0.19105051241901613
690000,0.19101257765896948
691000,0.19111539457258553
692000,0.19113145720740476
693000,0.191075737655505
694000,0.1910761242957082
695000,0.19107746201630835
696000,0.19071498078633378
697000,0.19000815678749952
697000,0.19000815678749952
699000,0.18945049434663674
700000,0.18917632265958273
701000,0.18930818499544586
702000,0.18878640275660508
703000,0.1889618689506051
704000,0.18899757667601955
705000,0.18905333075643177
705000,0.18905333075643177
707000,0.18863415630358468
708000,0.18830540099981663
709000,0.18748207426517666
710000,0.1873046199746184
711000,0.18698283021671352
711000,0.18698283021671352
713000,0.18688174264888205
714000,0.1881123909066511
715000,0.18813714356171216
716000,0.1885654773947619
717000,0.18856305100381554
718000,0.18840030381104036
719000,0.1889627845607165
720000,0.18897400039932064
721000,0.18894744320047527
722000,0.1881275734036441
723000,0.18737429093869049
724000,0.1874251975885162
725000,0.18716344067657611
726000,0.18675938998724723
726000,0.18675938998724723
728000,0.1865695985952378
729000,0.1867464010605149
730000,0.18682463722697282
731000,0.18648429994569984
732000,0.1852316042260472
733000,0.18493030763596358
734000,0.1850932882631821
735000,0.1853653567588525
736000,0.185022601849929
737000,0.18561558462508457
737000,0.18561558462508457
737000,0.18561558462508457
740000,0.18549037199787075
741000,0.18538403682144977
742000,0.18484684864923168
743000,0.18457045804919933
744000,0.1847606247201412
745000,0.18481347797324715
746000,0.18532559106636928
747000,0.18508796669154354
748000,0.18520533203685685
749000,0.18494253436336672
750000,0.1854251309507319
751000,0.18542514120724418
752000,0.18507308299557793
753000,0.18468408645156295
754000,0.18416572688097535
755000,0.18332884416196207
756000,0.18352932491155097
757000,0.1826901995060987
758000,0.18270834724740972
759000,0.1824916191408891
760000,0.18227227353560357
761000,0.181925405987585
762000,0.18164785891046897
763000,0.18166778302984316
764000,0.18114437260749264
765000,0.18151963906697552
766000,0.18087242630715508
767000,0.18069502100342966
768000,0.17995512332615202
769000,0.17896116880140736
770000,0.17878451992255343
771000,0.1792078307953577
772000,0.17874895850058511
773000,0.1789374046609745
774000,0.1789824948533032
774000,0.1789824948533032
776000,0.17936711506265515
776000,0.17936711506265515
778000,0.17926487346392342
779000,0.17945000168522668
780000,0.17906251507062035
781000,0.17906176894522968
782000,0.17970457993812175
783000,0.18036818967592275
784000,0.18060237502685095
785000,0.18055527318316314
786000,0.17936084578866632
787000,0.17942342434399194
788000,0.1794731296934629
788000,0.1794731296934629
790000,0.1779598066492097
791000,0.17830034922401541
792000,0.17930483610183945
793000,0.17903242948466452
794000,0.17866782172073023
795000,0.1788702763635665
796000,0.17845411349367105
797000,0.17786619926193334
798000,0.17824734998696729
799000,0.1785207441894108
800000,0.1784608117366352
801000,0.17973664718839313
802000,0.1807712461435635
802000,0.1807712461435635
804000,0.18079633347040988
805000,0.18100434653745634
806000,0.18095658982619803
807000,0.18073550389316712
808000,0.1800292252553673
