1000,0.4782399302186751
2000,0.5021117565408102
3000,0.5177945495265418
4000,0.5090086531177272
5000,0.5303309767557498
6000,0.600023330119174
7000,0.5720214694951348
8000,0.5142468451483329
9000,0.5060978966370347
10000,0.48301817522953944
11000,0.4760508938567472
12000,0.48658354729243947
13000,0.4701061857573497
14000,0.4578352291719402
15000,0.4456625210196506
16000,0.43841228540599264
17000,0.4347814705547988
18000,0.4248583882111274
19000,0.4215165531189935
20000,0.4045501192942969
21000,0.39821009981850725
22000,0.39724715001052574
23000,0.3951942637020756
24000,0.39122506932975054
25000,0.38894668880665295
26000,0.3928850017995844
27000,0.3875894361315387
28000,0.39221217411755754
29000,0.3901971418737707
30000,0.381117323110829
31000,0.3796825443337917
32000,0.3798912498298356
33000,0.37386543054751736
34000,0.3750363675463538
35000,0.36994720762217354
36000,0.3752892600938549
37000,0.3743359120948778
38000,0.3663689287375007
39000,0.35949462762269874
40000,0.3624202582499106
41000,0.36303598760775935
42000,0.3606403786693869
43000,0.35684552923068624
44000,0.3550184498059692
45000,0.35440372366592476
46000,0.3475580007577572
47000,0.3465118940155894
48000,0.3447675313896818
49000,0.34285144838976744
50000,0.34393295780947186
51000,0.3379571148958991
52000,0.33489633118674106
53000,0.3331696721263904
54000,0.33368436764404075
55000,0.3335739966911365
56000,0.3352431130434886
57000,0.3363746967724909
58000,0.3354210205164104
59000,0.336707937566705
60000,0.3408295069329948
61000,0.3407148803580591
62000,0.34143484488313613
63000,0.34184489049584776
64000,0.3387404379134779
65000,0.3371767196775737
66000,0.34011146792073754
67000,0.33918424605007647
68000,0.33755136320909485
69000,0.33794556359263894
70000,0.33564540599713527
71000,0.3352046423765138
72000,0.33770138112348674
73000,0.3393098848947852
74000,0.33626859224981137
75000,0.3337781480045852
76000,0.3332510669454674
77000,0.3301196669027857
78000,0.32962716448263946
79000,0.3302518157528723
80000,0.3285278935681579
81000,0.3316624588152634
82000,0.3315744184358013
83000,0.33029748095016315
84000,0.32778069189475795
85000,0.3249265882849195
86000,0.3265901800328385
87000,0.3261637183360738
88000,0.32509812212721284
89000,0.3245250332544115
90000,0.3231353987468069
91000,0.32178665600108786
92000,0.3211880590728186
93000,0.3215729749526485
94000,0.31855812265842104
95000,0.31878783209332745
96000,0.31658963115955924
97000,0.3169413675390094
98000,0.3164245981519844
99000,0.315756019838507
100000,0.3147212205584803
101000,0.31408951383434264
102000,0.3148961546542631
103000,0.31450513288797943
104000,0.31478471360114824
105000,0.31484344422444754
106000,0.31566664999342736
107000,0.31421464751127254
108000,0.3134425509867061
109000,0.3115799315303591
110000,0.3085632031268469
111000,0.3079721288361743
112000,0.3056515131607806
113000,0.3041658045122157
114000,0.3050459026314403
115000,0.3042059668737045
116000,0.30367179605797934
117000,0.30310551599242036
118000,0.30271036256599854
119000,0.3004286383979278
120000,0.30061049040774657
121000,0.30021972660442675
122000,0.2992838768907461
123000,0.29927274232496537
124000,0.29968865431883257
125000,0.3000623871800157
126000,0.29871849406691053
127000,0.2986621647002739
128000,0.29735648099171574
129000,0.2966481924446686
130000,0.29453096377679416
131000,0.2940894005385761
132000,0.2953872353371585
133000,0.29502619912956785
134000,0.2956741192107115
135000,0.29504904911117996
136000,0.2942722161540383
137000,0.29312887233960827
138000,0.2926450617005621
139000,0.29420473096766214
140000,0.29288895994125913
141000,0.2925155663070577
142000,0.29220371142568513
143000,0.2918466051734836
144000,0.29173829279613334
145000,0.291557741035132
146000,0.29075984267768396
147000,0.2894415148930017
148000,0.28927475979537953
149000,0.2906232804861599
150000,0.29133493419528006
151000,0.2912921261921751
152000,0.291315928728136
153000,0.29025730029352836
154000,0.2896521056975303
155000,0.28968652225644775
156000,0.28799167986448987
157000,0.2871388446355287
158000,0.2884615779769112
159000,0.28818775697689436
160000,0.28894481169520925
161000,0.2894261319868637
162000,0.28953966813571563
163000,0.288178690506778
164000,0.2874805451785637
165000,0.2871912716646574
166000,0.2878576027277199
167000,0.2876060071934426
168000,0.28703441062948587
169000,0.28459239312365986
170000,0.28210276742970536
171000,0.2805714882734867
172000,0.2790025512896405
173000,0.27531818682892917
174000,0.2759916186708727
175000,0.27559313068202995
176000,0.2737139361349318
177000,0.2724036272379194
178000,0.27100653535420505
179000,0.27068057662714334
180000,0.26746929462110225
181000,0.2654616325839175
182000,0.26501409828481043
183000,0.26475012238739
184000,0.263392225371202
185000,0.26330752725185946
186000,0.2620039431797087
187000,0.26233216984125707
188000,0.26143967730950135
189000,0.25958070934135113
190000,0.2610263974833328
191000,0.26068957236637225
192000,0.25957259946904027
193000,0.2595012264495948
194000,0.25831938527986986
195000,0.25745428963078676
196000,0.25721663724586663
197000,0.2565602989376837
198000,0.25559144522350613
199000,0.2529632634041751
200000,0.2529229227767881
201000,0.2541949964873408
202000,0.25258522532125305
203000,0.2535886166697221
204000,0.2542349090341064
205000,0.2525392138189616
206000,0.2518380200504739
207000,0.2514791105620215
208000,0.2510001711512722
209000,0.2499373147354507
210000,0.2530752075211933
211000,0.2536040031918902
212000,0.2526891357731393
213000,0.2515307566383564
214000,0.2516182261700099
215000,0.250227937950477
216000,0.25041780720950924
217000,0.2511862276708161
218000,0.25293864222867773
219000,0.2517230684726593
220000,0.25231818529321975
221000,0.25285998566771695
222000,0.2518244116758891
223000,0.25012942731253446
224000,0.25016618061990026
225000,0.25107990165348354
226000,0.24986276144944022
227000,0.24889318411359487
228000,0.2472532252424308
229000,0.24618850033321338
230000,0.24399643834956428
231000,0.24291406322483758
232000,0.24093089317510016
233000,0.23795455832533802
234000,0.2360960522570599
235000,0.23536555927581188
236000,0.236799833306366
237000,0.23625180244485533
238000,0.23617708392290837
239000,0.23622905933234162
240000,0.23465959026123953
241000,0.23166188754001898
242000,0.2312321270443863
243000,0.23117107039591114
244000,0.23123002962376096
245000,0.23282845282390116
246000,0.23306960670427046
247000,0.2334487799761569
248000,0.23527781653341742
249000,0.23301701839781505
250000,0.230917225781644
251000,0.23134208998856895
252000,0.23160988319555187
253000,0.23200836859230484
254000,0.22945379205293412
255000,0.22879377736026013
256000,0.22712456608412004
257000,0.22810225937742734
258000,0.22759467505301964
259000,0.228247267427818
260000,0.22578805839952498
261000,0.2270267424643025
262000,0.22644650263911742
263000,0.22689376067452185
264000,0.22544828462850222
265000,0.22469256306767058
266000,0.22499928302258065
267000,0.2244831440950775
268000,0.22432145712708193
269000,0.2238541955219065
270000,0.22290776138398002
271000,0.22221662521240315
272000,0.22270868967203558
273000,0.22197273334384734
274000,0.22227703806567325
275000,0.22381757358563242
276000,0.22344339186978346
277000,0.2231806694647779
278000,0.22385576571779203
279000,0.22533693386738912
280000,0.22604330184552046
281000,0.22516805510337687
282000,0.22385278755324442
283000,0.22470991551432148
284000,0.22290437348529277
285000,0.22248797143029286
286000,0.22238247870354053
287000,0.223499791456388
288000,0.22473617767711387
289000,0.22246290756720838
290000,0.22110600011582057
291000,0.22179378772953
292000,0.22195782359939348
293000,0.22175702820979695
294000,0.22218051381957024
295000,0.22175371236279623
296000,0.22257340401960432
297000,0.22251851038250978
298000,0.22086421051908903
299000,0.22112904750393117
300000,0.22025278836044385
301000,0.22040043513962423
302000,0.22036288289675784
303000,0.21869503318968475
304000,0.21761728934829275
305000,0.21693984473131905
306000,0.21829445521626809
307000,0.2163242821388968
308000,0.2167210118416009
309000,0.21790805405853955
310000,0.21638914396753578
311000,0.2163953828249762
312000,0.21777030531505154
313000,0.21742230938275173
314000,0.21601961370091088
315000,0.21363516124948426
316000,0.21209066226040654
317000,0.21090436251575795
318000,0.21046681932196298
319000,0.20975831083037413
320000,0.2096747109191836
321000,0.21090062943501284
322000,0.2115978455212491
323000,0.21226856869986227
324000,0.21286977790606504
325000,0.2116918022759835
326000,0.21038516126275217
327000,0.21085126016191755
328000,0.20667244654685754
329000,0.20626244734775648
330000,0.20530590838776075
331000,0.20582771588788143
332000,0.20504071108452995
333000,0.2045228775759687
334000,0.2051279183518889
335000,0.2040026719514873
336000,0.20414267415954385
337000,0.2033424990949133
338000,0.20158422598608788
339000,0.20221360799981813
340000,0.19980609452866335
341000,0.19933036256280945
342000,0.20045772181402272
343000,0.19954297206886246
344000,0.19961196136373652
345000,0.19890489122734234
346000,0.19828062664975118
347000,0.19842161654975535
348000,0.1991323828055844
349000,0.19903484457536902
350000,0.19888588124288004
351000,0.19983528060976066
352000,0.19915367003332657
353000,0.1977464388739546
354000,0.1972037014256307
355000,0.19568984761457095
356000,0.1956799565440131
357000,0.19583212127609653
358000,0.19471431869506647
359000,0.19521250976990415
360000,0.1953774401452941
361000,0.1960110817995588
362000,0.19640463847095763
363000,0.19611146968376422
364000,0.19649408040603658
365000,0.19594439117383702
366000,0.19532493122296843
367000,0.19577172030440299
368000,0.19687173310633363
369000,0.1957053364456492
370000,0.19548325842146977
371000,0.19405708672193078
372000,0.19396104900302527
373000,0.19428745476097822
374000,0.19327088454697977
375000,0.19182417615490469
376000,0.19054205709059913
377000,0.19114638120539096
378000,0.190931728608016
379000,0.19098416768695983
380000,0.19072204657279687
381000,0.1936234790709646
382000,0.19391873866981738
383000,0.1937487693806334
384000,0.1906988192563843
385000,0.1902162846868885
386000,0.19283043514604536
387000,0.1932566406451785
388000,0.19113177489572342
389000,0.1921606877874428
390000,0.19216600091198288
391000,0.19293551899157424
392000,0.19247511495498743
393000,0.19106566748581216
394000,0.19052678864406158
395000,0.19035209012789397
396000,0.19198988416454638
397000,0.19277336009425053
398000,0.19229979193029123
399000,0.19264833619328528
400000,0.19332717990342577
401000,0.19347742160691214
402000,0.1949584925969745
403000,0.19294558672152343
404000,0.19174433210653696
405000,0.19093847645028647
406000,0.19367224666260247
407000,0.1931186069599487
408000,0.19285330880173587
409000,0.19339687426287558
410000,0.1944350476722324
411000,0.1965269810816169
412000,0.19614089041115043
413000,0.19471403752038033
414000,0.19333575720032178
415000,0.1922614768326276
416000,0.19084106592900962
417000,0.1903914786077494
418000,0.19104966431502202
419000,0.19045779371423868
420000,0.1894019638768206
421000,0.18898147784927305
422000,0.1901792777023881
423000,0.19161039020792836
424000,0.19046283595198837
425000,0.19024791994717766
426000,0.19190686069472193
427000,0.19029320889955695
428000,0.18925127774274167
429000,0.1886581535385733
430000,0.18939335873684734
431000,0.18892892466733968
432000,0.19013086538590926
433000,0.19071142461979887
434000,0.19059409601442873
435000,0.19171994717172242
436000,0.190056941426736
437000,0.1905394167015942
438000,0.19160613994771858
439000,0.19168516291452584
440000,0.1899220355286385
441000,0.18925015231798273
442000,0.1882291355557459
443000,0.18740381231424555
444000,0.18637432424861095
445000,0.18586075891693685
446000,0.18596654666477097
447000,0.18711760149258186
448000,0.18616538329373286
449000,0.18517274832857208
450000,0.18361079946969247
451000,0.18174090971403528
452000,0.18164199423550825
453000,0.18162286653583692
454000,0.1820663168277358
455000,0.18089752330083006
456000,0.181600201370677
457000,0.1826315298919486
458000,0.18049849418289712
459000,0.17960124746213615
460000,0.179996166825899
461000,0.1809354141374304
462000,0.1814405942349084
463000,0.18043599828044135
464000,0.18038566018754154
465000,0.1796303996530099
466000,0.17904460488978075
467000,0.179914386579413
468000,0.17893583477560718
469000,0.1790910001937697
470000,0.17935186837654232
471000,0.1791992314067476
472000,0.17929179207718093
473000,0.17851838753914434
474000,0.17863763019164555
475000,0.1796194454087598
476000,0.18042183104108322
477000,0.18042889463181758
478000,0.18008030438233785
479000,0.17905609999088296
480000,0.17976964670528175
481000,0.17890418367941308
482000,0.1781271752028277
483000,0.1782359710285876
484000,0.17767273807854356
485000,0.1763345261742751
486000,0.1759645548935714
487000,0.17636401021072665
488000,0.17710852712237085
489000,0.17886809855395835
490000,0.17950382328967768
491000,0.17935916859642478
492000,0.17942812615542597
493000,0.18007850110558102
494000,0.1796267489750684
495000,0.1787665957855737
496000,0.17803709898296166
497000,0.1789926994637569
498000,0.17867707936760474
499000,0.1790336883477426
500000,0.17839567082289273
501000,0.17714126966733426
502000,0.1776899213256501
503000,0.17960360846945536
504000,0.17924576699557138
505000,0.17854280554203428
506000,0.17876281921665277
507000,0.17840486350136428
508000,0.1773078838057301
509000,0.17665325796175343
510000,0.17721764714891391
511000,0.17678815086107
512000,0.17745686114152703
513000,0.17787687709788466
514000,0.17628882150288108
515000,0.17709581877287164
516000,0.17764182802503792
517000,0.17770320447105814
518000,0.17761986328333756
519000,0.17638462814563655
520000,0.17611019888154636
521000,0.17803377427828973
522000,0.17907816564967857
523000,0.17848969273331655
524000,0.1771420383778465
525000,0.1755975820242228
526000,0.1753950273536555
527000,0.17639290049796177
528000,0.17663001476743642
529000,0.17648244235977567
530000,0.17597746645549348
531000,0.17839408926083714
532000,0.1790131152182927
533000,0.17867642022374308
534000,0.1790607339497951
535000,0.17783726220086002
536000,0.1782347451678794
537000,0.17874652328195986
538000,0.176480898372662
539000,0.17680724931757624
540000,0.17863557538033636
541000,0.17767327037824338
542000,0.17740891264959374
543000,0.1784254514184785
544000,0.17842441503032977
545000,0.17789681321122514
546000,0.17852736488182297
547000,0.17724604182041076
548000,0.17733716232749708
549000,0.17717714731703052
550000,0.17799800606918995
551000,0.17653619194141681
552000,0.17627739228241737
553000,0.17578280060682971
554000,0.17507478374598498
555000,0.17264363445633701
556000,0.17075745435795728
557000,0.17039956448641988
558000,0.17059818422642456
559000,0.17005842626201365
560000,0.16915827590288052
561000,0.1659742433614367
562000,0.16658023459118193
563000,0.1670187537983546
564000,0.16601406109830963
565000,0.16605139805968913
566000,0.167058406259457
567000,0.16742973783006931
568000,0.16847789799186788
569000,0.16789114852631354
570000,0.1668687008185425
571000,0.1670096287892965
572000,0.16695522063110582
573000,0.1653057605028254
574000,0.1645980567777649
575000,0.1650780665726155
576000,0.16509177396227262
577000,0.16605932089150893
578000,0.16580861343962858
579000,0.16480107241662545
580000,0.1633413462573646
581000,0.16269976654379623
582000,0.16263021585348514
583000,0.16221524496992937
584000,0.16216712734505118
585000,0.16158718380148765
586000,0.16251277911375347
587000,0.16302688518271186
588000,0.16241385649224338
589000,0.16174112971755886
590000,0.16169535727040774
591000,0.16126273121006302
592000,0.16137762525938582
593000,0.1608651323141088
594000,0.15884336160327903
595000,0.1579260319391991
596000,0.15845445128915184
597000,0.15941329943896979
598000,0.1579156412214959
599000,0.1595629858686683
600000,0.15998649335092358
601000,0.1610150247134431
602000,0.16135336822792062
603000,0.16140577482362028
604000,0.1604033645802359
605000,0.15945836426597026
606000,0.15907731449306473
607000,0.15861447014802557
608000,0.15735078096380187
609000,0.15796363642795694
610000,0.1594768351685877
611000,0.15908306126241392
612000,0.15777464835058355
613000,0.15858776682643855
614000,0.1599670370533027
615000,0.15868492338102208
616000,0.15777639329670132
617000,0.1565096163159145
618000,0.1581150703427563
619000,0.15709071605625832
620000,0.15761838183216956
621000,0.1565024244198234
622000,0.15647267845475324
623000,0.1569600265147352
624000,0.15791336821235893
625000,0.15805292579467406
626000,0.15693408526861077
627000,0.15710587601247322
628000,0.15738404939585326
629000,0.15638150986692284
630000,0.1565190260749373
631000,0.15652283753668997
632000,0.15562437697198078
633000,0.15494864582696669
634000,0.15401648703165943
635000,0.15268557791593787
636000,0.15227860595824755
637000,0.1536841936450703
638000,0.15257339987544902
639000,0.15328793118978906
640000,0.15385177923369847
641000,0.15286694639431808
642000,0.1519317910148207
643000,0.15148060202219676
644000,0.1504040983223002
645000,0.14926074557568525
646000,0.14771991522024422
647000,0.1492657716286389
648000,0.14929355412225848
649000,0.14867232658026833
650000,0.14801738058212835
651000,0.14769930000411657
652000,0.14765975013301516
653000,0.14767514304183485
654000,0.14698815247910915
655000,0.14733105765008603
656000,0.1476448049800594
657000,0.1475154095173632
658000,0.14745680280151283
659000,0.14892519173424928
660000,0.14802607576005486
661000,0.14758933530019333
662000,0.14636633468571403
663000,0.14564217005493782
664000,0.14666343584587457
665000,0.14640703465339414
666000,0.14562842227509162
667000,0.14549294526376003
668000,0.14573213387414732
669000,0.1459330723535541
670000,0.1441585146495072
671000,0.14451744866305233
672000,0.14603854620181045
673000,0.1450509336960401
674000,0.143873420601718
675000,0.14383339053823785
676000,0.1444900309086537
677000,0.14411243252892364
678000,0.14294918254359484
679000,0.14350470625859754
680000,0.14441352736972807
681000,0.14488131115047256
682000,0.14411458348628242
683000,0.14396253811402634
684000,0.14438566736096697
685000,0.1432036304986401
686000,0.14338544639775758
687000,0.14308134553032972
688000,0.1436804565258414
689000,0.14339915301255393
690000,0.1431813787659526
691000,0.14315966220420714
692000,0.14184005644430914
693000,0.14159843523471516
694000,0.14126555503812163
695000,0.14180665424777952
696000,0.14126371452121433
697000,0.14010442472700088
698000,0.13783702550926422
699000,0.13839248745673352
700000,0.13811994395100016
701000,0.13750778293354735
702000,0.1367724338195047
703000,0.13659730457686062
704000,0.13690311015768755
705000,0.13856119714621906
706000,0.13668549200738397
707000,0.13576198369836193
708000,0.1360345728071863
709000,0.13398217850999355
710000,0.13413141667784675
711000,0.13344890793647687
712000,0.1325937569048898
713000,0.13262980882698963
714000,0.13330783895481182
715000,0.13265182603096495
716000,0.1346077551638628
717000,0.1340822450820005
718000,0.1333193487218436
719000,0.1330450050435767
720000,0.13229161664938618
721000,0.13183688909245636
722000,0.13175847416248332
723000,0.13294169824911248
724000,0.13331459205418242
725000,0.13357377097327064
726000,0.13356551913794593
727000,0.13390118847842494
728000,0.13405332524512895
729000,0.13472653648577393
730000,0.13642158394643222
731000,0.1364924293403186
732000,0.13515471628204306
733000,0.13432155228856385
734000,0.13411226972929038
735000,0.1344945358226408
736000,0.13390766174089935
737000,0.1353084310399034
738000,0.13529953480563658
739000,0.13473603713757182
740000,0.13559126751717773
741000,0.13662839964672804
742000,0.13514151611184938
743000,0.1342805377979065
744000,0.13489130933114354
745000,0.13388857308762914
746000,0.1347208191890912
747000,0.13400263631941187
748000,0.13462582147176272
749000,0.133439179538014
750000,0.13325951908652825
751000,0.13154115645897302
752000,0.13131646618605178
753000,0.13040690209727007
754000,0.1299384142700058
755000,0.12959460504199627
756000,0.13027146285444377
757000,0.1297835748742782
758000,0.12906845476137152
759000,0.1287759345493281
760000,0.12882021802310642
761000,0.1299009212740358
762000,0.1301626134698593
763000,0.12901020898171758
764000,0.12813000187024906
765000,0.12760468445800827
766000,0.12671945237474586
767000,0.1259625502852078
768000,0.12556623667199596
769000,0.12364304130269797
770000,0.12307574646700484
771000,0.12256504384966291
772000,0.12271751970906675
773000,0.1240089684350209
774000,0.1222133895442105
775000,0.12092294012073357
776000,0.12291006973307822
777000,0.12283377453451266
778000,0.1222250388789242
779000,0.12152935738997915
780000,0.12066250090202137
781000,0.12079166522288116
782000,0.12159825432459971
783000,0.1228167858463051
784000,0.12131661228383317
785000,0.12288192799551464
786000,0.12188587834304758
787000,0.12156992498357706
788000,0.12264676336346608
789000,0.12260601317945097
790000,0.12209459571783325
791000,0.12139939089884941
792000,0.12212595604912926
793000,0.12273949490457178
794000,0.12216460928162838
795000,0.12315633871412288
796000,0.12314604566020768
797000,0.12275438262186569
798000,0.12330556391307222
799000,0.12264977489274445
800000,0.12305621349958412
801000,0.12369391376004105
802000,0.12572187864407194
803000,0.12412123150513776
804000,0.12372374762326285
805000,0.12331296588225875
806000,0.12372977925819402
807000,0.12347764160781079
808000,0.12359444107060023
