1000,0.9604474797621574
2000,1.0358522682038003
3000,1.0905835340139418
4000,1.026876691951064
5000,1.0030060987673028
6000,0.9895091764938603
7000,0.9667452935242433
8000,0.9100486722348318
9000,0.8986152198094834
10000,0.8694317785776302
11000,0.871513377527811
12000,0.890716755646334
13000,0.8780682072717063
14000,0.8723646699061006
15000,0.8502808911482517
16000,0.842692790814237
17000,0.8361114876996356
18000,0.8228202384190161
19000,0.8059635149924029
20000,0.7770939703742172
21000,0.7648928904504593
22000,0.7509641822822287
23000,0.7355086101007694
24000,0.7144591667693994
25000,0.6926310317855171
26000,0.6857017399801135
27000,0.6657195258108032
28000,0.65958242670549
29000,0.6426622578286171
30000,0.624968798199317
31000,0.612960926831159
32000,0.5998712314784072
33000,0.5875344489102493
34000,0.5830294460402847
35000,0.5773365514799735
36000,0.5773446588243212
37000,0.5658510560998108
38000,0.5554494683790623
39000,0.5457404119950812
40000,0.540643857320118
41000,0.540961030434147
42000,0.5327381026903041
43000,0.522886705661684
44000,0.5167376048047164
45000,0.5115143202249941
46000,0.5024507855345197
47000,0.4995625453337287
48000,0.49313008948027226
49000,0.4923226944536212
50000,0.48819441311788503
51000,0.4836649076084948
52000,0.47600011977382173
53000,0.4715101955392633
54000,0.4712289479561581
55000,0.4697428582662122
56000,0.4693430787765693
57000,0.4655791019516118
58000,0.4612902553509701
59000,0.4588864141492847
60000,0.457507171658336
61000,0.45637772005947325
62000,0.4506149054992422
63000,0.44709210453288073
64000,0.4431161339263753
65000,0.4370219538080229
66000,0.4370307518498242
67000,0.4329252210399506
68000,0.42738656095134836
69000,0.422515390858067
70000,0.419085846107416
71000,0.4172585263103715
72000,0.41939532708000926
73000,0.4197739920063013
74000,0.4177985121096467
75000,0.4133198617169729
76000,0.4119951814099645
77000,0.4071709154458176
78000,0.4025231785266348
79000,0.40296499528432717
80000,0.4004800063805898
81000,0.4006345405405366
82000,0.39849440797132396
83000,0.39828190715924455
84000,0.39498736558078895
85000,0.3929235424493993
86000,0.397942135316443
87000,0.396539182324207
88000,0.3956715779910401
89000,0.3948517805981307
90000,0.3943942616624346
91000,0.3941247406597791
92000,0.394935594313285
93000,0.39485921143760383
94000,0.3924862977788424
95000,0.39120136052421994
96000,0.38725401178552926
97000,0.38470106709502305
98000,0.38607620627673345
99000,0.38589060365433064
100000,0.3837754052966607
101000,0.3775673562422054
102000,0.3701647149183833
103000,0.359962857921792
104000,0.3549212515408765
105000,0.3489261298334552
106000,0.3460858625624295
107000,0.33906795891003083
108000,0.33452557037951275
109000,0.3291918082225151
110000,0.32479673568903716
111000,0.31703728669460063
112000,0.3079794227603702
113000,0.30206785409816017
114000,0.2976473222841885
115000,0.29432671622128576
116000,0.29083516644538665
117000,0.2853736359325807
118000,0.28103208180546085
119000,0.2768073145205789
120000,0.2773873230347714
121000,0.27595570983698814
122000,0.2731647581829408
123000,0.27108004956232384
124000,0.2752750962195261
125000,0.2802766771123511
126000,0.27641856246332647
127000,0.27751239526556365
128000,0.2733193213498365
129000,0.2752288692895914
130000,0.2765482554486218
131000,0.277507692699222
132000,0.2786547167007772
133000,0.2793387984633828
134000,0.27952862618384733
135000,0.27620533302537803
136000,0.2747661839182281
137000,0.2755311164565393
138000,0.2759434383808009
139000,0.27944551286764463
140000,0.27714561296750223
141000,0.2736138123807523
142000,0.27337553493465505
143000,0.27306947925323727
144000,0.2735028214090693
145000,0.2726772245149058
146000,0.2737054105634758
147000,0.271104245461967
148000,0.27210819733082653
149000,0.27064450003791435
150000,0.2728379288928899
151000,0.2736119058195689
152000,0.27605665561542964
153000,0.27644183969497504
154000,0.27211915528246244
155000,0.26977826741024136
156000,0.2663926045151301
157000,0.26686253898421386
158000,0.2705099685470078
159000,0.2713686347701364
160000,0.2704946595910297
161000,0.26962585209419887
162000,0.27226980717017935
163000,0.27136567311611953
164000,0.2712419024408423
165000,0.271989546001834
166000,0.2692687908102269
167000,0.2698714426775939
168000,0.2711694791766777
169000,0.27339487025923026
170000,0.272597521586074
171000,0.27340588762014884
172000,0.2695878030349251
173000,0.2688158550859896
174000,0.2703763514732573
175000,0.27017192926373756
176000,0.26770734608405516
177000,0.2691908988725649
178000,0.271297043548937
179000,0.2694949678713732
180000,0.2699995831482854
181000,0.2673068198712892
182000,0.26851319423869163
183000,0.2679497225561594
184000,0.26785835613603654
185000,0.271982107233934
186000,0.2656955101077879
187000,0.2665340097128587
188000,0.26460537274425494
189000,0.26347922321110107
190000,0.26241434308257316
191000,0.2595435843384956
192000,0.25493018004122997
193000,0.2538284751543997
194000,0.25563003965585035
195000,0.25706338069995244
196000,0.26108683018919876
197000,0.2616357780717593
198000,0.2566352314614463
199000,0.25512654623648556
200000,0.2543381650011601
201000,0.2529724874259708
202000,0.25121610408716716
203000,0.25358789970353196
204000,0.2523669802792648
205000,0.2506544979295616
206000,0.2469002568465673
207000,0.2503956780592035
208000,0.25201955377104496
209000,0.251055698328357
210000,0.2523143873397049
211000,0.25237715764405044
212000,0.2534073425646575
213000,0.2526070718438893
214000,0.25408213508725636
215000,0.2521712753563981
216000,0.24967775277035947
217000,0.25345296014717983
218000,0.2542388505371217
219000,0.2567330758738329
220000,0.25576137267625915
221000,0.25617648949525346
222000,0.25454175048534344
223000,0.25514366498106156
224000,0.2513245937414016
225000,0.24754037360269127
226000,0.24924404770453412
227000,0.2500374420457423
228000,0.24991808249718736
229000,0.24678999453855863
230000,0.24606172509535867
231000,0.24480436032376585
232000,0.24313323352479038
233000,0.24068600365689952
234000,0.2371957924939098
235000,0.23898629048686268
236000,0.24111314704499043
237000,0.2396508146235891
238000,0.23889284050811302
239000,0.23601370911748987
240000,0.2375509308507753
241000,0.2364697987068032
242000,0.2360196485184015
243000,0.23763286290172816
244000,0.2352581579770151
245000,0.23633825403212194
246000,0.23698233307931502
247000,0.23821646158849646
248000,0.238732978203021
249000,0.23693222149396326
250000,0.23408482741187908
251000,0.23449388082154177
252000,0.2334330576960442
253000,0.2316316477707644
254000,0.23246042292374405
255000,0.2329653412601345
256000,0.23210213201769395
257000,0.2318387636241482
258000,0.22752513764173807
259000,0.22637780512866965
260000,0.22474010036464878
261000,0.22451826978909134
262000,0.22179015093387966
263000,0.22310104085342622
264000,0.22147335877250904
265000,0.22042808155297983
266000,0.22287392002892187
267000,0.2207950419125845
268000,0.22027727786029025
269000,0.2191925981142227
270000,0.21951297094818306
271000,0.21785420912381176
272000,0.2201559288585445
273000,0.21836261504125082
274000,0.21612432215312277
275000,0.21842245232749546
276000,0.21819103653915448
277000,0.21718032988898126
278000,0.2178519718455845
279000,0.21696329153064364
280000,0.21615911440967
281000,0.21600935721629821
282000,0.21653253032097539
283000,0.21558896879629083
284000,0.21472212665447768
285000,0.2097068097450662
286000,0.2103687310057954
287000,0.21013828064361634
288000,0.21113945825149386
289000,0.21119870690980025
290000,0.20969195625023745
291000,0.21237394793554587
292000,0.21579873774604721
293000,0.21438725326046643
294000,0.21385030586350984
295000,0.20977787305313608
296000,0.20745937858607402
297000,0.20952782435369938
298000,0.21097508567912648
299000,0.21215264987506952
300000,0.2116652189702605
301000,0.21333039648597982
302000,0.2121511420538779
303000,0.208155376885429
304000,0.20767774395960137
305000,0.20759350091750153
306000,0.20824330872977506
307000,0.20369939395116893
308000,0.20374857489451803
309000,0.20551725991950826
310000,0.20500804495857294
311000,0.20573914954992983
312000,0.20448933290070542
313000,0.2041435153986544
314000,0.20118437381781565
315000,0.20226254633858678
316000,0.20136046266038252
317000,0.19753010052635125
318000,0.1971983139235748
319000,0.19444447374650553
320000,0.19463344868336332
321000,0.19489946343549525
322000,0.197457621458208
323000,0.19694613669775007
324000,0.19531396913108637
325000,0.19391508722731202
326000,0.19400776270070383
327000,0.19226489489995272
328000,0.19221632100423774
329000,0.1922962189571178
330000,0.1918990857053845
331000,0.19128984986548192
332000,0.19241516895284388
333000,0.19294579995296474
334000,0.19429143014591813
335000,0.1930187991857
336000,0.18739483831289652
337000,0.18674689202612713
338000,0.18857486526372594
339000,0.18849969504786326
340000,0.18723960903463707
341000,0.18727464984507247
342000,0.18730343927436888
343000,0.18716812750027711
344000,0.1885283042346373
345000,0.1856025598608676
346000,0.1831466542573144
347000,0.182442710447146
348000,0.1816978319196994
349000,0.18158153025884502
350000,0.1807278574967027
351000,0.17994123758310293
352000,0.17959935008917963
353000,0.1799188263456777
354000,0.182173088789247
355000,0.1804203696554763
356000,0.18047346138322554
357000,0.18021108751322884
358000,0.18091558998069238
359000,0.17891022965852868
360000,0.1802566698025601
361000,0.1792636832583639
362000,0.18134027529640093
363000,0.180006022842398
364000,0.18184032461134497
365000,0.1831700776273525
366000,0.17927214761854326
367000,0.18030359123054587
368000,0.1816428962393973
369000,0.1808929309420347
370000,0.1804521523781977
371000,0.18054310581375718
372000,0.17869923018915287
373000,0.18059586175765535
374000,0.18052609667601435
375000,0.17813122310063326
376000,0.17954095830169914
377000,0.17970228383969294
378000,0.17764909792499795
379000,0.1776876918496345
380000,0.17664434144799354
381000,0.1798236351416293
382000,0.17755299580305217
383000,0.1769769713329307
384000,0.17869969223481694
385000,0.18093365203757042
386000,0.18406976341875508
387000,0.1842569957268912
388000,0.1838551738771008
389000,0.18363045235636047
390000,0.1827843207323196
391000,0.18122630249377655
392000,0.1800110918361928
393000,0.1803444723156278
394000,0.1786346646984095
395000,0.1794998372794637
396000,0.179714673652378
397000,0.17885483488973236
398000,0.17810324951006185
399000,0.1792421575222947
400000,0.1796596946846163
401000,0.17619824846469284
402000,0.17846949511227467
403000,0.17877741679329148
404000,0.17832250891490045
405000,0.1787777244729492
406000,0.17891497802934925
407000,0.18041181684079668
408000,0.17893051458583972
409000,0.17744161889927826
410000,0.17836306381248052
411000,0.17806705153068073
412000,0.17764331047938686
413000,0.17757737008907967
414000,0.17629672945988625
415000,0.17682124967303633
416000,0.17726716541680712
417000,0.17624415869250157
418000,0.1762125828334631
419000,0.1774998605559014
420000,0.17568522278232576
421000,0.17201205524646362
422000,0.17208088748294026
423000,0.17305231489997305
424000,0.17282616369105797
425000,0.17394995588818135
426000,0.17255782980837103
427000,0.17128199573117453
428000,0.17212951098693577
429000,0.17175013254625043
430000,0.17271972225314997
431000,0.17284293623549538
432000,0.17354479582358406
433000,0.17528865801555799
434000,0.17444172252346618
435000,0.17780417652528904
436000,0.17727564118560094
437000,0.17905712122890372
438000,0.17784447550250956
439000,0.17792615551354982
440000,0.1777702879456888
441000,0.1787807748986786
442000,0.17914333917912093
443000,0.1796193988353931
444000,0.1799354887747604
445000,0.1809098320770684
446000,0.18177940843140322
447000,0.18260391261713926
448000,0.1816123117178046
449000,0.18057530516322912
450000,0.17951732995468472
451000,0.17732993718696247
452000,0.1757852103711293
453000,0.17555907757972375
454000,0.17328952842082282
455000,0.17311894004255754
456000,0.17406144114302777
457000,0.17331159730311715
458000,0.17187548069642475
459000,0.17252380444713544
460000,0.1719268800242836
461000,0.17116457149740158
462000,0.17165263293300378
463000,0.17114285099574045
464000,0.1713326148804901
465000,0.1719051033009021
466000,0.17177304357953396
467000,0.17160178716406266
468000,0.17085612744520898
469000,0.17231683627236363
470000,0.17282726814386
471000,0.17596651723095919
472000,0.17579128448412423
473000,0.17269931149513926
474000,0.1712173881527365
475000,0.17299394861692285
476000,0.17264275424616304
477000,0.17246277435172377
478000,0.17282531326753275
479000,0.17172086277519874
480000,0.1737761466775882
481000,0.17026137484147716
482000,0.16872309591769832
483000,0.16766082081949635
484000,0.1676629838125933
485000,0.16521283229456304
486000,0.1599751768995443
487000,0.1573274050200718
488000,0.15655952423444172
489000,0.15852712491386733
490000,0.1594674656254113
491000,0.15776078673263885
492000,0.1560406652118321
493000,0.15584063887598845
494000,0.15739948516988223
495000,0.15688097783230245
496000,0.15640567755860257
497000,0.15587274191888947
498000,0.1561904886983321
499000,0.15250235147473853
500000,0.15171600887231518
501000,0.15198657314520997
502000,0.15201606505307455
503000,0.1553342430092601
504000,0.15436728709127617
505000,0.15346487998018402
506000,0.15135514628592692
507000,0.15085305224522547
508000,0.1506372347930274
509000,0.14881354502669333
510000,0.14664854346162384
511000,0.14637876240657222
512000,0.146912370291375
513000,0.1476500602032615
514000,0.1477202917149805
515000,0.14723804547724254
516000,0.1490693129558043
517000,0.1487376704334668
518000,0.14989570892654167
519000,0.1481618642650987
520000,0.14939528067695
521000,0.15096377156017668
522000,0.1497358082142121
523000,0.14698105171002754
524000,0.14706557168377163
525000,0.14468441878044622
526000,0.14661596018581513
527000,0.14779286802961525
528000,0.14670715845732984
529000,0.14765013884811412
530000,0.14654431310153326
531000,0.14796529835817068
532000,0.14626816762798944
533000,0.1447990246435008
534000,0.14744235711022344
535000,0.1448359525927546
536000,0.14723236935210707
537000,0.14657496271931428
538000,0.14505600001794575
539000,0.14403321130784744
540000,0.1458439563351397
541000,0.14394809135110728
542000,0.14344791842011717
543000,0.14358922946311153
544000,0.14137870239580752
545000,0.14194410786358458
546000,0.14308367429251093
547000,0.140980924598133
548000,0.14044655408475812
549000,0.14142819634195816
550000,0.14429282108668684
551000,0.14395367964000855
552000,0.1439902732366922
553000,0.14559631349417765
554000,0.14541965712185556
555000,0.1459267313841017
556000,0.1448150053787905
557000,0.14378677036576518
558000,0.14501194052677036
559000,0.14371560905724443
560000,0.14231820368209833
561000,0.14203224010806378
562000,0.1390348109097879
563000,0.1401725218417901
564000,0.1381547179882618
565000,0.13761031334945745
566000,0.13870851684971017
567000,0.13811624699345296
568000,0.13719946426054724
569000,0.13540611355677387
570000,0.13517581782941057
571000,0.13353542457453416
572000,0.1316245244654937
573000,0.1326421551319939
574000,0.13302689111588473
575000,0.13137280514461486
576000,0.13112238203941473
577000,0.13243324723400354
578000,0.13305966776809686
579000,0.13324322235509167
580000,0.13213642652393348
581000,0.13127758428419606
582000,0.13115684211394393
583000,0.13286045425696147
584000,0.1346661032877804
585000,0.13526905291067867
586000,0.13569486569805897
587000,0.13667393815136342
588000,0.13708375300547324
589000,0.13348000639197163
590000,0.13250379039716684
591000,0.13242469881176389
592000,0.1343693853107495
593000,0.13392554659329037
594000,0.1312685026566141
595000,0.13238811056008654
596000,0.13188271821317882
597000,0.13080635544256883
598000,0.1304029939844692
599000,0.13051548032697438
600000,0.13170869844843902
601000,0.1337028978232795
602000,0.13387972506302107
603000,0.13189891916688248
604000,0.13384541646654965
605000,0.1344246132282383
606000,0.13442319792704036
607000,0.13418728251085332
608000,0.1337398458972253
609000,0.1345418269459748
610000,0.1351858892535532
611000,0.1342065615199712
612000,0.13266685385286758
613000,0.13472524131367403
614000,0.13551061199406703
615000,0.13440693468262624
616000,0.13250590231500484
617000,0.13224368237880238
618000,0.13262301230091145
619000,0.13276993506332496
620000,0.13373842923583537
621000,0.13214867941239056
622000,0.13115387218066543
623000,0.13126068916776454
624000,0.13139882921575796
625000,0.13200910330314106
626000,0.13079677805679074
627000,0.12951197087151717
628000,0.13081916664552046
629000,0.13031583469897223
630000,0.130012700388924
631000,0.1269087494693501
632000,0.12577134910223794
633000,0.1266751698923553
634000,0.12325197220826434
635000,0.1216233152193325
636000,0.11900436771601776
637000,0.11917234550176613
638000,0.11997223592173901
639000,0.12084553752214248
640000,0.11847862991926
641000,0.11922036797008011
642000,0.11817156928461278
643000,0.11627881333224231
644000,0.11833822952200623
645000,0.11691465679349787
646000,0.11482697942037097
647000,0.11591926721598793
648000,0.11820666479205716
649000,0.11776399307402666
650000,0.11478504590854975
651000,0.1156161753116335
652000,0.11662745891071219
653000,0.11426833667302368
654000,0.11458796897178843
655000,0.11540919531924047
656000,0.11871828800799258
657000,0.1186205075935367
658000,0.11803726083894853
659000,0.11929096448765952
660000,0.11881958111016373
661000,0.1205117789784313
662000,0.12021608789952026
663000,0.11937185978452179
664000,0.12199849893063729
665000,0.12085916478079253
666000,0.11978076844802688
667000,0.11957512055178347
668000,0.11960530727457729
669000,0.11957654068726657
670000,0.11845359538269634
671000,0.1160007428115996
672000,0.1182341070917691
673000,0.11838713379126815
674000,0.11765379223227194
675000,0.11918003199398239
676000,0.11899472116502426
677000,0.11711954466578661
678000,0.11521664515984162
679000,0.11668512875839633
680000,0.1155248883658817
681000,0.11676629132099339
682000,0.11726163155761361
683000,0.11617322598339223
684000,0.11330676032913611
685000,0.1116671478311058
686000,0.11118760161655285
687000,0.10998607162006957
688000,0.11000719138377775
689000,0.10981303324536418
690000,0.1104522427508192
691000,0.11041276123960132
692000,0.10860545492139756
693000,0.10941567093246064
694000,0.11047249889084022
695000,0.1093969612304422
696000,0.10877828856518695
697000,0.10730823111809216
698000,0.10655600503859151
699000,0.1060899361515522
700000,0.10535945267580805
701000,0.10365438760573496
702000,0.10198200635199972
703000,0.10062337421864825
704000,0.09994624747737811
705000,0.10257690306604074
706000,0.10139533376951652
707000,0.10206759732512867
708000,0.10407696197024202
709000,0.1033191622371466
710000,0.10223710227227749
711000,0.10196056960476221
712000,0.10269307077703302
713000,0.0998899580961166
714000,0.0995497854140035
715000,0.09962340784136042
716000,0.10020502783647546
717000,0.10026245180046979
718000,0.09802746511304282
719000,0.09985985172720484
720000,0.09746301555247805
721000,0.09742893811571826
722000,0.09814867551343369
723000,0.099758017215624
724000,0.100230334784353
725000,0.10140530878931374
726000,0.09928980521733269
727000,0.10028495569525969
728000,0.100821847211913
729000,0.10192931237840594
730000,0.10233531446136969
731000,0.1024592594111181
732000,0.10216185776601497
733000,0.10165380498002928
734000,0.10180059810886996
735000,0.10334699916854831
736000,0.10352214891702999
737000,0.10533368874662213
738000,0.10418215207496054
739000,0.10197942652731164
740000,0.10315616935329225
741000,0.10341900385254668
742000,0.10363831380609352
743000,0.10373742546649331
744000,0.10388101822668365
745000,0.10374987303330882
746000,0.10474475026620786
747000,0.10413775768420086
748000,0.10133343507512484
749000,0.10081941576551726
750000,0.10229112533388371
751000,0.1011515071786236
752000,0.1005904070428371
753000,0.100350225098041
754000,0.09997198985684806
755000,0.09876722531025513
756000,0.09636423667865521
757000,0.0960239547004685
758000,0.0947114523523194
759000,0.09348145509282599
760000,0.09351028602975064
761000,0.09231116293951766
762000,0.09346242228186279
763000,0.09301569200669536
764000,0.09066388352274968
765000,0.09077829053026792
766000,0.09084890034853074
767000,0.09175831618112741
768000,0.09162119236790985
769000,0.09104545741681296
770000,0.09146249372854831
771000,0.09172169334288495
772000,0.09005457156463915
773000,0.08860252968545458
774000,0.0885761625447744
775000,0.08649224235011735
776000,0.08782772134188149
777000,0.08766730251126063
778000,0.08803072199554804
779000,0.08618094687896843
780000,0.08575711955907604
781000,0.08552228064816826
782000,0.08583587161893336
783000,0.085891843221323
784000,0.08554868647196431
785000,0.08675539119850316
786000,0.08713349361145074
787000,0.08692146533128649
788000,0.08693359229026464
789000,0.08782765613360562
790000,0.08719876036693475
791000,0.08798630584382784
792000,0.08857295112607179
793000,0.08801133990428658
794000,0.08703868342398358
795000,0.08849676744058049
796000,0.0885463174637026
797000,0.08858308752918154
798000,0.08950392741025148
799000,0.09015912245444745
800000,0.09025981547588025
801000,0.09192202276376696
802000,0.09195235606759783
803000,0.09157746207299161
804000,0.09025349466903393
805000,0.089003667508225
806000,0.09084428358241824
807000,0.08938529450340095
808000,0.08842751603237278
