6000,0.4183436074481901
6000,0.4183436074481901
6000,0.4183436074481901
6000,0.4183436074481901
10000,0.24545258401247755
10000,0.24545258401247755
10000,0.24545258401247755
10000,0.24545258401247755
14000,0.17986458190277177
14000,0.17986458190277177
16000,0.14700773899010275
16000,0.14700773899010275
16000,0.14700773899010275
16000,0.14700773899010275
16000,0.14700773899010275
16000,0.14700773899010275
16000,0.14700773899010275
16000,0.14700773899010275
16000,0.14700773899010275
16000,0.14700773899010275
16000,0.14700773899010275
27000,0.13383123758574217
27000,0.13383123758574217
27000,0.13383123758574217
27000,0.13383123758574217
27000,0.13383123758574217
27000,0.13383123758574217
27000,0.13383123758574217
27000,0.13383123758574217
27000,0.13383123758574217
36000,0.13134601291622267
36000,0.13134601291622267
36000,0.13134601291622267
36000,0.13134601291622267
36000,0.13134601291622267
36000,0.13134601291622267
36000,0.13134601291622267
43000,0.12925842456381795
43000,0.12925842456381795
43000,0.12925842456381795
46000,0.13344287955586587
46000,0.13344287955586587
46000,0.13344287955586587
46000,0.13344287955586587
50000,0.13187439053257763
51000,0.14652548364233245
51000,0.14652548364233245
51000,0.14652548364233245
51000,0.14652548364233245
51000,0.14652548364233245
51000,0.14652548364233245
51000,0.14652548364233245
51000,0.14652548364233245
51000,0.14652548364233245
51000,0.14652548364233245
51000,0.14652548364233245
51000,0.14652548364233245
51000,0.14652548364233245
51000,0.14652548364233245
51000,0.14652548364233245
51000,0.14652548364233245
51000,0.14652548364233245
51000,0.14652548364233245
51000,0.14652548364233245
51000,0.14652548364233245
51000,0.14652548364233245
72000,0.15124154894838013
73000,0.1552089077229293
73000,0.1552089077229293
73000,0.1552089077229293
73000,0.1552089077229293
73000,0.1552089077229293
73000,0.1552089077229293
73000,0.1552089077229293
73000,0.1552089077229293
73000,0.1552089077229293
73000,0.1552089077229293
73000,0.1552089077229293
73000,0.1552089077229293
85000,0.15622819787442793
85000,0.15622819787442793
85000,0.15622819787442793
88000,0.16057375853778028
89000,0.16258841904457044
90000,0.16289819383800963
90000,0.16289819383800963
90000,0.16289819383800963
93000,0.16352913661123544
93000,0.16352913661123544
93000,0.16352913661123544
93000,0.16352913661123544
93000,0.16352913661123544
93000,0.16352913661123544
93000,0.16352913661123544
93000,0.16352913661123544
93000,0.16352913661123544
102000,0.16318452942625614
102000,0.16318452942625614
102000,0.16318452942625614
102000,0.16318452942625614
102000,0.16318452942625614
102000,0.16318452942625614
102000,0.16318452942625614
102000,0.16318452942625614
102000,0.16318452942625614
102000,0.16318452942625614
102000,0.16318452942625614
102000,0.16318452942625614
102000,0.16318452942625614
102000,0.16318452942625614
102000,0.16318452942625614
102000,0.16318452942625614
102000,0.16318452942625614
102000,0.16318452942625614
102000,0.16318452942625614
121000,0.16703025950539316
121000,0.16703025950539316
123000,0.17057093306831692
124000,0.17269820699539604
124000,0.17269820699539604
124000,0.17269820699539604
127000,0.17098385672067137
127000,0.17098385672067137
127000,0.17098385672067137
127000,0.17098385672067137
127000,0.17098385672067137
127000,0.17098385672067137
127000,0.17098385672067137
127000,0.17098385672067137
127000,0.17098385672067137
127000,0.17098385672067137
137000,0.16526424293378103
137000,0.16526424293378103
137000,0.16526424293378103
140000,0.16786348784283447
140000,0.16786348784283447
142000,0.16976487533286108
142000,0.16976487533286108
144000,0.1687739267961916
144000,0.1687739267961916
144000,0.1687739267961916
147000,0.16705521100000312
147000,0.16705521100000312
147000,0.16705521100000312
147000,0.16705521100000312
147000,0.16705521100000312
147000,0.16705521100000312
147000,0.16705521100000312
147000,0.16705521100000312
147000,0.16705521100000312
156000,0.16536198132863178
156000,0.16536198132863178
158000,0.1625579288373605
158000,0.1625579288373605
158000,0.1625579288373605
158000,0.1625579288373605
158000,0.1625579288373605
158000,0.1625579288373605
158000,0.1625579288373605
158000,0.1625579288373605
158000,0.1625579288373605
158000,0.1625579288373605
158000,0.1625579288373605
158000,0.1625579288373605
170000,0.16503019007608835
170000,0.16503019007608835
170000,0.16503019007608835
170000,0.16503019007608835
174000,0.1649859989751024
174000,0.1649859989751024
174000,0.1649859989751024
174000,0.1649859989751024
174000,0.1649859989751024
174000,0.1649859989751024
174000,0.1649859989751024
181000,0.1644836782941539
181000,0.1644836782941539
181000,0.1644836782941539
181000,0.1644836782941539
181000,0.1644836782941539
181000,0.1644836782941539
181000,0.1644836782941539
181000,0.1644836782941539
181000,0.1644836782941539
181000,0.1644836782941539
181000,0.1644836782941539
181000,0.1644836782941539
181000,0.1644836782941539
181000,0.1644836782941539
181000,0.1644836782941539
181000,0.1644836782941539
181000,0.1644836782941539
198000,0.1636773537244293
198000,0.1636773537244293
198000,0.1636773537244293
198000,0.1636773537244293
198000,0.1636773537244293
198000,0.1636773537244293
198000,0.1636773537244293
198000,0.1636773537244293
198000,0.1636773537244293
198000,0.1636773537244293
198000,0.1636773537244293
198000,0.1636773537244293
198000,0.1636773537244293
198000,0.1636773537244293
198000,0.1636773537244293
198000,0.1636773537244293
198000,0.1636773537244293
198000,0.1636773537244293
198000,0.1636773537244293
198000,0.1636773537244293
198000,0.1636773537244293
198000,0.1636773537244293
198000,0.1636773537244293
221000,0.16131445553888119
221000,0.16131445553888119
221000,0.16131445553888119
221000,0.16131445553888119
225000,0.16356891890065026
225000,0.16356891890065026
225000,0.16356891890065026
225000,0.16356891890065026
225000,0.16356891890065026
230000,0.16081770018467342
231000,0.15887560485628088
231000,0.15887560485628088
231000,0.15887560485628088
231000,0.15887560485628088
235000,0.16124185068070732
236000,0.16105051670245507
236000,0.16105051670245507
236000,0.16105051670245507
236000,0.16105051670245507
240000,0.16261099847556112
240000,0.16261099847556112
240000,0.16261099847556112
240000,0.16261099847556112
240000,0.16261099847556112
240000,0.16261099847556112
240000,0.16261099847556112
240000,0.16261099847556112
240000,0.16261099847556112
240000,0.16261099847556112
240000,0.16261099847556112
240000,0.16261099847556112
240000,0.16261099847556112
240000,0.16261099847556112
240000,0.16261099847556112
240000,0.16261099847556112
240000,0.16261099847556112
240000,0.16261099847556112
240000,0.16261099847556112
240000,0.16261099847556112
240000,0.16261099847556112
240000,0.16261099847556112
240000,0.16261099847556112
240000,0.16261099847556112
264000,0.1606148684380477
264000,0.1606148684380477
264000,0.1606148684380477
264000,0.1606148684380477
264000,0.1606148684380477
264000,0.1606148684380477
264000,0.1606148684380477
271000,0.15851208621501642
271000,0.15851208621501642
273000,0.16004345915311988
273000,0.16004345915311988
275000,0.15747999229810056
275000,0.15747999229810056
275000,0.15747999229810056
275000,0.15747999229810056
275000,0.15747999229810056
275000,0.15747999229810056
275000,0.15747999229810056
282000,0.15967912665618428
282000,0.15967912665618428
282000,0.15967912665618428
282000,0.15967912665618428
282000,0.15967912665618428
282000,0.15967912665618428
282000,0.15967912665618428
289000,0.1586786992089427
289000,0.1586786992089427
291000,0.15876990253423653
291000,0.15876990253423653
291000,0.15876990253423653
291000,0.15876990253423653
295000,0.1561412618303731
295000,0.1561412618303731
295000,0.1561412618303731
295000,0.1561412618303731
299000,0.15535900333322786
300000,0.15746850308396163
300000,0.15746850308396163
300000,0.15746850308396163
300000,0.15746850308396163
300000,0.15746850308396163
300000,0.15746850308396163
300000,0.15746850308396163
300000,0.15746850308396163
300000,0.15746850308396163
300000,0.15746850308396163
300000,0.15746850308396163
300000,0.15746850308396163
300000,0.15746850308396163
300000,0.15746850308396163
300000,0.15746850308396163
300000,0.15746850308396163
300000,0.15746850308396163
300000,0.15746850308396163
318000,0.1581995991806698
318000,0.1581995991806698
318000,0.1581995991806698
318000,0.1581995991806698
318000,0.1581995991806698
318000,0.1581995991806698
318000,0.1581995991806698
318000,0.1581995991806698
318000,0.1581995991806698
327000,0.1582648614156635
328000,0.1587092535612367
328000,0.1587092535612367
328000,0.1587092535612367
328000,0.1587092535612367
328000,0.1587092535612367
328000,0.1587092535612367
328000,0.1587092535612367
328000,0.1587092535612367
328000,0.1587092535612367
328000,0.1587092535612367
328000,0.1587092535612367
328000,0.1587092535612367
328000,0.1587092535612367
328000,0.1587092535612367
328000,0.1587092535612367
328000,0.1587092535612367
344000,0.15774009480991674
344000,0.15774009480991674
344000,0.15774009480991674
344000,0.15774009480991674
344000,0.15774009480991674
344000,0.15774009480991674
344000,0.15774009480991674
351000,0.15834298701986196
351000,0.15834298701986196
351000,0.15834298701986196
354000,0.15944894347968364
355000,0.1587852066653582
355000,0.1587852066653582
355000,0.1587852066653582
355000,0.1587852066653582
359000,0.16082712394173632
359000,0.16082712394173632
361000,0.16095985249457936
361000,0.16095985249457936
361000,0.16095985249457936
361000,0.16095985249457936
365000,0.16201948970592836
365000,0.16201948970592836
367000,0.16122839848249418
368000,0.1628070996702211
368000,0.1628070996702211
368000,0.1628070996702211
368000,0.1628070996702211
368000,0.1628070996702211
368000,0.1628070996702211
368000,0.1628070996702211
368000,0.1628070996702211
376000,0.16247973904636806
376000,0.16247973904636806
376000,0.16247973904636806
376000,0.16247973904636806
376000,0.16247973904636806
376000,0.16247973904636806
382000,0.1633689773867891
382000,0.1633689773867891
382000,0.1633689773867891
382000,0.1633689773867891
382000,0.1633689773867891
382000,0.1633689773867891
382000,0.1633689773867891
382000,0.1633689773867891
382000,0.1633689773867891
391000,0.16403633781389054
391000,0.16403633781389054
391000,0.16403633781389054
391000,0.16403633781389054
391000,0.16403633781389054
391000,0.16403633781389054
391000,0.16403633781389054
391000,0.16403633781389054
391000,0.16403633781389054
400000,0.16468835547709298
400000,0.16468835547709298
402000,0.1643316376833897
403000,0.16252957045031427
403000,0.16252957045031427
405000,0.16115323911563328
406000,0.15964784304175061
406000,0.15964784304175061
406000,0.15964784304175061
406000,0.15964784304175061
410000,0.16074335240948925
410000,0.16074335240948925
410000,0.16074335240948925
410000,0.16074335240948925
410000,0.16074335240948925
410000,0.16074335240948925
410000,0.16074335240948925
417000,0.16222575635416508
417000,0.16222575635416508
419000,0.16246282763195216
420000,0.16137974048474626
421000,0.16142901757840566
421000,0.16142901757840566
423000,0.16182237804209615
423000,0.16182237804209615
423000,0.16182237804209615
423000,0.16182237804209615
423000,0.16182237804209615
428000,0.16157398769144865
428000,0.16157398769144865
428000,0.16157398769144865
431000,0.16055606218778962
431000,0.16055606218778962
431000,0.16055606218778962
434000,0.160730386987532
434000,0.160730386987532
436000,0.15976452261916124
436000,0.15976452261916124
436000,0.15976452261916124
436000,0.15976452261916124
436000,0.15976452261916124
441000,0.16099491487798603
441000,0.16099491487798603
443000,0.16016840647513353
443000,0.16016840647513353
443000,0.16016840647513353
443000,0.16016840647513353
447000,0.15915038560693617
447000,0.15915038560693617
447000,0.15915038560693617
447000,0.15915038560693617
447000,0.15915038560693617
447000,0.15915038560693617
453000,0.15969871199436084
454000,0.1597006409810325
455000,0.15911611997415698
456000,0.15951138358047043
456000,0.15951138358047043
458000,0.15807472023965136
459000,0.1593007721044806
459000,0.1593007721044806
459000,0.1593007721044806
459000,0.1593007721044806
459000,0.1593007721044806
459000,0.1593007721044806
459000,0.1593007721044806
459000,0.1593007721044806
459000,0.1593007721044806
459000,0.1593007721044806
459000,0.1593007721044806
459000,0.1593007721044806
471000,0.159470716485762
472000,0.15850260802374247
472000,0.15850260802374247
472000,0.15850260802374247
475000,0.1592863295209425
476000,0.160804356448445
476000,0.160804356448445
476000,0.160804356448445
476000,0.160804356448445
476000,0.160804356448445
476000,0.160804356448445
476000,0.160804356448445
476000,0.160804356448445
476000,0.160804356448445
485000,0.1597198655755795
485000,0.1597198655755795
487000,0.15875864590932384
487000,0.15875864590932384
487000,0.15875864590932384
487000,0.15875864590932384
491000,0.15843972034852455
492000,0.15887353819897945
492000,0.15887353819897945
492000,0.15887353819897945
492000,0.15887353819897945
496000,0.15943548031034394
497000,0.15922737495627964
497000,0.15922737495627964
497000,0.15922737495627964
497000,0.15922737495627964
497000,0.15922737495627964
502000,0.1597590448910977
503000,0.16028705229375137
503000,0.16028705229375137
503000,0.16028705229375137
506000,0.16151143064914592
506000,0.16151143064914592
508000,0.16126258742328814
508000,0.16126258742328814
508000,0.16126258742328814
508000,0.16126258742328814
512000,0.16052005317504198
513000,0.15936180572016914
514000,0.15893581468490978
514000,0.15893581468490978
516000,0.1591638306601296
516000,0.1591638306601296
516000,0.1591638306601296
516000,0.1591638306601296
516000,0.1591638306601296
516000,0.1591638306601296
522000,0.1594811379503692
522000,0.1594811379503692
522000,0.1594811379503692
525000,0.1583076128789204
525000,0.1583076128789204
525000,0.1583076128789204
525000,0.1583076128789204
529000,0.15714995049301436
530000,0.15719798529676038
531000,0.15743850841564994
531000,0.15743850841564994
533000,0.1575067843155216
534000,0.15676020350518952
535000,0.1561516205986413
535000,0.1561516205986413
535000,0.1561516205986413
535000,0.1561516205986413
535000,0.1561516205986413
535000,0.1561516205986413
535000,0.1561516205986413
535000,0.1561516205986413
543000,0.15640731540864886
543000,0.15640731540864886
543000,0.15640731540864886
543000,0.15640731540864886
543000,0.15640731540864886
543000,0.15640731540864886
543000,0.15640731540864886
550000,0.15759023681298798
551000,0.15669914466414286
551000,0.15669914466414286
551000,0.15669914466414286
551000,0.15669914466414286
551000,0.15669914466414286
551000,0.15669914466414286
551000,0.15669914466414286
558000,0.1569451953411215
558000,0.1569451953411215
560000,0.1560853690810976
561000,0.15603647083112687
561000,0.15603647083112687
561000,0.15603647083112687
561000,0.15603647083112687
561000,0.15603647083112687
561000,0.15603647083112687
561000,0.15603647083112687
568000,0.15525556254798759
569000,0.1547800686475743
570000,0.15590101060300082
571000,0.15632877205968593
571000,0.15632877205968593
573000,0.15671246228778987
573000,0.15671246228778987
573000,0.15671246228778987
573000,0.15671246228778987
577000,0.15623942650402214
578000,0.1565798118580409
579000,0.15628221298368203
579000,0.15628221298368203
579000,0.15628221298368203
579000,0.15628221298368203
583000,0.15781659750630342
583000,0.15781659750630342
583000,0.15781659750630342
583000,0.15781659750630342
587000,0.15788591096534435
588000,0.15834791507815757
589000,0.1579762949898803
589000,0.1579762949898803
589000,0.1579762949898803
589000,0.1579762949898803
589000,0.1579762949898803
589000,0.1579762949898803
589000,0.1579762949898803
589000,0.1579762949898803
597000,0.15728515380112648
597000,0.15728515380112648
599000,0.15723083753129527
599000,0.15723083753129527
599000,0.15723083753129527
599000,0.15723083753129527
599000,0.15723083753129527
599000,0.15723083753129527
599000,0.15723083753129527
599000,0.15723083753129527
599000,0.15723083753129527
599000,0.15723083753129527
599000,0.15723083753129527
599000,0.15723083753129527
599000,0.15723083753129527
599000,0.15723083753129527
599000,0.15723083753129527
614000,0.15792339881505219
614000,0.15792339881505219
616000,0.1582267807790595
617000,0.15795464062542725
618000,0.15740278311184636
618000,0.15740278311184636
618000,0.15740278311184636
618000,0.15740278311184636
618000,0.15740278311184636
618000,0.15740278311184636
618000,0.15740278311184636
618000,0.15740278311184636
626000,0.1569561092711241
626000,0.1569561092711241
626000,0.1569561092711241
629000,0.15733439009055594
630000,0.15733264574716935
630000,0.15733264574716935
630000,0.15733264574716935
630000,0.15733264574716935
630000,0.15733264574716935
630000,0.15733264574716935
630000,0.15733264574716935
630000,0.15733264574716935
630000,0.15733264574716935
639000,0.15765655528179348
639000,0.15765655528179348
639000,0.15765655528179348
642000,0.15768117096459006
643000,0.15735349001454002
643000,0.15735349001454002
643000,0.15735349001454002
646000,0.15736968610249982
646000,0.15736968610249982
646000,0.15736968610249982
646000,0.15736968610249982
650000,0.15722214770111304
651000,0.15772269254166182
651000,0.15772269254166182
651000,0.15772269254166182
651000,0.15772269254166182
651000,0.15772269254166182
656000,0.15864442009245555
656000,0.15864442009245555
656000,0.15864442009245555
659000,0.15801736949369027
659000,0.15801736949369027
659000,0.15801736949369027
659000,0.15801736949369027
659000,0.15801736949369027
664000,0.15847298760847126
665000,0.1582196762393252
665000,0.1582196762393252
665000,0.1582196762393252
668000,0.158485690501033
668000,0.158485690501033
668000,0.158485690501033
671000,0.15865380929841377
671000,0.15865380929841377
673000,0.1583013300967296
673000,0.1583013300967296
675000,0.15860769575288455
675000,0.15860769575288455
677000,0.1596965351278154
677000,0.1596965351278154
677000,0.1596965351278154
677000,0.1596965351278154
677000,0.1596965351278154
682000,0.1597973731480741
683000,0.1597774000687426
683000,0.1597774000687426
683000,0.1597774000687426
686000,0.1596331047586967
686000,0.1596331047586967
686000,0.1596331047586967
689000,0.1592132153927908
690000,0.1588269331462729
691000,0.15916683388880193
691000,0.15916683388880193
691000,0.15916683388880193
691000,0.15916683388880193
691000,0.15916683388880193
696000,0.15890569806081742
696000,0.15890569806081742
696000,0.15890569806081742
699000,0.15851365808944629
699000,0.15851365808944629
699000,0.15851365808944629
699000,0.15851365808944629
699000,0.15851365808944629
699000,0.15851365808944629
699000,0.15851365808944629
699000,0.15851365808944629
699000,0.15851365808944629
699000,0.15851365808944629
699000,0.15851365808944629
699000,0.15851365808944629
699000,0.15851365808944629
699000,0.15851365808944629
699000,0.15851365808944629
714000,0.15870413136819056
714000,0.15870413136819056
714000,0.15870413136819056
714000,0.15870413136819056
718000,0.15860475292362308
718000,0.15860475292362308
718000,0.15860475292362308
718000,0.15860475292362308
718000,0.15860475292362308
718000,0.15860475292362308
718000,0.15860475292362308
725000,0.15918147403856062
725000,0.15918147403856062
725000,0.15918147403856062
728000,0.1595866605084363
728000,0.1595866605084363
728000,0.1595866605084363
728000,0.1595866605084363
728000,0.1595866605084363
728000,0.1595866605084363
734000,0.1590185033928631
734000,0.1590185033928631
736000,0.15902410423071178
736000,0.15902410423071178
736000,0.15902410423071178
736000,0.15902410423071178
740000,0.1586188002118632
741000,0.15837428381178253
741000,0.15837428381178253
743000,0.15855436455470487
743000,0.15855436455470487
743000,0.15855436455470487
743000,0.15855436455470487
747000,0.15806745144509426
747000,0.15806745144509426
747000,0.15806745144509426
747000,0.15806745144509426
747000,0.15806745144509426
752000,0.15798571449270402
752000,0.15798571449270402
752000,0.15798571449270402
755000,0.1572248418609282
755000,0.1572248418609282
755000,0.1572248418609282
755000,0.1572248418609282
759000,0.15694187070899024
759000,0.15694187070899024
759000,0.15694187070899024
762000,0.15631405222982708
762000,0.15631405222982708
762000,0.15631405222982708
765000,0.15608429285441028
765000,0.15608429285441028
765000,0.15608429285441028
768000,0.15588401820066436
769000,0.15521340392533528
769000,0.15521340392533528
769000,0.15521340392533528
772000,0.1548547878433663
772000,0.1548547878433663
772000,0.1548547878433663
772000,0.1548547878433663
772000,0.1548547878433663
772000,0.1548547878433663
772000,0.1548547878433663
772000,0.1548547878433663
780000,0.15585293337755887
780000,0.15585293337755887
780000,0.15585293337755887
783000,0.1561400805426849
784000,0.15599563717920076
784000,0.15599563717920076
784000,0.15599563717920076
784000,0.15599563717920076
784000,0.15599563717920076
784000,0.15599563717920076
784000,0.15599563717920076
784000,0.15599563717920076
784000,0.15599563717920076
784000,0.15599563717920076
794000,0.15615423791605593
795000,0.15660474329866522
795000,0.15660474329866522
795000,0.15660474329866522
795000,0.15660474329866522
795000,0.15660474329866522
795000,0.15660474329866522
795000,0.15660474329866522
795000,0.15660474329866522
795000,0.15660474329866522
795000,0.15660474329866522
795000,0.15660474329866522
795000,0.15660474329866522
807000,0.15659938727623185
807000,0.15659938727623185
