1000,0.5289348153040365
2000,0.5831356684256168
3000,0.6222663143411442
4000,0.6096148504255113
5000,0.5734168553640969
6000,0.6118553386647202
7000,0.5696821321963135
8000,0.5176710047127959
9000,0.5228955236591958
10000,0.5057845299938543
11000,0.5004023098299806
12000,0.5199241210168138
13000,0.5149999948689247
14000,0.5021846252644684
15000,0.49224509309197645
16000,0.4847598124685891
17000,0.48051637873645764
18000,0.4713387221943716
19000,0.4693919231986088
20000,0.4523151247982504
21000,0.4510123457822685
22000,0.4472958141787817
23000,0.4427824257119648
24000,0.4390726537066689
25000,0.4357919758182092
26000,0.4374774549751512
27000,0.428420393971722
28000,0.4319820919841129
29000,0.4273244661504834
30000,0.41596409736663315
31000,0.41315939019938036
32000,0.41320018435246125
33000,0.409175274407175
34000,0.4119503867101826
35000,0.4057475834548777
36000,0.4121437736567476
37000,0.41110353402604366
38000,0.40078261831759926
39000,0.3910253991620555
40000,0.3942823799911771
41000,0.3985640371359692
42000,0.39432357437535526
43000,0.3891478584171815
44000,0.38752409845709934
45000,0.3832187633748099
46000,0.37595383860087744
47000,0.37602392088551906
48000,0.37381339297736316
49000,0.369922621829007
50000,0.36893861669046935
51000,0.3637593320872491
52000,0.36022031177492425
53000,0.359069441384275
54000,0.3598250869908689
55000,0.35999260659013127
56000,0.36153922510640885
57000,0.36223349966775314
58000,0.3582545703413078
59000,0.3582116617415002
60000,0.3623439026103013
61000,0.3610100010639105
62000,0.36029012547833256
63000,0.359553706051222
64000,0.3561647757287832
65000,0.3540275952527144
66000,0.35718213265185106
67000,0.3562867379770843
68000,0.3533301171214584
69000,0.3538612403646905
70000,0.3515586311019333
71000,0.350975738081335
72000,0.3535678554787763
73000,0.35520064817877534
74000,0.3520709584997372
75000,0.3491561866666958
76000,0.3480110726272557
77000,0.3447614936891644
78000,0.34467059929175914
79000,0.34543915438305034
80000,0.34390479511345384
81000,0.34667798687916795
82000,0.3467437205214209
83000,0.3461783512805966
84000,0.34310932148909745
85000,0.3395782991177616
86000,0.34226026704501744
87000,0.34090531187569784
88000,0.3408150969141205
89000,0.3413792942768228
90000,0.33970066538448374
91000,0.3393807796196869
92000,0.3392852117297359
93000,0.3399949699280213
94000,0.33682703806346975
95000,0.33704995564726525
96000,0.33503124015279934
97000,0.33557268240948107
98000,0.3362216176605809
99000,0.3359360858584883
100000,0.33445961889856274
101000,0.3346351672239727
102000,0.3352311290706964
103000,0.33486493078755136
104000,0.33413495445497177
105000,0.33416773701049113
106000,0.33622881923850306
107000,0.33511979030974387
108000,0.3346351158634525
109000,0.3326505066597935
110000,0.32989162817034484
111000,0.3294280092517523
112000,0.3273293978166202
113000,0.32682666637287205
114000,0.3278994755345853
115000,0.32742179313466463
116000,0.32650794730740906
117000,0.3257992647413645
118000,0.3254719845745576
119000,0.32349797325154445
120000,0.3241386450967363
121000,0.3240886762428922
122000,0.3233905926195741
123000,0.3238699689858527
124000,0.3244095767637324
125000,0.3252347367819835
126000,0.3231900338546402
127000,0.32367740491104846
128000,0.32222555995930885
129000,0.32201913184539654
130000,0.3202488499530902
131000,0.3205349069720413
132000,0.3215316135434384
133000,0.3205144389633801
134000,0.32121361277616434
135000,0.3201796576957639
136000,0.31935948584303564
137000,0.3183155321095769
138000,0.31774910834883385
139000,0.31947868778059607
140000,0.3187738561856559
141000,0.31855456780351465
142000,0.31765889082711324
143000,0.3169856608161731
144000,0.31612005584650765
145000,0.3165226551215387
146000,0.3159754364749756
147000,0.3146027865707209
148000,0.31474971731204776
149000,0.31649661237470306
150000,0.3156285457303478
151000,0.3142393584816029
152000,0.31172446414809724
153000,0.30915235639813077
154000,0.30751633014893603
155000,0.30518774115641334
156000,0.30200025464123814
157000,0.30156870421623944
158000,0.3012682884524561
159000,0.2987212636260537
160000,0.29968025788524916
161000,0.30032009407802673
162000,0.29769299530333126
163000,0.2944415585738813
164000,0.29272959658759884
165000,0.29272951011537046
166000,0.29261336659612974
167000,0.29243928556907134
168000,0.29189895112951786
169000,0.28993558390334784
170000,0.2878466827437597
171000,0.2878091578549821
172000,0.2874146733499568
173000,0.28823571100732875
174000,0.28855178191801006
175000,0.2873827332076423
176000,0.2849410533777652
177000,0.2853416567462564
178000,0.284739551138758
179000,0.28380388156049846
180000,0.28366106442604105
181000,0.2808584861713905
182000,0.28129905420553397
183000,0.2831741145756736
184000,0.2813460280996832
185000,0.28166303101996853
186000,0.2804551366972229
187000,0.2810008803348078
188000,0.2787829137469747
189000,0.2762264611863556
190000,0.27749596761219925
191000,0.2782446190682414
192000,0.2782506345187346
193000,0.2781522356811158
194000,0.2747678436466509
195000,0.27519048286227155
196000,0.2762625048401045
197000,0.27674780417464795
198000,0.2755008140127128
199000,0.2754854315686694
200000,0.27588210637268745
201000,0.27491825519156815
202000,0.2742288277530961
203000,0.27637753821520955
204000,0.2775834220449039
205000,0.2756710302523594
206000,0.2754358565511614
207000,0.276139751123123
208000,0.2751007865722082
209000,0.27316156258661517
210000,0.2763170341318975
211000,0.27371730959531226
212000,0.27322216146477785
213000,0.2724900298441115
214000,0.2718455469596823
215000,0.2696709945270675
216000,0.26775800198545185
217000,0.2696121169070716
218000,0.27024453117635483
219000,0.2707760710965952
220000,0.2694744151992958
221000,0.26907185197316974
222000,0.26835647581002364
223000,0.26771750441604614
224000,0.26680850439721293
225000,0.26536964519583556
226000,0.2649779963542698
227000,0.2657605470288161
228000,0.264368231076155
229000,0.26398800827878066
230000,0.2640376519642219
231000,0.26300571553670193
232000,0.2635547118024535
233000,0.25948219181117954
234000,0.2578001249706061
235000,0.25750870401174286
236000,0.26175431733554483
237000,0.2616937771096658
238000,0.25891790513233415
239000,0.25919122331417294
240000,0.2583967979115796
241000,0.25596386291567064
242000,0.2551875620489814
243000,0.25495232577333465
244000,0.25334471936987735
245000,0.2535067279253763
246000,0.2544380780044701
247000,0.2546511320554374
248000,0.2572035796240069
249000,0.2557722920431646
250000,0.25396734594457204
251000,0.25432241597782035
252000,0.25499262387398014
253000,0.253118576869118
254000,0.25008557449657226
255000,0.2501282976283077
256000,0.2482057414420433
257000,0.24682879838206462
258000,0.2471210357789687
259000,0.24707277610395267
260000,0.24714409789376857
261000,0.2487291487501055
262000,0.2474778921154919
263000,0.2492910873554931
264000,0.24765790898566642
265000,0.24679716624990253
266000,0.24596054098398037
267000,0.24476381672025235
268000,0.24385792608551027
269000,0.2440423201559461
270000,0.24425919548682382
271000,0.24344049127011003
272000,0.24446619008003653
273000,0.24471849865884907
274000,0.2440945875685982
275000,0.24429394552472783
276000,0.24174001956109167
277000,0.2416816146216213
278000,0.24162755794720084
279000,0.2412291999757974
280000,0.24214244110120126
281000,0.2426222130468358
282000,0.2400839762253576
283000,0.23927560785331695
284000,0.23716212699866926
285000,0.2362704197213211
286000,0.2362670100211612
287000,0.23796720965220863
288000,0.2391951743024294
289000,0.23694772804681924
290000,0.23597748115315398
291000,0.23670004848440304
292000,0.23705859690414063
293000,0.23638767369244715
294000,0.23679584328813297
295000,0.23513995720767888
296000,0.23480756922647997
297000,0.23707714092997326
298000,0.23596904821093923
299000,0.2342049752761619
300000,0.2326614707959348
301000,0.23308280690928235
302000,0.23178970835637108
303000,0.2301251931474298
304000,0.2299397470366427
305000,0.2302025327753917
306000,0.23213760339071052
307000,0.23029803756284553
308000,0.22799831180964708
309000,0.22823599779810053
310000,0.22525788230674146
311000,0.2241935221545227
312000,0.22550633926659075
313000,0.22492425197045382
314000,0.22297295889770935
315000,0.2215128513302716
316000,0.21973752016594472
317000,0.21885500539668926
318000,0.21953712662422198
319000,0.2196997489188758
320000,0.21970263348321334
321000,0.21785683011445747
322000,0.21873277058828833
323000,0.21845813947575055
324000,0.2186150041065111
325000,0.21787190539183848
326000,0.21833509380213895
327000,0.21824139784113358
328000,0.21844157894167676
329000,0.21677811525424656
330000,0.21733002619476177
331000,0.21612104158691794
332000,0.21498244942485714
333000,0.21484821945047566
334000,0.21289007212165773
335000,0.2111897538975366
336000,0.21035694944817676
337000,0.2096936286494359
338000,0.209888450763285
339000,0.20942638407407774
340000,0.20899978834702365
341000,0.2087316412831261
342000,0.2074919264760624
343000,0.20724008685077713
344000,0.20673982789135373
345000,0.20610004701473292
346000,0.20494477098918412
347000,0.20584113904255347
348000,0.20646095999889616
349000,0.20568376299628885
350000,0.20748049069700705
351000,0.20544454322579547
352000,0.20566811204639196
353000,0.20565460157846524
354000,0.20548077705990697
355000,0.2036890958150171
356000,0.20224991816302132
357000,0.19957232828531027
358000,0.19968895093689093
359000,0.19925801674791938
360000,0.19914708998786584
361000,0.20173889306692497
362000,0.2028314696563478
363000,0.2011492506739167
364000,0.20124830590323586
365000,0.2002501162219176
366000,0.19932816108673462
367000,0.1978622359999995
368000,0.19701180321793338
369000,0.19745439009977883
370000,0.19786511046300673
371000,0.1979035109306965
372000,0.1976204155752342
373000,0.19656369020255665
374000,0.19667981820332195
375000,0.1966706494994843
376000,0.19720714364277106
377000,0.19803506426038034
378000,0.19792230275633937
379000,0.19760018172143295
380000,0.19934438189437276
381000,0.20114930284979335
382000,0.20054969734385344
383000,0.20120768560864552
384000,0.19641330255540743
385000,0.19763508912730396
386000,0.2004172805647815
387000,0.20132244995590629
388000,0.19995850633780804
389000,0.20130698276801479
390000,0.19985152996519326
391000,0.20158356865184845
392000,0.2008145971437339
393000,0.20029687498694546
394000,0.2000048020050574
395000,0.197936616329883
396000,0.19635470205532182
397000,0.19652813896386065
398000,0.19645761188677666
399000,0.19619479924059813
400000,0.19731012172623197
401000,0.19532872312505112
402000,0.19654431364243583
403000,0.19555888801985305
404000,0.19569385341323578
405000,0.19679845391090742
406000,0.1970353072123587
407000,0.19581432345946648
408000,0.19611121362532896
409000,0.1956201871052732
410000,0.19628912571904195
411000,0.19825175032206716
412000,0.1970518813030867
413000,0.19705037308202847
414000,0.19779944150847478
415000,0.19625179727410597
416000,0.1971335792714502
417000,0.1962664853037228
418000,0.19615414202645456
419000,0.19566880342074092
420000,0.19458337580033014
421000,0.1931793649539732
422000,0.19281436487637427
423000,0.19332463163883323
424000,0.19112833711920832
425000,0.19078826990525527
426000,0.19253900608136928
427000,0.19253880312639013
428000,0.19163837858439534
429000,0.19060715879899295
430000,0.1908738493513363
431000,0.18999365864557347
432000,0.19238146717578342
433000,0.19348384608982833
434000,0.19248109409801128
435000,0.19442541698674085
436000,0.1939844070187572
437000,0.19412493792819147
438000,0.19335408892758715
439000,0.19195396631061568
440000,0.19176962721460022
441000,0.19183508423118237
442000,0.19369178092781827
443000,0.19158658945611604
444000,0.19240208426337926
445000,0.1919418965908897
446000,0.19184309271632288
447000,0.19114895358369824
448000,0.1891327943973734
449000,0.18815138349594623
450000,0.18578672691590353
451000,0.1851822768820375
452000,0.18516691896997356
453000,0.18452497459290787
454000,0.18571995534601166
455000,0.1853431295905708
456000,0.18460307830088651
457000,0.1834982671789736
458000,0.18430618082648512
459000,0.18521010107533664
460000,0.18524480226567078
461000,0.1861924986390652
462000,0.1866346372852089
463000,0.18579257568852942
464000,0.18538503615504506
465000,0.18598987978102582
466000,0.18532604852042245
467000,0.1867660835789739
468000,0.18736012445241768
469000,0.18866931047876107
470000,0.18939687145260486
471000,0.19064623929381821
472000,0.19128437795417932
473000,0.19109918208438262
474000,0.18888288952990767
475000,0.18913606497631347
476000,0.1889406915258449
477000,0.18758788262574086
478000,0.18807626468213123
479000,0.18756090707379053
480000,0.18543033005833304
481000,0.18635160366899395
482000,0.18616647105874562
483000,0.18638311431627452
484000,0.18607446330681074
485000,0.18627334044266455
486000,0.18559629248478335
487000,0.18611642899976744
488000,0.18561649765871427
489000,0.18797255601859741
490000,0.18902983723651057
491000,0.18853549183689552
492000,0.1898286189813079
493000,0.19022981801804995
494000,0.1894940341409246
495000,0.18977791748616715
496000,0.18996127460838028
497000,0.19143729110915172
498000,0.19174230198200903
499000,0.19200561512224307
500000,0.19031175673349718
501000,0.190122059816469
502000,0.1929188664227123
503000,0.1929610505412258
504000,0.19114086225625726
505000,0.19078589114781463
506000,0.18924560278407068
507000,0.18922457093145229
508000,0.18882195935918028
509000,0.18756730784790165
510000,0.18869998542620095
511000,0.1894766406091545
512000,0.19064684588020742
513000,0.19090331018615372
514000,0.1905456585653166
515000,0.19134566773210818
516000,0.19232623930310722
517000,0.1908690849838257
518000,0.19047644873627365
519000,0.18749843706116234
520000,0.1877502408284584
521000,0.18738299914707032
522000,0.18822626998280861
523000,0.18778787058140253
524000,0.18781606067534432
525000,0.18692196068476763
526000,0.188656450234568
527000,0.18979973442286552
528000,0.18773454402590772
529000,0.1879021586892816
530000,0.18731917842183016
531000,0.18885476025470468
532000,0.19023505609797348
533000,0.18851460689808028
534000,0.1887446292051763
535000,0.1886482608449691
536000,0.1887978539377628
537000,0.19023786102495693
538000,0.18834563322813994
539000,0.18787122271161963
540000,0.1899899277455757
541000,0.18932992416085306
542000,0.18804352875407218
543000,0.18490250808524178
544000,0.184876668523446
545000,0.18493197364563088
546000,0.18589705297369064
547000,0.18533966944968266
548000,0.18352143363641107
549000,0.18299650671691142
550000,0.18451385413739013
551000,0.18324113040559653
552000,0.18268755633966305
553000,0.1832013246332378
554000,0.18286883327273182
555000,0.18246670039946764
556000,0.18074766921082638
557000,0.18021131242626962
558000,0.18184690023359457
559000,0.18002507642923354
560000,0.18100035041841994
561000,0.18081194649664667
562000,0.18001051988500655
563000,0.17821641410269057
564000,0.17688484104805888
565000,0.1776732488689222
566000,0.17797181827140032
567000,0.1775368347480899
568000,0.17555692578340384
569000,0.17501860092151506
570000,0.17550335601986397
571000,0.17667619604242485
572000,0.17590700355580896
573000,0.17613160973187203
574000,0.174701407915822
575000,0.17463543108205223
576000,0.17527347608260377
577000,0.17430180671651624
578000,0.17458982204940185
579000,0.1745903718247452
580000,0.17399514084753206
581000,0.17400641436926179
582000,0.17316631112256453
583000,0.1751963639280387
584000,0.17582682873761185
585000,0.17492989195678796
586000,0.17330956509798653
587000,0.17340349147183734
588000,0.17401933015546434
589000,0.17139599020109483
590000,0.1712639797786286
591000,0.17077016730887015
592000,0.170774662455589
593000,0.1688835694007779
594000,0.16810718323144266
595000,0.16782188158272487
596000,0.16669243618144527
597000,0.16808488693496662
598000,0.1669432947320002
599000,0.1674655478586319
600000,0.1680335167074716
601000,0.16876964516179857
602000,0.1700943242486918
603000,0.16946821662787193
604000,0.16992005883128758
605000,0.17063346504514784
606000,0.17117071267510126
607000,0.17044937355656054
608000,0.17038497470126576
609000,0.16947728343830107
610000,0.1705241710612573
611000,0.170309409688953
612000,0.17009946416795418
613000,0.17059817115367323
614000,0.17268349721756113
615000,0.17179859738801162
616000,0.1691054637572864
617000,0.16819046457597464
618000,0.16783211430599818
619000,0.1678012316661812
620000,0.16710181508269578
621000,0.16729196998850537
622000,0.16509620507339254
623000,0.1637069588861797
624000,0.16491561472380728
625000,0.1631123892038408
626000,0.16202889544937452
627000,0.16111559400375422
628000,0.16124185839763147
629000,0.16012191811232893
630000,0.1601895173637537
631000,0.15923562640410302
632000,0.15896344450163077
633000,0.1600428602801412
634000,0.15903688003574076
635000,0.15804364570700002
636000,0.15806114478281394
637000,0.1588813101391744
638000,0.15828328794080382
639000,0.15978906139069762
640000,0.16063428249714964
641000,0.1605605710720227
642000,0.1578840550115558
643000,0.1566731493784792
644000,0.15716105966760177
645000,0.15589151487419603
646000,0.15395042408508083
647000,0.1551766309941933
648000,0.15563777942937754
649000,0.15351975042363103
650000,0.15317529286556447
651000,0.15358534169745242
652000,0.15374597734686532
653000,0.15240131167711315
654000,0.1518009190389709
655000,0.15146814382525958
656000,0.15207020772061897
657000,0.1517070675188628
658000,0.15185145427797558
659000,0.15250651047833624
660000,0.15201484987828365
661000,0.15307558737782107
662000,0.1530791464377647
663000,0.15338677833624878
664000,0.15481657569586826
665000,0.15482419019901772
666000,0.15301519202361158
667000,0.1528461526229364
668000,0.1520785078224631
669000,0.15281252736938564
670000,0.15107284293959466
671000,0.15206630304132102
672000,0.15367736048878278
673000,0.15134045509713634
674000,0.1501277646761149
675000,0.15169726413306403
676000,0.15250360196828472
677000,0.15091829253677355
678000,0.14824117765030756
679000,0.1493186203426588
680000,0.14929787780652934
681000,0.14985528672547038
682000,0.1480913188831698
683000,0.14707305632277465
684000,0.147387291275304
685000,0.14528589829561092
686000,0.14505116184108383
687000,0.14482267902405696
688000,0.14419141079721143
689000,0.141145972685328
690000,0.14172716081757206
691000,0.1404254905738409
692000,0.1386298876444264
693000,0.14005506532467643
694000,0.139007010312653
695000,0.13892900753795862
696000,0.13906961141206656
697000,0.13673581694408718
698000,0.13594362223426246
699000,0.13691501300215758
700000,0.13715500482196472
701000,0.1359499116270186
702000,0.13713907100263104
703000,0.13752500733542672
704000,0.13798680648932674
705000,0.1399977696160545
706000,0.13984678213107754
707000,0.14106395824481996
708000,0.1403786860361556
709000,0.14028120756909804
710000,0.13885490466691108
711000,0.1385060057896226
712000,0.13826951691157197
713000,0.1382851301283752
714000,0.13855645081899348
715000,0.1369825580653482
716000,0.13737834749344444
717000,0.13587533112573924
718000,0.13691155522833587
719000,0.13617033384143673
720000,0.1361733849327484
721000,0.13617816214675016
722000,0.1364295609796597
723000,0.1379824605750618
724000,0.13898567450802607
725000,0.13927758201540014
726000,0.13778835811124016
727000,0.13761829647299542
728000,0.13807529233430016
729000,0.1383403148996751
730000,0.13957234403273838
731000,0.1403819832541792
732000,0.13845815864102456
733000,0.13659795051762588
734000,0.1360483510191537
735000,0.13628774153149076
736000,0.13500001604747425
737000,0.13695733178886293
738000,0.1369048551309208
739000,0.13683052334279477
740000,0.13756562616245105
741000,0.13805537954767066
742000,0.1384635712942841
743000,0.13885479622854735
744000,0.13970355400378634
745000,0.1387438510523689
746000,0.13717300081223222
747000,0.13614069220570463
748000,0.1357584586541168
749000,0.1344347470920946
750000,0.1342237673780245
751000,0.1338985590102542
752000,0.1338631254708524
753000,0.1337946935794814
754000,0.13317693251247054
755000,0.1328442581828288
756000,0.1336976413470218
757000,0.13356300798776022
758000,0.13212213664954253
759000,0.1309638651527167
760000,0.13097098725214218
761000,0.13016923029302252
762000,0.12792147598642356
763000,0.12840849423868805
764000,0.12765646439655404
765000,0.12801661042068577
766000,0.1280024489990956
767000,0.127808955453329
768000,0.12772648024805874
769000,0.12634715901081348
770000,0.12581139009174447
771000,0.12700298525097303
772000,0.12728909909311215
773000,0.12698991082790373
774000,0.1260173669208406
775000,0.12458956006274738
776000,0.1263707382152574
777000,0.12523461058658178
778000,0.1253778644687325
779000,0.12605276663426024
780000,0.12514611684295326
781000,0.12539438509575357
782000,0.1253109577374501
783000,0.12670929555139113
784000,0.12740780550966221
785000,0.12909924579755294
786000,0.1277740539127382
787000,0.1279198025188636
788000,0.1269786602773044
789000,0.12701627540631047
790000,0.1255096580084336
791000,0.12592825115805645
792000,0.1274484976263576
793000,0.12804005585377926
794000,0.12803621783060884
795000,0.12923550419296861
796000,0.1270806684100894
797000,0.12595636740119565
798000,0.12596458851150877
799000,0.1263495681551787
800000,0.12565727898197576
801000,0.12779730995579355
802000,0.12870443597453005
803000,0.12714691619247392
804000,0.12605400318896323
805000,0.12593147334484325
806000,0.12445687089514136
807000,0.12453544248406513
808000,0.12397784139486753
