1000,0.452413838986349
2000,0.40634517737728276
2000,0.40634517737728276
4000,0.46230661575100995
5000,0.47941830422159704
6000,0.5852954019513926
7000,0.5496064187883126
8000,0.5013188786360431
9000,0.4697257473626436
10000,0.4364432078833567
11000,0.41482562945767765
12000,0.4159977060019066
13000,0.405636505976762
14000,0.3943364518963084
15000,0.38090900200196187
16000,0.3592978646880526
17000,0.35382540211435226
18000,0.3541023912066144
19000,0.34556994161222293
20000,0.3274987345790116
21000,0.3233292919036872
22000,0.3225425128142521
23000,0.31846200781087164
24000,0.3189348748608264
25000,0.32461864745400626
26000,0.31820903815518786
27000,0.307899668643774
28000,0.31007216376982605
29000,0.3073207678540086
30000,0.3024694816339749
30000,0.3024694816339749
32000,0.30205713131688794
33000,0.29685589818550595
34000,0.2971234099542485
35000,0.2919038176473419
36000,0.2926775954904803
37000,0.29055403553824616
38000,0.2894439761227519
39000,0.2832721619569981
40000,0.28519450661388746
41000,0.29140547307425785
42000,0.29165268053576554
43000,0.2882665004217459
44000,0.28849524171212976
45000,0.2871971590312766
46000,0.28790536698117586
47000,0.2861548541221553
48000,0.28814210452096317
49000,0.29139507370544954
50000,0.2905360971730021
51000,0.2836054262986896
52000,0.28064283069860685
53000,0.2776233090888151
54000,0.2753288219802127
55000,0.2741373940367768
56000,0.27502515138614736
57000,0.2740478245526996
58000,0.2751972751573602
59000,0.27579978339884853
60000,0.2766299798379718
61000,0.27632951270507
61000,0.27632951270507
63000,0.2750278859819453
64000,0.27594188806719033
64000,0.27594188806719033
66000,0.276456387640695
67000,0.27822673774818185
68000,0.27689744352317097
69000,0.27710039158426236
70000,0.27466882047956953
71000,0.2748402334340837
72000,0.27848936538769103
73000,0.2794458936197944
74000,0.2782795240431511
75000,0.27635393931999097
76000,0.27572013099664594
77000,0.2745864639589225
77000,0.2745864639589225
79000,0.2754769367842002
80000,0.2765101199910194
81000,0.2762693399928867
82000,0.27746259973705584
83000,0.27547348937964294
84000,0.2743635518217792
85000,0.2734585108646954
86000,0.27802478818264237
87000,0.2801214922312127
88000,0.2812546077809819
89000,0.2791192494813044
90000,0.27798597728617125
91000,0.27634687092273724
92000,0.27322951811968516
93000,0.2727898660506278
94000,0.2703223460891916
95000,0.2712905406776984
96000,0.26961050367433503
97000,0.2710951854196608
98000,0.2725703928074452
99000,0.27278970607068476
100000,0.27134947340768395
101000,0.26930038834520237
102000,0.2699055242689216
102000,0.2699055242689216
104000,0.2695896076969509
105000,0.2696780129502056
106000,0.2705252657090089
107000,0.2702409178490669
108000,0.268713399887564
109000,0.26820098323043395
110000,0.26667289653838
110000,0.26667289653838
112000,0.2658722885509929
113000,0.26589158228460275
114000,0.26746021477078663
115000,0.26790417568542346
116000,0.2673752755645583
117000,0.2664674573399135
118000,0.26658513840948583
119000,0.26512129200298085
120000,0.2664049860536936
121000,0.26689247148960166
122000,0.2658542846304433
123000,0.26382674005258383
124000,0.2640146472265819
125000,0.26484399887477095
126000,0.2637470793267309
127000,0.26332445436903185
128000,0.2628315715591885
129000,0.2625718214721832
130000,0.2620279389170858
131000,0.26134919783675664
132000,0.26185927662815395
133000,0.2628154451680281
134000,0.26443507990670584
135000,0.26345829858145914
136000,0.2635913983676835
137000,0.26200198026354893
138000,0.2610409581728381
139000,0.26315170800079596
140000,0.2625405819430539
141000,0.2621051154083558
142000,0.2620557280835167
143000,0.2614513080647647
144000,0.2612602690777504
145000,0.261090074859569
146000,0.2599022418963531
147000,0.2587491723415047
148000,0.2579893409016986
149000,0.25907480685968687
150000,0.2599128703259956
151000,0.2602222874998975
152000,0.2603468081444987
153000,0.2605664428069813
153000,0.2605664428069813
155000,0.26128329978285975
156000,0.25852346284687666
157000,0.2578204624789991
158000,0.2573585468313988
159000,0.25697567845633995
160000,0.2582985418594752
161000,0.2589574568626507
162000,0.25841825152871056
163000,0.2585784883884201
164000,0.25752046417162283
164000,0.25752046417162283
166000,0.25794311801826375
167000,0.25692894887203127
168000,0.25555805174825597
169000,0.2553835209393141
170000,0.2559635543282466
171000,0.2564590296210052
172000,0.25612309748427703
173000,0.25632006982338423
174000,0.2566580971746939
175000,0.25699041758413493
176000,0.2559878988395278
177000,0.25564428381324816
178000,0.2561552568510941
179000,0.2553924278166819
180000,0.25514007705587194
181000,0.2544451532965247
182000,0.25457572409801826
183000,0.25453493385591147
184000,0.2542756911113717
185000,0.2544537402668638
186000,0.25483539265388266
187000,0.2547801199615361
188000,0.2550855850590687
189000,0.25522904237885347
190000,0.25551481568014583
191000,0.254615646402576
191000,0.254615646402576
193000,0.2555466191454029
194000,0.2540826831307313
195000,0.25329509837984726
196000,0.2536882897619579
197000,0.2532438649966017
198000,0.252682387929717
199000,0.25236215461883144
199000,0.25236215461883144
201000,0.25260510483627574
202000,0.2518579237603044
203000,0.2528403346179537
204000,0.253148122721327
205000,0.2527153719974052
206000,0.25249526031359276
207000,0.2530531714177404
208000,0.25310837323626945
209000,0.25306331415405703
210000,0.25388091168738464
211000,0.2534739018632248
212000,0.25285434822703434
213000,0.2516013133848358
214000,0.25192073539735144
214000,0.25192073539735144
216000,0.25216547018067254
217000,0.2534470249318546
218000,0.2533558996024172
219000,0.25292235295267224
220000,0.2525191876673078
221000,0.2530900521631712
221000,0.2530900521631712
223000,0.252689787747091
224000,0.25232150018200356
225000,0.25267356403516217
226000,0.2524570025414769
227000,0.2513222043433936
228000,0.2502074115560269
229000,0.24944663722683605
230000,0.24881689187363074
231000,0.24763722239652972
232000,0.2476235193955185
233000,0.2469272886959531
234000,0.2464347017250224
235000,0.24686814773279675
236000,0.24856070580864384
237000,0.2475254940792725
238000,0.24716384072610187
239000,0.24692099733235942
240000,0.24636444418851958
241000,0.24529034532069963
242000,0.24460958618415193
243000,0.24441590135499813
244000,0.24385297548597196
245000,0.24436616727554883
246000,0.24462882502417324
247000,0.24429367506813707
248000,0.24542632655104904
249000,0.2457240567879361
250000,0.24502889272080017
251000,0.24383458940620525
252000,0.2439765219325894
253000,0.24392471349758868
254000,0.24291754415673208
255000,0.24283272315925802
256000,0.2416242131748183
257000,0.24128237229395885
258000,0.24158258290348694
259000,0.24255006137775179
260000,0.24273314621817316
261000,0.2433605441042972
262000,0.24239089619166806
263000,0.24212886062014588
264000,0.2412853696768215
264000,0.2412853696768215
266000,0.2415929102988346
267000,0.2409600030074846
268000,0.24114849539388483
269000,0.24189218287705694
270000,0.24190172760253892
271000,0.24250631165279002
272000,0.24277060570208728
273000,0.2428357786754854
274000,0.24266573136200814
275000,0.24238984088112098
276000,0.24221859387107375
277000,0.2417594274359008
278000,0.24136938487805565
279000,0.24135880600625487
280000,0.2410485124895085
281000,0.24092654785017756
282000,0.24115686913299192
283000,0.24162197164371177
284000,0.2405282617025934
285000,0.23974208000562577
286000,0.24038734530708486
287000,0.24101547931912068
288000,0.2411813531234378
289000,0.24060617379642338
290000,0.24051713495884003
291000,0.24065798175520678
292000,0.24054776141915934
293000,0.24009902860697954
294000,0.2402955522825001
295000,0.2401220352983108
296000,0.240200802621414
297000,0.23997053544795552
298000,0.23968274976291742
299000,0.23929704500263257
300000,0.23840795036861975
301000,0.23905705921149772
302000,0.23893581210163228
303000,0.2387038590451276
304000,0.23818077236959287
304000,0.23818077236959287
306000,0.23854013348159622
307000,0.23725643935662274
308000,0.23672720259771707
309000,0.23688486489132915
310000,0.23686084786833092
311000,0.23655171380008994
312000,0.23695533454990006
313000,0.2366986818502551
314000,0.2364568755193905
315000,0.23583359214453903
316000,0.2353546186411295
317000,0.23462338877579592
318000,0.23456140409350398
319000,0.23413228408882178
320000,0.2348058111161421
321000,0.2348462341370557
322000,0.23482915859992595
323000,0.23442078130209712
323000,0.23442078130209712
325000,0.2339575160014312
326000,0.23419502203090647
327000,0.2340915060356023
328000,0.2332942610659116
329000,0.23284326356798046
330000,0.23236855729976577
331000,0.23230296037510786
332000,0.23215356152038258
333000,0.2319129952170419
334000,0.23185514242680139
335000,0.23145367191839644
335000,0.23145367191839644
337000,0.2309855292573044
338000,0.23157312414949588
339000,0.23163413798194446
340000,0.2311850249465955
340000,0.2311850249465955
342000,0.23068082668620582
343000,0.23076524810962526
344000,0.23056586427679324
345000,0.230201607457621
346000,0.22997434822171195
347000,0.22974622467152284
348000,0.22979236910822462
349000,0.2295933273025527
350000,0.22915008054838024
351000,0.22871251495544503
352000,0.22814455981173118
353000,0.22751844939963287
354000,0.2257352510163039
355000,0.22378623572960413
356000,0.22296744149233003
357000,0.22241436336311665
358000,0.22191721140023205
359000,0.22097258555603144
360000,0.22067019484337339
361000,0.2213486026411708
362000,0.22086570849466244
363000,0.2208025905758191
364000,0.2207318936009288
365000,0.2211180229244946
366000,0.22074387959699251
367000,0.22029268325498547
368000,0.22104857894424498
368000,0.22104857894424498
370000,0.22104855585703886
371000,0.22140397785305607
372000,0.22096576330523204
373000,0.22074632384580498
374000,0.2203065027722712
375000,0.22006222374327167
376000,0.22054634992552313
377000,0.219969956079907
378000,0.22030707504459282
379000,0.22113975805958064
380000,0.22153272186834874
381000,0.22137565703459386
382000,0.22093692721686592
383000,0.22069028010453742
384000,0.22002283000389514
384000,0.22002283000389514
386000,0.22102306092533816
387000,0.22165111905591695
388000,0.22069820741152363
389000,0.22036865664126362
390000,0.22036915732749024
391000,0.2214708812457373
392000,0.2211902519736957
393000,0.22189866113463214
394000,0.22133623293865123
395000,0.22203006318298898
396000,0.22204000699631468
397000,0.22138763955006244
398000,0.22058258549538587
399000,0.2204873804512438
400000,0.22078593796333565
401000,0.2197108531350205
402000,0.21835154001541293
403000,0.21786665273902708
404000,0.21783285005132103
405000,0.21739431618942856
406000,0.21691902643570063
407000,0.21673912768609416
408000,0.21639164186081272
409000,0.21592289780276588
410000,0.2173142781060543
411000,0.21877097456945627
412000,0.21872591300945807
413000,0.21850717066711775
414000,0.21830212069771357
415000,0.218711806447423
416000,0.21877525060960434
417000,0.21779477632967623
418000,0.21758339866003798
419000,0.21676238765059014
420000,0.2163984253457537
421000,0.21553400025584774
422000,0.2166645412522622
423000,0.21697796607240355
424000,0.21626316756731734
425000,0.21668344448058025
426000,0.2175943055476833
427000,0.2173872251415089
428000,0.21581844274539871
429000,0.21529205801744974
430000,0.21494085980561822
431000,0.21499982864704406
432000,0.2162281840683276
433000,0.21590559860308434
434000,0.21526546822215134
435000,0.21520453600633246
436000,0.2141441367745484
437000,0.21415130961596932
437000,0.21415130961596932
439000,0.21410462033708963
440000,0.2135761025046302
441000,0.21226440735211347
442000,0.2121398643391818
443000,0.21055194901953664
444000,0.21025997850928715
445000,0.20982310773409033
446000,0.21028503354921207
447000,0.2101336159733083
448000,0.209434070359117
449000,0.20944464305483337
450000,0.20897443098084875
450000,0.20897443098084875
452000,0.20908978929073135
453000,0.20909370437420172
454000,0.20920865839311284
455000,0.20849618082108035
456000,0.20792531641232564
457000,0.20809224889663727
458000,0.20818935572623723
459000,0.20795883999143477
460000,0.2069000227587182
461000,0.20782965732765415
462000,0.20786997973026142
463000,0.20773530003590526
464000,0.20702621747576813
465000,0.207138316032683
466000,0.20707631526388207
467000,0.20751599804440224
468000,0.20764538988598988
469000,0.20651728338050093
470000,0.20606931129625958
471000,0.2066163604184436
472000,0.206151598395722
473000,0.20573705776665868
474000,0.20514137487590836
475000,0.2052321068255136
476000,0.20537689779966317
476000,0.20537689779966317
478000,0.20603992922733297
479000,0.20600381681331914
480000,0.2062953562817105
481000,0.20596449967069708
482000,0.20571565475661996
483000,0.2058023571923891
484000,0.20648796521966586
485000,0.20611567711440726
486000,0.20543847107456167
487000,0.20494129527278268
488000,0.2044600425069401
489000,0.2040230951182026
490000,0.2040207103452818
491000,0.2038823332284145
492000,0.20450138642885224
493000,0.2044941043231086
494000,0.20450347455891735
495000,0.2030323222789624
496000,0.20249155858681597
497000,0.20422439494104286
498000,0.20438209698051546
499000,0.2042085925075811
500000,0.20308526487586148
501000,0.20324991914332802
502000,0.20363165642449882
503000,0.20436292177013915
504000,0.20406818315717273
505000,0.20366097226090482
506000,0.20327411026958425
507000,0.20212053728211726
508000,0.20176153565540547
509000,0.20135301979199488
510000,0.20167882418498617
511000,0.20126489347207516
512000,0.20075374250484015
513000,0.20104866009203462
514000,0.20199947566725235
515000,0.20256795304211847
516000,0.20182896449492851
517000,0.2014580540305385
518000,0.20060375487868756
518000,0.20060375487868756
520000,0.20054148847940922
521000,0.20165098275837431
522000,0.2018030967390091
523000,0.2014545906652505
523000,0.2014545906652505
525000,0.2007245267433391
526000,0.20050657754277149
527000,0.20051599405138865
528000,0.19960044474378827
529000,0.19972688439928526
530000,0.19895086265927991
531000,0.19924858106657697
532000,0.19878244912473145
533000,0.19876058617666917
534000,0.1976284719029012
535000,0.19772216327735867
536000,0.19760560087016676
537000,0.19759887682163535
538000,0.19660345675723342
539000,0.1968615253240127
540000,0.19742275934473258
540000,0.19742275934473258
542000,0.1975835111296206
543000,0.19799273795106978
544000,0.19679387804126783
545000,0.1969315826856541
546000,0.1969878630430793
547000,0.19665023602031256
548000,0.19615042116300427
549000,0.1958677296593624
550000,0.19640460364504558
551000,0.1959579790931146
552000,0.19428550586076113
553000,0.1942825092549196
554000,0.19399212095599674
555000,0.19452170765328197
556000,0.19450968230367982
557000,0.19430290806333136
558000,0.19420219446093273
559000,0.1933575567108646
560000,0.19311194676011706
561000,0.19306554307053306
562000,0.19340299854505003
563000,0.19257085665651072
564000,0.19171249791438388
565000,0.19197665213142848
566000,0.19200172585767541
567000,0.19216724693584852
568000,0.19228713743093964
569000,0.19265214970070668
570000,0.1929040763862596
571000,0.19336400650375007
572000,0.1928389047744423
573000,0.19293949035356786
574000,0.19218289831647078
575000,0.19246925169405812
576000,0.19280557438998508
577000,0.19236028632447316
578000,0.19172016593536143
579000,0.19090396454470307
580000,0.1911988040619336
581000,0.19121937319835555
582000,0.1912185848376793
583000,0.19227508427315243
584000,0.1933260500182811
585000,0.19324689551819743
586000,0.19325401440005005
587000,0.19243504073419898
588000,0.19277366226232648
589000,0.19200028583687895
590000,0.19200475473684794
591000,0.19060207212253483
592000,0.19015751846561524
593000,0.19006615811348296
594000,0.19003165833082483
595000,0.1900421996628797
596000,0.18932985771633365
597000,0.1898611408500196
597000,0.1898611408500196
599000,0.19024078388273227
600000,0.19023894075818432
601000,0.19088137426008497
602000,0.19103996963403266
603000,0.18979317255489384
604000,0.18908804363948126
605000,0.18881190229150172
606000,0.18928281123152238
607000,0.1893344130787602
608000,0.18857628653652833
609000,0.18893730650647683
610000,0.18878257058381104
611000,0.18885182450976618
612000,0.18885170323747685
613000,0.18938899738087703
614000,0.18943186864181516
615000,0.18844688349308608
616000,0.18800432150307123
617000,0.18777476662819723
618000,0.18789541749100352
619000,0.1874967984004037
620000,0.18759201138700865
621000,0.18725469832165856
622000,0.1869253742237373
623000,0.18682042837113663
624000,0.18638102431687129
625000,0.18597229256232722
626000,0.1856325358683445
627000,0.18489941739677512
628000,0.18502514006378448
629000,0.1843231218950998
630000,0.18472034131416978
631000,0.1847229027181039
632000,0.18408182654382563
633000,0.18276718819030766
634000,0.18201312821677504
635000,0.18186369792088636
636000,0.1815311756196416
637000,0.18227782480522428
638000,0.1807283492424874
639000,0.18201395376586788
640000,0.18166449253430528
641000,0.18139531592732433
642000,0.18125960836149982
643000,0.18149354934399653
644000,0.18113197599739295
645000,0.1805069742191932
646000,0.18014217041593258
647000,0.180649259870992
648000,0.18045734543512235
649000,0.17990040428031498
650000,0.18037831720876307
651000,0.17963125954248044
652000,0.18030003731473698
653000,0.18069692226196202
654000,0.18111399495467928
655000,0.18177125316578707
656000,0.1809484706497567
657000,0.18024292973729042
658000,0.18035687897973013
659000,0.18017380227770768
659000,0.18017380227770768
661000,0.18036490150986675
662000,0.18033819063119938
663000,0.1809243014461474
664000,0.18098430899778895
665000,0.18126555453897622
666000,0.18099821389098053
667000,0.18048953794985487
668000,0.18040424818761325
669000,0.18002071459298366
670000,0.17946417294242037
671000,0.17982412616265567
672000,0.17970673955723462
673000,0.1794527287534258
674000,0.17945152242547352
675000,0.17937064612500606
676000,0.17883898722604938
677000,0.17782164131076356
678000,0.17736514782618867
679000,0.1777158757647692
680000,0.1757426562019822
681000,0.17619069532469706
682000,0.1763487821135654
683000,0.17645826166153852
684000,0.17663080598910103
685000,0.1761612105018557
686000,0.17674975574026108
687000,0.17721786026751193
688000,0.17722909975252538
689000,0.1771178141327766
690000,0.1767331760940658
691000,0.1757942885647897
692000,0.17547739743878174
693000,0.17539504440927833
694000,0.175919844360578
695000,0.17476200146213786
696000,0.17461986842357602
697000,0.1741437449558593
698000,0.17367866281555402
699000,0.17359396574581606
700000,0.17323299257949354
701000,0.17312099176720802
702000,0.17172093295417631
703000,0.17207310100881182
704000,0.17162441364875183
705000,0.17241327417238544
706000,0.17192494043335443
707000,0.17144356619512816
708000,0.1715972250297181
709000,0.1705710363991795
710000,0.170288607886454
711000,0.1699914294598181
711000,0.1699914294598181
713000,0.16913241165169796
714000,0.16979831253180713
715000,0.1694218473364822
716000,0.16962550296640613
717000,0.1692517497118548
718000,0.16714397103620302
719000,0.1670926659880664
720000,0.16709181311574098
721000,0.1672532148954363
722000,0.16701965906569938
723000,0.1654577300354458
724000,0.1647658127163799
725000,0.16488149585668305
726000,0.16488239460092666
727000,0.1645986142717066
728000,0.16507582671102516
729000,0.1649794690502326
730000,0.16544375881199916
731000,0.1657733875346349
732000,0.16488124476534372
733000,0.16582603293217574
734000,0.16501622409530042
735000,0.1654533239424351
736000,0.16373024677689066
737000,0.1649863954922603
738000,0.16498490426601156
739000,0.16462602053199968
740000,0.16302473592986216
741000,0.16252607603956334
742000,0.1626889093941952
743000,0.162119147125322
744000,0.16294415739661441
745000,0.16303386529007846
746000,0.16315346011706458
747000,0.16351249880967192
748000,0.1641534795715534
749000,0.16209833320843675
750000,0.1621642429518106
751000,0.16143718508343274
752000,0.16083846259524556
753000,0.15979329811545756
754000,0.15942436380701883
755000,0.15949227247688122
756000,0.1595915820102884
757000,0.1573095370887305
758000,0.15730512830601082
759000,0.1573531106810999
760000,0.15689799138639937
761000,0.15718920018095048
762000,0.15745468798656567
763000,0.1574269356317197
764000,0.15702801841143996
765000,0.15733402243669065
766000,0.15678861861125606
767000,0.1569740452836805
768000,0.1563556483026199
769000,0.1560685601984974
770000,0.15603687841804548
771000,0.1572345289011602
772000,0.1576814338387891
773000,0.1580936009840023
774000,0.1580168326421878
774000,0.1580168326421878
776000,0.15933893216948986
776000,0.15933893216948986
778000,0.1588072904812816
779000,0.15877575729300492
780000,0.1584678381836548
781000,0.15844621164182468
782000,0.1584472166219657
783000,0.15949518161094228
784000,0.15908611329538547
785000,0.15935154373966537
786000,0.15804651054313534
787000,0.1566834831918489
788000,0.15699195763085047
788000,0.15699195763085047
790000,0.1565025251406895
791000,0.15631397250210677
792000,0.15685476143397767
793000,0.156994879021145
794000,0.1565129700589742
795000,0.15666087285874758
796000,0.15617395967752892
797000,0.15580767042951424
798000,0.15569822809395736
799000,0.15612970696464243
800000,0.15595484292778483
801000,0.15656249371946848
802000,0.15770606449649233
803000,0.15626214910767686
804000,0.15625887568814886
805000,0.15638973025080155
806000,0.1559677586203688
807000,0.15595668273035385
808000,0.1555267304219941
