1000,0.6472798401007785
2000,0.7460327792679511
3000,0.7833132950030722
4000,0.7893357266088921
5000,0.7886767196566012
6000,0.8114362837664364
7000,0.7745489433857491
8000,0.7250413973581221
9000,0.714492856400624
10000,0.6878875779050972
11000,0.6852190891084581
12000,0.7069910277314242
13000,0.6930157289170511
14000,0.6810585722289575
15000,0.6656501309567686
16000,0.6569182126303328
17000,0.6526970179893209
18000,0.6435079856232387
19000,0.6348788112205266
20000,0.6171364003263582
21000,0.6140485957799641
22000,0.6117046582286133
23000,0.6039545705266895
24000,0.6004360007803029
25000,0.5923637801585303
26000,0.5932617401173096
27000,0.578016144627672
28000,0.5814455255035706
29000,0.5731225598373341
30000,0.559890009633999
31000,0.5527365751561633
32000,0.5509568592554204
33000,0.5411874490371027
34000,0.5422077729496916
35000,0.5333390155605818
36000,0.5313035687864235
37000,0.5301097063884197
38000,0.5201699179829831
39000,0.510616339203066
40000,0.5139680686096603
41000,0.5166986712782732
42000,0.5110364513542996
43000,0.5049258029632383
44000,0.5013251029428833
45000,0.4961478780538744
46000,0.48603575359606876
47000,0.4847306331564263
48000,0.4818359018058505
49000,0.4786447666089499
50000,0.4764874523827081
51000,0.4718521474821279
52000,0.4672289408893152
53000,0.46510214581347953
54000,0.4633027820815648
55000,0.4638702558594766
56000,0.46382785844824
57000,0.4628018344650955
58000,0.4565757437576264
59000,0.45649826641353064
60000,0.4596458965297945
61000,0.45835017021674745
62000,0.45708562865240404
63000,0.45499986526834707
64000,0.45156994661582833
65000,0.4493419168006784
66000,0.45004947957108304
67000,0.4485626234760028
68000,0.4462650914739234
69000,0.4444231008578016
70000,0.4423126890345847
71000,0.4408945945390126
72000,0.4455268092482907
73000,0.4458773278033681
74000,0.4430607783076486
75000,0.44001488341225864
76000,0.4379249940537564
77000,0.4326536029881044
78000,0.4322262694757223
79000,0.433955926607899
80000,0.4307030886170794
81000,0.43311475917078573
82000,0.4332501405165448
83000,0.43396590216874664
84000,0.4308906151903986
85000,0.4269151117959542
86000,0.43323998804340685
87000,0.4314916585578206
88000,0.4318176378575225
89000,0.4321808525839986
90000,0.4318294445916987
91000,0.43101426433368756
92000,0.43186100121308973
93000,0.4322879834073654
94000,0.428438075529735
95000,0.42667185690315607
96000,0.42379183180562885
97000,0.42384327690020096
98000,0.42406273751381257
99000,0.4238930751410535
100000,0.422013631021456
101000,0.4215486211177801
102000,0.4232704187897082
103000,0.4238254528452615
104000,0.42307462070923363
105000,0.42336512440854135
106000,0.4252657799940146
107000,0.424127195565638
108000,0.42237233202821306
109000,0.4205418550112904
110000,0.4178931066032433
111000,0.4171927726218881
112000,0.41565504149319193
113000,0.4133530789120951
114000,0.4134937335319433
115000,0.41240494305742786
116000,0.4127125741081143
117000,0.41199416821270096
118000,0.41047078605153015
119000,0.40750514522802017
120000,0.4076460692451514
121000,0.40750955932969113
122000,0.4061356900521124
123000,0.40574041510175807
124000,0.40617014565182663
125000,0.408016588365112
126000,0.40617033472018377
127000,0.40673804006671654
128000,0.40518104649522313
129000,0.4053034127165377
130000,0.4026355330663887
131000,0.4036278049751883
132000,0.4027790559914299
133000,0.40154255144952505
134000,0.4026258890967877
135000,0.40104125658229545
136000,0.4005005482165217
137000,0.39709953331128556
138000,0.39496472943684807
139000,0.39192235792712354
140000,0.38817794183581666
141000,0.38422520777635333
142000,0.3808783975052487
143000,0.3766194953878978
144000,0.37096703652737173
145000,0.36958707298585525
146000,0.3699287737729323
147000,0.36590955082668164
148000,0.36378151542916587
149000,0.36592204569945713
150000,0.3640058215285739
151000,0.3598123720447668
152000,0.3596376068123444
153000,0.35732037848432785
154000,0.3554818333638699
155000,0.35409273602191604
156000,0.34991569289280955
157000,0.3478648300001909
158000,0.3477186176490638
159000,0.34786661206159986
160000,0.3464464235531221
161000,0.3487948597277973
162000,0.3489555341390186
163000,0.3451220439797028
164000,0.3446089860880545
165000,0.34486065129897586
166000,0.3448574849140683
167000,0.3426731696941933
168000,0.3436824846131274
169000,0.3415066760203153
170000,0.34078108249508265
171000,0.34385727529275506
172000,0.3432582270990951
173000,0.34407840836556414
174000,0.3424420409725766
175000,0.34175622536425354
176000,0.3390397005996163
177000,0.33894367374787826
178000,0.33771143865969994
179000,0.3390575431398382
180000,0.339312534581854
181000,0.33563530108979606
182000,0.3328268665527513
183000,0.3341995618856181
184000,0.3349873519360219
185000,0.3369844951145672
186000,0.3376046430832556
187000,0.3410014532715256
188000,0.33967988865625853
189000,0.33867732155028196
190000,0.33967643086748034
191000,0.33809160569236313
192000,0.33743680893979383
193000,0.3375284746795704
194000,0.33812153796681094
195000,0.3378187010292226
196000,0.33883942044537596
197000,0.33634579430939077
198000,0.3353322956674847
199000,0.33433479761553936
200000,0.33325000430464696
201000,0.3324601294643578
202000,0.32916237516753505
203000,0.3316563561398342
204000,0.3300209397736866
205000,0.3296115853352693
206000,0.3298722032101797
207000,0.32909111787366907
208000,0.3276784741704101
209000,0.32776248513035455
210000,0.33012477434143744
211000,0.32718913478322237
212000,0.3244596117347069
213000,0.3224616843617855
214000,0.3228719764281632
215000,0.3215936670113298
216000,0.32030328100203137
217000,0.3249626621085867
218000,0.3226475395498672
219000,0.3234113355669431
220000,0.3235961811335762
221000,0.3229479010705473
222000,0.3191444439146728
223000,0.3188306438906028
224000,0.31977922341805204
225000,0.31649205549610543
226000,0.3160035800038944
227000,0.31496901147909595
228000,0.3133525671962984
229000,0.31007885495339066
230000,0.3071652222077072
231000,0.3044230498630488
232000,0.3048944817008513
233000,0.30303853031872086
234000,0.30248789588174135
235000,0.3029696007208518
236000,0.30615789603330335
237000,0.30493354360773334
238000,0.30460994671287367
239000,0.30546437597549353
240000,0.303352955095118
241000,0.3007358823556467
242000,0.2987910437361592
243000,0.29630758180557515
244000,0.29434677367514744
245000,0.29502101247876816
246000,0.29704848914664805
247000,0.29878431200945704
248000,0.30097166027928846
249000,0.2991475701252692
250000,0.30025529286043035
251000,0.30061976100590315
252000,0.3008284394194002
253000,0.29831961836404064
254000,0.297040358034562
255000,0.29614821035731326
256000,0.2964750027345857
257000,0.2982401925978173
258000,0.29823871230885046
259000,0.29711540279230314
260000,0.29675629067750076
261000,0.29588771090294474
262000,0.29302124832520815
263000,0.29292280001875953
264000,0.28970752402937877
265000,0.2889217822264066
266000,0.28890114331293876
267000,0.2870955952826087
268000,0.2885323433008466
269000,0.2862004202966973
270000,0.2854396609623222
271000,0.28583317046265777
272000,0.2855990001039738
273000,0.2864739180411779
274000,0.28632032589752116
275000,0.28697310094286255
276000,0.28337005571789586
277000,0.2813815181982103
278000,0.28226736847437073
279000,0.2815694319513967
280000,0.2825937309249789
281000,0.28316809070644455
282000,0.28132783071504164
283000,0.2827787968311718
284000,0.28034830191220894
285000,0.27814855927040644
286000,0.27553773025451456
287000,0.275069298051025
288000,0.276228699379677
289000,0.2746738661813687
290000,0.27489657217980856
291000,0.2765889671617697
292000,0.279010006528863
293000,0.2784187330899623
294000,0.2777179338904745
295000,0.27609334405761216
296000,0.275263684838819
297000,0.27438027261044784
298000,0.2727771614458078
299000,0.27493485653433286
300000,0.27218425497784815
301000,0.27307491903605025
302000,0.27233648443722014
303000,0.27002097859133106
304000,0.269226004260638
305000,0.27049259316862073
306000,0.2720208126847359
307000,0.26814401532443377
308000,0.26791588987860393
309000,0.2665692376566814
310000,0.2666757053966054
311000,0.2677771025911022
312000,0.2681133288106355
313000,0.26666272851748596
314000,0.26715617462491137
315000,0.26590239188004766
316000,0.26444090044746
317000,0.26280491611309403
318000,0.2627534751021454
319000,0.2603464643734147
320000,0.2590276090418658
321000,0.2585813417645036
322000,0.25843498802197445
323000,0.2590641645335869
324000,0.25672579906310505
325000,0.2580867457240453
326000,0.25967786668172566
327000,0.2594130541031809
328000,0.2572417093400592
329000,0.2561100551378743
330000,0.2533929616709083
331000,0.2531031012737129
332000,0.253267505910558
333000,0.2539529530399205
334000,0.2545459344961692
335000,0.2537782449871301
336000,0.24986070110978603
337000,0.24916559358131435
338000,0.249688795053892
339000,0.24898534296810323
340000,0.24745306584639754
341000,0.24664126669535855
342000,0.246691440824786
343000,0.24739989938513554
344000,0.24785268264896626
345000,0.24646227334494614
346000,0.24589262281686775
347000,0.2455586695622772
348000,0.24792916707326854
349000,0.24790909339617273
350000,0.24615842552177947
351000,0.24479437982339702
352000,0.24458552635961625
353000,0.24227524497438777
354000,0.24188151692307203
355000,0.2403458305103097
356000,0.23996139866051952
357000,0.24080841781609202
358000,0.2398192971257974
359000,0.23663281268551492
360000,0.23655322577640334
361000,0.23804107748345368
362000,0.23979770548654544
363000,0.24045385465924293
364000,0.24162170328489221
365000,0.24153372015778893
366000,0.23813035818851008
367000,0.23894691488767347
368000,0.24064786349322254
369000,0.2400485946030675
370000,0.2369043503158307
371000,0.23497277050620735
372000,0.23591586022108554
373000,0.23405786993070593
374000,0.2346088379654918
375000,0.23306483511562176
376000,0.233546690772596
377000,0.23561926486111026
378000,0.2340109733310261
379000,0.23306678996946525
380000,0.23162721177120352
381000,0.23194128561266042
382000,0.23069105136851595
383000,0.23216623388009147
384000,0.23271089865998176
385000,0.23193892945384886
386000,0.2349869080015456
387000,0.23588473671263308
388000,0.23555812411528484
389000,0.23588242587296085
390000,0.23412225937116818
391000,0.23607162345695842
392000,0.23479450736874785
393000,0.2318139107157182
394000,0.23212756972263657
395000,0.2324189090078955
396000,0.23106080221633704
397000,0.23170244334138676
398000,0.2304585747149307
399000,0.23372063602311716
400000,0.23191149553179344
401000,0.23180713280174325
402000,0.2319000408103275
403000,0.23157404443558466
404000,0.23054399241322812
405000,0.2311883953398377
406000,0.23070122204649843
407000,0.2297621262060899
408000,0.2286530847825311
409000,0.22775313140468514
410000,0.22801805324210064
411000,0.23092566496355393
412000,0.23231629559565625
413000,0.2302652400156076
414000,0.2289019889636259
415000,0.2285411104082922
416000,0.2279983543538886
417000,0.2273624332952221
418000,0.22788329993378437
419000,0.22607078132706215
420000,0.2251909038815597
421000,0.22536266295787608
422000,0.22727521526499053
423000,0.22733496066305228
424000,0.22546873976149243
425000,0.22380924135526076
426000,0.22365948350212234
427000,0.2224890524141805
428000,0.22283952903233337
429000,0.2189248757325913
430000,0.2185101382453355
431000,0.21933047698111857
432000,0.22113173818554155
433000,0.2229068332884973
434000,0.22126531140786312
435000,0.2213253906996664
436000,0.2200999482860766
437000,0.2182187009240149
438000,0.2190672281775084
439000,0.21953272549454933
440000,0.21900737042586724
441000,0.22067414774204117
442000,0.22151691420726044
443000,0.21957891152007242
444000,0.22039368277836363
445000,0.22216198207755716
446000,0.22153043069198997
447000,0.22258037648519619
448000,0.22224249694943682
449000,0.2213699097834778
450000,0.21841349887147787
451000,0.2176913142214256
452000,0.21790530486595705
453000,0.21733912989028145
454000,0.21851718230343767
455000,0.2183669098797787
456000,0.21724652543185283
457000,0.217627132497527
458000,0.2169392974281646
459000,0.21786801529888242
460000,0.21566587185830322
461000,0.21657391106397506
462000,0.21654312468214648
463000,0.2154442760593007
464000,0.21569452522351706
465000,0.21430578527448255
466000,0.2122717563814438
467000,0.21416272118281904
468000,0.21478780387838373
469000,0.2155326314773693
470000,0.21603646168721735
471000,0.21954682546127857
472000,0.21958350367012786
473000,0.21912186040314047
474000,0.21861798630213042
475000,0.21980351122237873
476000,0.220828149964369
477000,0.22038993886623104
478000,0.22265614200530795
479000,0.22038116560330082
480000,0.22133690707126744
481000,0.22183327878831657
482000,0.22043243691769296
483000,0.21961314872361798
484000,0.21962153043367075
485000,0.22067634658307816
486000,0.22058363186731864
487000,0.22113141731006444
488000,0.21985550849072658
489000,0.22092707962100486
490000,0.2218554766191501
491000,0.21931395577114976
492000,0.21989708347366804
493000,0.21949838725797502
494000,0.2200621665631183
495000,0.21920669877960688
496000,0.2203029486097059
497000,0.2225702583187899
498000,0.22336824349855214
499000,0.22312045798674193
500000,0.22214663798905065
501000,0.22175194385548186
502000,0.22288669754726706
503000,0.22308010677186088
504000,0.22152945152144188
505000,0.2204145712132489
506000,0.2204727833292889
507000,0.22242107183849505
508000,0.22089961470295372
509000,0.2202460692941628
510000,0.22064466211260517
511000,0.21987652666097726
512000,0.22125766939819227
513000,0.22119186539252542
514000,0.2205573032662787
515000,0.2203473789619207
516000,0.2203383739564408
517000,0.2198429380997208
518000,0.22014380002287298
519000,0.22010596824161024
520000,0.2189028041239244
521000,0.21939804455053763
522000,0.22126127435344084
523000,0.22014372737863044
524000,0.21880621148170992
525000,0.21691233773862026
526000,0.21749665965487747
527000,0.2160996908600503
528000,0.21321876626588465
529000,0.2092123401830854
530000,0.2093858326262601
531000,0.21115244303767453
532000,0.21181374875513773
533000,0.21123705339241636
534000,0.21262181812375236
535000,0.2123269613055755
536000,0.214084248196509
537000,0.21626620911920372
538000,0.21417845311529277
539000,0.21362719301862518
540000,0.21508834688476622
541000,0.2135957881303709
542000,0.21469722534552538
543000,0.21296764911155772
544000,0.21268247640650026
545000,0.21500915049965783
546000,0.21542064630241053
547000,0.21526747461597562
548000,0.21428531358914799
549000,0.21297182709680715
550000,0.21405451042553722
551000,0.21264611901421057
552000,0.21330833703196933
553000,0.21296867350443013
554000,0.2097004933882476
555000,0.20796738101476958
556000,0.2079862139845565
557000,0.20818067090608572
558000,0.20923051774274234
559000,0.20841909243774295
560000,0.20814641595373667
561000,0.20717972004206833
562000,0.20744564135376498
563000,0.20715602366620045
564000,0.20672869140073674
565000,0.20467211471078986
566000,0.20575861114921185
567000,0.2063152484332733
568000,0.2050628802941204
569000,0.20539191339727275
570000,0.2050340755062751
571000,0.20730702809067095
572000,0.20364934375788454
573000,0.20237987676117808
574000,0.19916646427628718
575000,0.1982063158704612
576000,0.19664080070055912
577000,0.19871622135023792
578000,0.1987692561173627
579000,0.19849607039718495
580000,0.19806253752189298
581000,0.19601232903703936
582000,0.19461917723481575
583000,0.19565040078585288
584000,0.1970459759682742
585000,0.19579788616544497
586000,0.1957186957157517
587000,0.1957681597397861
588000,0.19439717278004262
589000,0.19425874671086837
590000,0.19409231045256098
591000,0.1944392286001107
592000,0.1943151176305404
593000,0.1941033271143143
594000,0.19328476745572265
595000,0.19327997738909442
596000,0.19356569291299616
597000,0.19539840664380892
598000,0.19455383632872655
599000,0.19635432872559802
600000,0.19544643953466248
601000,0.1948654184502817
602000,0.1967629282662129
603000,0.1960074567886073
604000,0.19491280955302717
605000,0.19516123437990401
606000,0.19497038958403243
607000,0.19288965582636253
608000,0.190741581217697
609000,0.18974561193882955
610000,0.1897013208648155
611000,0.18705425463686617
612000,0.1858669844574104
613000,0.18701183940962016
614000,0.18755574288133298
615000,0.18648809712599015
616000,0.18556485903170536
617000,0.18454903175365223
618000,0.18576584776127714
619000,0.1835021821636267
620000,0.18481409871789464
621000,0.18433348556861123
622000,0.18196458244476957
623000,0.1818951474564771
624000,0.18362877990079152
625000,0.18279340715405476
626000,0.18159026771771591
627000,0.17978860713203057
628000,0.1797695849683199
629000,0.17869922908147826
630000,0.17741354079519578
631000,0.17651580349591126
632000,0.17606743188956483
633000,0.17599104907262983
634000,0.17401439135011224
635000,0.17221817980564894
636000,0.17198836719771932
637000,0.17346855757887966
638000,0.17187787108384017
639000,0.17025084833048504
640000,0.17036727461129567
641000,0.17174771866561012
642000,0.17106070853844477
643000,0.17070880750150833
644000,0.17074246466559395
645000,0.16990010021911447
646000,0.1698975740765066
647000,0.17048646444182242
648000,0.17117739233345974
649000,0.17015382151963052
650000,0.16864580637269877
651000,0.1690295906730024
652000,0.16810489780624588
653000,0.16688370707334643
654000,0.1676263356724699
655000,0.16895393074075715
656000,0.16739942604708513
657000,0.16561806321719963
658000,0.16616198324862638
659000,0.16761996228605397
660000,0.16674276058107315
661000,0.16743594708526172
662000,0.1666203537100589
663000,0.16692728946357135
664000,0.169310692985863
665000,0.16864152696398596
666000,0.16667864568462493
667000,0.1655500546868405
668000,0.16571980166976133
669000,0.1636189638841939
670000,0.16248530757098997
671000,0.1622078838901827
672000,0.16172469550103546
673000,0.16289323755220017
674000,0.1603459230452438
675000,0.16172009515773778
676000,0.16201058637406077
677000,0.1619016384399547
678000,0.16077307359987644
679000,0.15925178161022263
680000,0.1593227257475548
681000,0.1601174977509798
682000,0.1594375664470129
683000,0.15892918300622694
684000,0.15841125246054671
685000,0.1574766748951289
686000,0.1572970392765304
687000,0.15666286865766
688000,0.15744617651484935
689000,0.15711106426847804
690000,0.15794146721903887
691000,0.15646447627156415
692000,0.15651830588893545
693000,0.15853902673185927
694000,0.15799996689729828
695000,0.15774396509158561
696000,0.15707370513589938
697000,0.15666453568890235
698000,0.15665632182307335
699000,0.1549003277741754
700000,0.15482443280558614
701000,0.1535203115105709
702000,0.1550174035246597
703000,0.15497040208449434
704000,0.15458898719563938
705000,0.15743849733296744
706000,0.15532968208185077
707000,0.1574680938513763
708000,0.15840679178347564
709000,0.15694635398195972
710000,0.15601399102161242
711000,0.15287184667944018
712000,0.1519711702966988
713000,0.15125060366084167
714000,0.15170901792289113
715000,0.1519749315160746
716000,0.15191951828287012
717000,0.14959870169703668
718000,0.14820165430004148
719000,0.14860145794401394
720000,0.14760248828554878
721000,0.14706113399429865
722000,0.14849368923483866
723000,0.15021318633654043
724000,0.15111127530161533
725000,0.15201478424125126
726000,0.1519295147831693
727000,0.15353261841009777
728000,0.15476311587720148
729000,0.15550697592037566
730000,0.15506780793075137
731000,0.15382091798747718
732000,0.15280940463346343
733000,0.1520173031348531
734000,0.15111388560289912
735000,0.1517849331783367
736000,0.14978933347315707
737000,0.15270051307935179
738000,0.1524201594089924
739000,0.15086327286375445
740000,0.15248902121685548
741000,0.15346655188048103
742000,0.15359549701928046
743000,0.15402465068980864
744000,0.1535324485587333
745000,0.1526850789115403
746000,0.1530881901574152
747000,0.15256699588318853
748000,0.15067209627143593
749000,0.14971059248141716
750000,0.15097923572383792
751000,0.15110461671006556
752000,0.15100461996289724
753000,0.1493371977452672
754000,0.14939232677299044
755000,0.1490958774254471
756000,0.15001162870763
757000,0.1491880224580483
758000,0.14911075951855218
759000,0.1474919620635349
760000,0.1468992651234852
761000,0.14630579674845007
762000,0.14698003850684518
763000,0.1478450067575059
764000,0.14651284071163384
765000,0.14716556679537426
766000,0.14653314741707754
767000,0.14739572125247016
768000,0.14782565764762332
769000,0.14786022441891453
770000,0.1480942973202922
771000,0.1478024037499242
772000,0.1483160689516581
773000,0.1484697284763265
774000,0.14712014009004498
775000,0.1454027142830784
776000,0.14704538312205007
777000,0.14503644302920796
778000,0.14436993226543035
779000,0.14505553703662305
780000,0.14513467186147413
781000,0.1435359908374636
782000,0.1436250097963437
783000,0.1444782037160786
784000,0.1447974648954268
785000,0.14624366601281544
786000,0.1452376539363977
787000,0.14536683151427174
788000,0.1458954747909221
789000,0.14714311389890297
790000,0.14520973318719688
791000,0.1432744756380086
792000,0.14540982418133258
793000,0.14432754690668326
794000,0.14481140333440223
795000,0.14521487486131904
796000,0.14358775350783748
797000,0.14249042795312025
798000,0.14071818106834225
799000,0.1412291946010374
800000,0.1416847526932924
801000,0.14208106534366002
802000,0.1426215282307309
803000,0.14195705048005117
804000,0.14110392680178654
805000,0.1400144569117947
806000,0.13829238905225089
807000,0.13866944588220992
808000,0.13945103723577393
