1000,-1.1
2000,-1.05
3000,-1.0333333333333334
4000,-1.025
5000,-0.9799999999999999
6000,-1.0166666666666666
7000,-0.9
8000,-0.7625
9000,-0.7222222222222222
10000,-0.67
11000,-0.6454545454545455
12000,-0.6583333333333333
13000,-0.6230769230769231
14000,-0.6071428571428571
15000,-0.5666666666666667
16000,-0.53125
17000,-0.5117647058823529
18000,-0.4722222222222222
19000,-0.4473684210526316
20000,-0.395
21000,-0.3857142857142857
22000,-0.38636363636363635
23000,-0.3782608695652174
24000,-0.3541666666666667
25000,-0.324
26000,-0.31153846153846154
27000,-0.28518518518518515
28000,-0.27499999999999997
29000,-0.24482758620689654
30000,-0.21
31000,-0.18387096774193548
32000,-0.165625
33000,-0.14848484848484847
34000,-0.15
35000,-0.13428571428571426
36000,-0.14166666666666666
37000,-0.11621621621621621
38000,-0.09736842105263158
39000,-0.07948717948717948
40000,-0.0725
41000,-0.06
42000,-0.020000000000000007
43000,0.017499999999999998
44000,0.05249999999999999
45000,0.07749999999999999
46000,0.13
47000,0.13999999999999999
48000,0.15
49000,0.16999999999999998
50000,0.1825
51000,0.20750000000000002
52000,0.24749999999999997
53000,0.26749999999999996
54000,0.27249999999999996
55000,0.2825
56000,0.28250000000000003
57000,0.2925
58000,0.3025
59000,0.3075
60000,0.2875
61000,0.2975
62000,0.32249999999999995
63000,0.34249999999999997
64000,0.35750000000000004
65000,0.3725
66000,0.3725
67000,0.3775
68000,0.3975
69000,0.39749999999999996
70000,0.3975000000000001
71000,0.39249999999999996
72000,0.3725
73000,0.3625
74000,0.3825
75000,0.39249999999999996
76000,0.4125
77000,0.4125000000000001
78000,0.4125
79000,0.4025
80000,0.4175
81000,0.4325000000000001
82000,0.4225
83000,0.42000000000000004
84000,0.43
85000,0.4375
86000,0.40499999999999997
87000,0.41
88000,0.40499999999999997
89000,0.4
90000,0.3975
91000,0.3925
92000,0.3775
93000,0.3725
94000,0.3975
95000,0.3975
96000,0.4225
97000,0.42750000000000005
98000,0.4125
99000,0.4225
100000,0.4425
101000,0.4525
102000,0.43999999999999995
103000,0.43499999999999994
104000,0.425
105000,0.41
106000,0.40499999999999997
107000,0.4050000000000001
108000,0.4
109000,0.4
110000,0.4
111000,0.41000000000000003
112000,0.44000000000000006
113000,0.45000000000000007
114000,0.43500000000000005
115000,0.43000000000000005
116000,0.43000000000000005
117000,0.4250000000000001
118000,0.42000000000000004
119000,0.43500000000000005
120000,0.425
121000,0.4325
122000,0.4425
123000,0.43499999999999994
124000,0.4149999999999999
125000,0.4025
126000,0.43249999999999994
127000,0.43000000000000005
128000,0.44000000000000006
129000,0.4450000000000001
130000,0.45499999999999996
131000,0.45500000000000007
132000,0.45500000000000007
133000,0.45500000000000007
134000,0.44000000000000006
135000,0.445
136000,0.425
137000,0.43000000000000005
138000,0.44499999999999995
139000,0.43499999999999994
140000,0.43499999999999994
141000,0.43500000000000005
142000,0.44749999999999995
143000,0.4525
144000,0.45
145000,0.45
146000,0.46499999999999997
147000,0.4625
148000,0.4575
149000,0.4425
150000,0.4225
151000,0.4125
152000,0.3975000000000001
153000,0.39749999999999996
154000,0.4225
155000,0.4225
156000,0.43000000000000005
157000,0.43
158000,0.4175
159000,0.4025
160000,0.3975
161000,0.4
162000,0.39
163000,0.4074999999999999
164000,0.4225
165000,0.4375
166000,0.4325
167000,0.43499999999999994
168000,0.43
169000,0.43
170000,0.43
171000,0.425
172000,0.425
173000,0.425
174000,0.4225
175000,0.42750000000000005
176000,0.44749999999999995
177000,0.4425
178000,0.4425
179000,0.44749999999999995
180000,0.44250000000000006
181000,0.44499999999999995
182000,0.44000000000000006
183000,0.43499999999999994
184000,0.4375
185000,0.4225
186000,0.42750000000000005
187000,0.42000000000000004
188000,0.425
189000,0.44000000000000006
190000,0.45
191000,0.45999999999999996
192000,0.4800000000000001
193000,0.4800000000000001
194000,0.4600000000000001
195000,0.45
196000,0.44250000000000006
197000,0.44250000000000006
198000,0.4625
199000,0.4675000000000001
200000,0.48250000000000004
201000,0.4875
202000,0.5025000000000001
203000,0.4875
204000,0.4875
205000,0.49250000000000005
206000,0.49250000000000005
207000,0.49250000000000005
208000,0.49250000000000005
209000,0.49250000000000005
210000,0.47750000000000004
211000,0.49250000000000005
212000,0.5025000000000001
213000,0.5125
214000,0.51
215000,0.515
216000,0.51
217000,0.49000000000000005
218000,0.485
219000,0.485
220000,0.485
221000,0.47000000000000003
222000,0.485
223000,0.49000000000000005
224000,0.495
225000,0.5075000000000001
226000,0.5025000000000001
227000,0.5125
228000,0.5225
229000,0.5275000000000001
230000,0.53
231000,0.525
232000,0.515
233000,0.53
234000,0.54
235000,0.545
236000,0.53
237000,0.5349999999999999
238000,0.5375
239000,0.5375
240000,0.53
241000,0.5349999999999999
242000,0.5349999999999999
243000,0.54
244000,0.545
245000,0.53
246000,0.53
247000,0.525
248000,0.505
249000,0.515
250000,0.53
251000,0.52
252000,0.52
253000,0.52
254000,0.54
255000,0.525
256000,0.53
257000,0.55
258000,0.5599999999999999
259000,0.56
260000,0.56
261000,0.5675000000000001
262000,0.5625
263000,0.5575
264000,0.5650000000000001
265000,0.5825
266000,0.5775
267000,0.5875
268000,0.5775
269000,0.5725
270000,0.575
271000,0.5700000000000001
272000,0.56
273000,0.545
274000,0.54
275000,0.5375
276000,0.5625
277000,0.5625
278000,0.5525
279000,0.5575
280000,0.555
281000,0.55
282000,0.54
283000,0.54
284000,0.545
285000,0.5599999999999999
286000,0.55
287000,0.555
288000,0.5650000000000001
289000,0.5575
290000,0.5575
291000,0.5575
292000,0.5525
293000,0.5475
294000,0.5325
295000,0.5475
296000,0.5325
297000,0.5275000000000001
298000,0.5225
299000,0.52
300000,0.5275000000000001
301000,0.5275000000000001
302000,0.5275000000000001
303000,0.5425000000000001
304000,0.535
305000,0.525
306000,0.52
307000,0.52
308000,0.52
309000,0.51
310000,0.5050000000000001
311000,0.5050000000000001
312000,0.515
313000,0.53
314000,0.5349999999999999
315000,0.5475
316000,0.5525
317000,0.5525
318000,0.5574999999999999
319000,0.5625
320000,0.5675
321000,0.5575
322000,0.5525
323000,0.5575
324000,0.5525
325000,0.5475
326000,0.5475
327000,0.545
328000,0.5625
329000,0.5700000000000001
330000,0.57
331000,0.575
332000,0.5800000000000001
333000,0.5850000000000001
334000,0.585
335000,0.5800000000000001
336000,0.5900000000000001
337000,0.61
338000,0.6
339000,0.6075
340000,0.6100000000000001
341000,0.62
342000,0.62
343000,0.6050000000000001
344000,0.6075000000000002
345000,0.6175
346000,0.6425000000000001
347000,0.6325000000000001
348000,0.6325000000000001
349000,0.6475
350000,0.6525000000000001
351000,0.6525000000000001
352000,0.6475
353000,0.6375
354000,0.6375
355000,0.64
356000,0.64
357000,0.635
358000,0.635
359000,0.6325000000000001
360000,0.6275000000000001
361000,0.6325000000000001
362000,0.6375
363000,0.6375
364000,0.6275000000000001
365000,0.6325000000000001
366000,0.6525
367000,0.6625
368000,0.655
369000,0.65
370000,0.655
371000,0.655
372000,0.655
373000,0.645
374000,0.655
375000,0.66
376000,0.6475
377000,0.6375
378000,0.6425
379000,0.6425000000000001
380000,0.6375
381000,0.6224999999999999
382000,0.6224999999999999
383000,0.6275000000000001
384000,0.625
385000,0.61
386000,0.585
387000,0.5800000000000001
388000,0.585
389000,0.5800000000000001
390000,0.5900000000000001
391000,0.5900000000000001
392000,0.595
393000,0.595
394000,0.6
395000,0.5974999999999999
396000,0.5825
397000,0.5775
398000,0.5825
399000,0.5700000000000001
400000,0.575
401000,0.5900000000000001
402000,0.5875
403000,0.5975
404000,0.6025
405000,0.6025
406000,0.5825
407000,0.5800000000000001
408000,0.5850000000000001
409000,0.5850000000000001
410000,0.5650000000000001
411000,0.555
412000,0.555
413000,0.5700000000000001
414000,0.5750000000000001
415000,0.5650000000000001
416000,0.5774999999999999
417000,0.58
418000,0.585
419000,0.585
420000,0.595
421000,0.6075
422000,0.5974999999999999
423000,0.5875
424000,0.5974999999999999
425000,0.5975
426000,0.6075
427000,0.6225
428000,0.6125
429000,0.6225
430000,0.6075
431000,0.61
432000,0.5900000000000001
433000,0.585
434000,0.5824999999999999
435000,0.5675
436000,0.58
437000,0.585
438000,0.58
439000,0.585
440000,0.585
441000,0.575
442000,0.5775
443000,0.565
444000,0.5650000000000001
445000,0.5599999999999999
446000,0.5700000000000001
447000,0.5675
448000,0.5675000000000001
449000,0.5775
450000,0.6025
451000,0.6174999999999999
452000,0.6225
453000,0.615
454000,0.6025
455000,0.61
456000,0.6
457000,0.5974999999999999
458000,0.6024999999999999
459000,0.6
460000,0.5900000000000001
461000,0.5875
462000,0.5925
463000,0.6074999999999999
464000,0.5975
465000,0.6025
466000,0.6175
467000,0.6025
468000,0.6075
469000,0.5925
470000,0.5974999999999999
471000,0.5900000000000001
472000,0.605
473000,0.615
474000,0.6174999999999999
475000,0.625
476000,0.6174999999999999
477000,0.6224999999999999
478000,0.6224999999999999
479000,0.6325000000000001
480000,0.6325000000000001
481000,0.6325000000000001
482000,0.6475
483000,0.655
484000,0.65
485000,0.655
486000,0.665
487000,0.6725
488000,0.6725
489000,0.6525
490000,0.6425000000000001
491000,0.6449999999999999
492000,0.64
493000,0.6375
494000,0.645
495000,0.6425000000000001
496000,0.65
497000,0.6450000000000001
498000,0.64
499000,0.6475000000000001
500000,0.6575
501000,0.6625
502000,0.6475000000000001
503000,0.6375000000000001
504000,0.6475
505000,0.6525000000000001
506000,0.6425000000000001
507000,0.6475000000000001
508000,0.65
509000,0.665
510000,0.665
511000,0.675
512000,0.68
513000,0.68
514000,0.6725
515000,0.675
516000,0.6725
517000,0.6775
518000,0.6775
519000,0.6825
520000,0.6875
521000,0.6825
522000,0.6675000000000001
523000,0.6725
524000,0.6825
525000,0.6875
526000,0.6725
527000,0.6675
528000,0.6725
529000,0.6824999999999999
530000,0.6900000000000001
531000,0.6725
532000,0.6725
533000,0.6775
534000,0.6725
535000,0.67
536000,0.6625
537000,0.6625
538000,0.6725
539000,0.6675000000000001
540000,0.6525000000000001
541000,0.6575
542000,0.6725
543000,0.6775
544000,0.6775
545000,0.6725
546000,0.6675000000000001
547000,0.6775
548000,0.68
549000,0.6699999999999999
550000,0.6625
551000,0.6725
552000,0.6775
553000,0.6725
554000,0.6799999999999999
555000,0.6849999999999999
556000,0.6975
557000,0.6924999999999999
558000,0.6900000000000001
559000,0.69
560000,0.6900000000000001
561000,0.6975
562000,0.7074999999999999
563000,0.6975
564000,0.7025
565000,0.6875
566000,0.6925
567000,0.6975
568000,0.6849999999999999
569000,0.6875
570000,0.6849999999999999
571000,0.6900000000000001
572000,0.7
573000,0.6925
574000,0.7075
575000,0.71
576000,0.7150000000000001
577000,0.7125
578000,0.7
579000,0.7024999999999999
580000,0.7025
581000,0.7025
582000,0.7125
583000,0.7049999999999998
584000,0.6849999999999999
585000,0.6849999999999999
586000,0.69
587000,0.68
588000,0.68
589000,0.6875
590000,0.705
591000,0.7050000000000001
592000,0.7
593000,0.7050000000000001
594000,0.71
595000,0.71
596000,0.71
597000,0.7
598000,0.7074999999999999
599000,0.6950000000000001
600000,0.695
601000,0.6875
602000,0.6775
603000,0.6825
604000,0.6725
605000,0.6775
606000,0.6824999999999999
607000,0.6824999999999999
608000,0.6950000000000001
609000,0.6975
610000,0.6825
611000,0.6925
612000,0.6925000000000001
613000,0.6900000000000001
614000,0.68
615000,0.6849999999999999
616000,0.6875
617000,0.7024999999999999
618000,0.6950000000000001
619000,0.7024999999999999
620000,0.7074999999999999
621000,0.7024999999999999
622000,0.7025
623000,0.7150000000000001
624000,0.725
625000,0.7300000000000001
626000,0.73
627000,0.74
628000,0.735
629000,0.7350000000000001
630000,0.725
631000,0.725
632000,0.7300000000000001
633000,0.725
634000,0.7200000000000001
635000,0.725
636000,0.725
637000,0.725
638000,0.725
639000,0.7224999999999999
640000,0.7225
641000,0.7324999999999999
642000,0.745
643000,0.7424999999999999
644000,0.7425
645000,0.7525000000000001
646000,0.7550000000000001
647000,0.75
648000,0.7350000000000001
649000,0.735
650000,0.7525000000000001
651000,0.75
652000,0.745
653000,0.755
654000,0.76
655000,0.75
656000,0.7425
657000,0.74
658000,0.755
659000,0.7450000000000001
660000,0.7550000000000001
661000,0.745
662000,0.7449999999999999
663000,0.74
664000,0.735
665000,0.735
666000,0.7449999999999999
667000,0.74
668000,0.7324999999999999
669000,0.73
670000,0.74
671000,0.725
672000,0.72
673000,0.72
674000,0.725
675000,0.7074999999999999
676000,0.6975
677000,0.71
678000,0.7150000000000001
679000,0.72
680000,0.72
681000,0.7150000000000001
682000,0.71
683000,0.7075
684000,0.7125
685000,0.7125
686000,0.7075
687000,0.7125
688000,0.7224999999999999
689000,0.725
690000,0.7224999999999999
691000,0.7275
692000,0.7275
693000,0.7224999999999999
694000,0.7224999999999999
695000,0.7275
696000,0.74
697000,0.745
698000,0.75
699000,0.7525000000000001
700000,0.7474999999999999
701000,0.7575000000000001
702000,0.7375
703000,0.7424999999999999
704000,0.7475
705000,0.7375
706000,0.7375
707000,0.7325
708000,0.7450000000000001
709000,0.75
710000,0.745
711000,0.76
712000,0.765
713000,0.775
714000,0.76
715000,0.7775000000000001
716000,0.7775000000000001
717000,0.78
718000,0.7675
719000,0.7675000000000001
720000,0.7725000000000001
721000,0.7775000000000001
722000,0.775
723000,0.775
724000,0.7700000000000001
725000,0.76
726000,0.7675
727000,0.7625
728000,0.755
729000,0.7474999999999999
730000,0.7424999999999999
731000,0.74
732000,0.7449999999999999
733000,0.74
734000,0.74
735000,0.735
736000,0.735
737000,0.7150000000000001
738000,0.7150000000000001
739000,0.7224999999999999
740000,0.7175
741000,0.71
742000,0.725
743000,0.72
744000,0.715
745000,0.73
746000,0.725
747000,0.7224999999999999
748000,0.7175
749000,0.7175
750000,0.7125
751000,0.7125
752000,0.71
753000,0.71
754000,0.72
755000,0.7175
756000,0.7224999999999999
757000,0.7224999999999999
758000,0.7350000000000001
759000,0.7424999999999999
760000,0.7424999999999999
761000,0.7375
762000,0.7425
763000,0.7474999999999999
764000,0.7525
765000,0.755
766000,0.755
767000,0.76
768000,0.76
769000,0.7675
770000,0.7725
771000,0.7675
772000,0.7625
773000,0.7675000000000001
774000,0.7725000000000001
775000,0.7825
776000,0.77
777000,0.79
778000,0.785
779000,0.78
780000,0.7875
781000,0.795
782000,0.79
783000,0.79
784000,0.7975
785000,0.7875
786000,0.7925000000000001
787000,0.805
788000,0.805
789000,0.8
790000,0.8099999999999999
791000,0.805
792000,0.7975
793000,0.7875
794000,0.7849999999999999
795000,0.7775000000000001
796000,0.7775000000000001
797000,0.7775
798000,0.7725
799000,0.765
800000,0.76
801000,0.755
802000,0.74
803000,0.745
804000,0.75
805000,0.7474999999999999
806000,0.7425
807000,0.745
808000,0.7525000000000001
