1000,0.15582928396761417
2000,0.1574065376073122
3000,0.17770528967181842
4000,0.1774516555480659
5000,0.17014195665717124
6000,0.16059646854798
7000,0.15979512684778976
8000,0.14741981200932058
9000,0.14004980543266154
10000,0.1320074265007861
11000,0.12834741597868163
12000,0.12763752526952885
13000,0.12539571296029653
14000,0.12352289227003764
15000,0.12010724077156434
16000,0.11828472628985764
17000,0.11660861829980551
18000,0.11350912193172714
19000,0.1106383060411501
20000,0.10667859907844104
21000,0.1047049078147947
22000,0.10221240891418844
23000,0.10027741221407348
24000,0.09787893544125836
25000,0.0949249411644414
26000,0.09371774180953463
27000,0.09134876337161081
28000,0.09020039301748121
29000,0.08814541162393089
30000,0.08594885925219084
31000,0.08427227519287338
32000,0.08262387205977575
33000,0.08132265471698095
34000,0.08063212815220194
35000,0.0796628743290369
36000,0.07922418637899682
37000,0.07774789786796917
38000,0.07647146765926952
39000,0.07543681577110711
40000,0.07478792857727967
41000,0.07470480960612072
42000,0.07361998090941814
43000,0.07235779801686835
44000,0.07145079556344584
45000,0.07056407467462122
46000,0.06941137046188764
47000,0.06901491336683009
48000,0.06814557580752686
49000,0.0676709527316104
50000,0.06705852857930586
51000,0.06640700646128286
52000,0.0655878878225429
53000,0.06502313224405472
54000,0.06475336560893252
55000,0.06440072142688388
56000,0.06425081929774024
57000,0.06378387083021696
58000,0.06323854165785978
59000,0.06294876277975549
60000,0.06283030266369072
61000,0.06259141263292461
62000,0.062008161872490156
63000,0.0615736213642069
64000,0.06100445395459246
65000,0.06032681869593664
66000,0.06018594775003183
67000,0.05963931824810414
68000,0.05918261830742909
69000,0.05862962624523789
70000,0.05827597241349784
71000,0.05804191067008118
72000,0.058110760492854754
73000,0.05804455293986742
74000,0.05776613058138488
75000,0.05723110559365402
76000,0.05710802905990644
77000,0.056533257557720235
78000,0.0560623523268777
79000,0.05586165128588158
80000,0.05545698240021011
81000,0.055389039221587645
82000,0.05506744259619154
83000,0.05504573514721502
84000,0.05464277987526397
85000,0.05437804262742729
86000,0.05469305892786293
87000,0.05441910122379382
88000,0.05414261644830483
89000,0.05399419965282647
90000,0.05386198469424724
91000,0.05376923385953817
92000,0.05379668458898896
93000,0.05364260198836345
94000,0.053380115129217066
95000,0.053135027506658314
96000,0.05268612775944348
97000,0.05242020746791428
98000,0.052502657143441885
99000,0.05240249113224428
100000,0.052172676387126554
101000,0.05098134576517623
102000,0.04976507117960136
103000,0.047898361660656516
104000,0.04664457268838305
105000,0.04556644962413702
106000,0.04506680108478758
107000,0.04374287154001649
108000,0.04337200207391288
109000,0.043001225826214066
110000,0.04271722272492479
111000,0.04201442749646958
112000,0.04111766389792319
113000,0.04038399248511996
114000,0.039778891361202114
115000,0.03932938992220443
116000,0.038938718785881066
117000,0.03831730682391208
118000,0.037953563621500506
119000,0.0375570214483887
120000,0.037605723632965236
121000,0.03730965009098872
122000,0.0370895811105147
123000,0.0368700491480995
124000,0.037072455628425816
125000,0.03765449984942097
126000,0.03725256895844359
127000,0.03735437850060407
128000,0.036944590741652066
129000,0.037073594714165665
130000,0.037164690330624583
131000,0.037317482872400436
132000,0.037353142495499925
133000,0.037293056229129436
134000,0.03718434586049989
135000,0.03685862997709773
136000,0.03673776084254496
137000,0.03680804763874039
138000,0.03685835608420893
139000,0.03704058749810792
140000,0.03674124561162898
141000,0.036302336836757605
142000,0.03623344485956477
143000,0.036221681508759505
144000,0.036231375041475986
145000,0.03621173583489144
146000,0.036412592206674164
147000,0.036209256636502686
148000,0.03630173256626586
149000,0.036280122492520606
150000,0.03646103858301649
151000,0.03654249880911084
152000,0.03675696188287111
153000,0.03673229247546988
154000,0.036326771688472946
155000,0.036088817444921005
156000,0.0357227404055302
157000,0.035677965530892836
158000,0.03601332160132006
159000,0.03607236740924418
160000,0.03585299837356433
161000,0.03570568457758054
162000,0.03591964159160852
163000,0.03581398778036237
164000,0.03592483431147411
165000,0.036062547673936934
166000,0.03578860436799005
167000,0.035925606466829775
168000,0.03590574313560501
169000,0.03611445507034659
170000,0.035968741209246216
171000,0.036143448829185215
172000,0.03585280858445913
173000,0.035750059105921536
174000,0.035934989976231006
175000,0.0359496189141646
176000,0.03561639968818053
177000,0.035764940761961045
178000,0.035818077699979765
179000,0.03578584609064273
180000,0.03586823392729275
181000,0.03561858481657691
182000,0.03572405371803325
183000,0.03557023733283859
184000,0.03567973193607759
185000,0.036067180619225835
186000,0.0355074578350177
187000,0.03571568081376608
188000,0.03569496109697502
189000,0.035573360648821106
190000,0.0355077255795477
191000,0.03525240087730344
192000,0.034783263578894545
193000,0.03476123325305525
194000,0.03495755238772836
195000,0.03527080086094793
196000,0.035615376857458615
197000,0.035706327628693545
198000,0.03520590823551174
199000,0.035156821856391615
200000,0.035032167672296055
201000,0.03499801848235074
202000,0.034868267889483835
203000,0.03500938794401009
204000,0.03473085094441194
205000,0.03464208644407336
206000,0.03440932736743707
207000,0.034641176407341844
208000,0.034674913308699616
209000,0.03451900174713228
210000,0.0345450948405778
211000,0.034540093868155965
212000,0.03470056231145281
213000,0.0345504240609007
214000,0.03471436454064678
215000,0.03453387892327737
216000,0.03420420135976747
217000,0.034510040282038974
218000,0.034594907334656456
219000,0.03480791702715214
220000,0.0347909714266425
221000,0.03492071966349613
222000,0.0347261668414576
223000,0.0348426797009306
224000,0.03456585444905795
225000,0.034137921022018416
226000,0.03433231616090052
227000,0.034421691858908164
228000,0.03440190108353272
229000,0.03412346779112704
230000,0.03410310852096882
231000,0.03390143260231707
232000,0.03379768696927931
233000,0.03354683347546961
234000,0.03333292966696899
235000,0.033516695858095774
236000,0.03368966769159306
237000,0.03355569573014509
238000,0.03342544022609945
239000,0.033223300484824
240000,0.03343975777697051
241000,0.03335198146483163
242000,0.03334910055744694
243000,0.03351532113790745
244000,0.033380583983671386
245000,0.033521863636386116
246000,0.03346075447305338
247000,0.03362602276081452
248000,0.033764459351368716
249000,0.03350440287106903
250000,0.033336260967247656
251000,0.03339160184172215
252000,0.03324257885367842
253000,0.03308098191703902
254000,0.03317954163037939
255000,0.03325862906785915
256000,0.03323078633571276
257000,0.03328982686775271
258000,0.03283646481495816
259000,0.03264083157374989
260000,0.032535276324138974
261000,0.03251668443053495
262000,0.03221464340726379
263000,0.032292124198167585
264000,0.032057122150319625
265000,0.031824069850030355
266000,0.03209254300349858
267000,0.03179999748978298
268000,0.031756110120681115
269000,0.031568029922782445
270000,0.031612250500242224
271000,0.031319005357916464
272000,0.03143697239540052
273000,0.031248790091718548
274000,0.03104770804743748
275000,0.03121761339751538
276000,0.03117338705516886
277000,0.031046864039846696
278000,0.031171596341650003
279000,0.031044411737821066
280000,0.030978683185181582
281000,0.03101689547568094
282000,0.030959605218726212
283000,0.03085593540489208
284000,0.030681014408706686
285000,0.030198105995426886
286000,0.030336099983775056
287000,0.03017141485924367
288000,0.030204280023579486
289000,0.030253886966616846
290000,0.03009143297339324
291000,0.03026864902919624
292000,0.030610345066641457
293000,0.030500882895314135
294000,0.030483236235682852
295000,0.029977022316888906
296000,0.02981655250035692
297000,0.029873760443995707
298000,0.03000207578961272
299000,0.030001864264369942
300000,0.0300124546532752
301000,0.030044947432004847
302000,0.02993398682528641
303000,0.029559289193130098
304000,0.02964815014542546
305000,0.029660682882997207
306000,0.02972458631370682
307000,0.029403398233116603
308000,0.029402142587699926
309000,0.02949983208125923
310000,0.029427235650713555
311000,0.029493540341383778
312000,0.029233011990902013
313000,0.029290760654141195
314000,0.029089884376502596
315000,0.02922463528031949
316000,0.029160269377753137
317000,0.02884952649031766
318000,0.02879319444205612
319000,0.028536223623435945
320000,0.02843334848806262
321000,0.028483381310710685
322000,0.028890435501467436
323000,0.02867987842997536
324000,0.028487025984330103
325000,0.028378385327523573
326000,0.028436251174891368
327000,0.028219727460760624
328000,0.028194069638848306
329000,0.028201976742362602
330000,0.028197952731279657
331000,0.028164282742887736
332000,0.028269039649516343
333000,0.028325097788125277
334000,0.028398311069002376
335000,0.028236352536943742
336000,0.02773138290515635
337000,0.027630171793629414
338000,0.027767257715226153
339000,0.027703342471388167
340000,0.02747962768387515
341000,0.027484813652583397
342000,0.02747153960110154
343000,0.027487960311002098
344000,0.027587485923082567
345000,0.027234593123546803
346000,0.027006657495861872
347000,0.026841474004089833
348000,0.026655015007592736
349000,0.026679823555750774
350000,0.02652762831444852
351000,0.02645424016308971
352000,0.02645740737649612
353000,0.026527388725662605
354000,0.026634720718371682
355000,0.026433968092373108
356000,0.026355191492068115
357000,0.026360754387045746
358000,0.026424071298039052
359000,0.02626568220817717
360000,0.02639940640499117
361000,0.02630615217221202
362000,0.026491770526219625
363000,0.026352251480391716
364000,0.026519653239811303
365000,0.026623062911618034
366000,0.02619787626049947
367000,0.026318059697630816
368000,0.026401883368496783
369000,0.026480259280768224
370000,0.026425585480756127
371000,0.026382571947877295
372000,0.0262815266585676
373000,0.026430044161737897
374000,0.02638869225617964
375000,0.02616622576827649
376000,0.02638937780505512
377000,0.026484774248558097
378000,0.026369227903778665
379000,0.026353737165336497
380000,0.02624592936981935
381000,0.026447425912483596
382000,0.026314248633454555
383000,0.026307165391161107
384000,0.026381005145492964
385000,0.026684757280512714
386000,0.026986706720548682
387000,0.02702495419594925
388000,0.02699674854928162
389000,0.02696712096466217
390000,0.026848155524698086
391000,0.02670522627455648
392000,0.026610036023776047
393000,0.026577877216855995
394000,0.026343603200395593
395000,0.02637286970124114
396000,0.026361719591193832
397000,0.026362399630830622
398000,0.02627461928350385
399000,0.026422129075857812
400000,0.02641178002313245
401000,0.026170422144350596
402000,0.026375320841674692
403000,0.02641224378591869
404000,0.026292508065816945
405000,0.026277756685507483
406000,0.026215676284278743
407000,0.026353851465857586
408000,0.0262476502021309
409000,0.026131058413302526
410000,0.026257788677001372
411000,0.02627281599282287
412000,0.026280426137149333
413000,0.026227711033890957
414000,0.026051949386368504
415000,0.026049219661043024
416000,0.026068501686328092
417000,0.025968057322199457
418000,0.025977830890216866
419000,0.02609666162065696
420000,0.0259407061439706
421000,0.02558466748462524
422000,0.02550191722169984
423000,0.025665046107606032
424000,0.025673152557224965
425000,0.025679420646862128
426000,0.025394309130380863
427000,0.025306505745858885
428000,0.025501629706821405
429000,0.02541323475178797
430000,0.025393562483252027
431000,0.02545804696169216
432000,0.025560220454470255
433000,0.025781068456708453
434000,0.025649816380930134
435000,0.025903671067557296
436000,0.02585257144959178
437000,0.02610500115843024
438000,0.02605666682845913
439000,0.026071677872212602
440000,0.026102428892394527
441000,0.026233718341449275
442000,0.026302948134252803
443000,0.026286887869937346
444000,0.026283966586226597
445000,0.026502955637406556
446000,0.026579852678929455
447000,0.02665242938429583
448000,0.026523528059595264
449000,0.026444351506768726
450000,0.026315982759115286
451000,0.02610311584023293
452000,0.02594459787651431
453000,0.02588650356337894
454000,0.02577999740105588
455000,0.025761498605890665
456000,0.02584435089031467
457000,0.0257164109669975
458000,0.025570140948926564
459000,0.02562209120480111
460000,0.02550182492280146
461000,0.025462582316889894
462000,0.025475073933776002
463000,0.025451567558746318
464000,0.025415098633093294
465000,0.025537875589274336
466000,0.025532794642844237
467000,0.025514211449422872
468000,0.025494418616057373
469000,0.02546196354168933
470000,0.02553178746032063
471000,0.025731633971328847
472000,0.02569430528266821
473000,0.025490424322080797
474000,0.02535790843202267
475000,0.025480810772744007
476000,0.025347095253295267
477000,0.02532665320241358
478000,0.025295368245919235
479000,0.025199700492201372
480000,0.025487125399755315
481000,0.025149560436140746
482000,0.025077051018364726
483000,0.02494518695329316
484000,0.025029542565112934
485000,0.024704976730281488
486000,0.02416430854727514
487000,0.023937949002720414
488000,0.023808169173891655
489000,0.02394195122423116
490000,0.024072396468487568
491000,0.0239530797371408
492000,0.02376381214603316
493000,0.02377233579789754
494000,0.02389793679572176
495000,0.023924513435340487
496000,0.02386251717188861
497000,0.023776387637131847
498000,0.023803905065287834
499000,0.023459291392588056
500000,0.023374898472218773
501000,0.023398911620373837
502000,0.0234385291490471
503000,0.02371352918713819
504000,0.023634235282312146
505000,0.023542539082583972
506000,0.023386383100296372
507000,0.023378153964295052
508000,0.023341371955932118
509000,0.02318429821857717
510000,0.022998504236224106
511000,0.022940454017021692
512000,0.022951608677045442
513000,0.02302232986339368
514000,0.023029886623611672
515000,0.02298167937854305
516000,0.02319763129367493
517000,0.023150757029419766
518000,0.02322736252937466
519000,0.023027115569915622
520000,0.02314257015660405
521000,0.023277024160604926
522000,0.023152740116231144
523000,0.022831284548155962
524000,0.022871000389335677
525000,0.022731069813482465
526000,0.022949058249825613
527000,0.02300275140325539
528000,0.022805039205122737
529000,0.022934505205601453
530000,0.022847509012091906
531000,0.022931461787316948
532000,0.02266806517424993
533000,0.02244030321156606
534000,0.022702644078992307
535000,0.022509577954304406
536000,0.022718180393450894
537000,0.022605401484877802
538000,0.022454404725925997
539000,0.02237885916419327
540000,0.02253039553342387
541000,0.022273646276909857
542000,0.022208503743400797
543000,0.02216119455115404
544000,0.02191380780225154
545000,0.021898394345189445
546000,0.022037588319624775
547000,0.021763439410715364
548000,0.021769516082364136
549000,0.021843268994940445
550000,0.022107171794748866
551000,0.022046349786105566
552000,0.022041987300268375
553000,0.022116641677333973
554000,0.022069352537626402
555000,0.022116535313660278
556000,0.022037007960723713
557000,0.02194914527970832
558000,0.02212881823198404
559000,0.022014661335968414
560000,0.02187488781020511
561000,0.02186897444620263
562000,0.02158383674325887
563000,0.021709856834844686
564000,0.021542139876517468
565000,0.021569370414945298
566000,0.021684148992993868
567000,0.021617887021275237
568000,0.02156065285508521
569000,0.021494720282731576
570000,0.021398319211555644
571000,0.021321131179342045
572000,0.021109613004373386
573000,0.021250717621529476
574000,0.021236490570474414
575000,0.02116042645275593
576000,0.02116885192715563
577000,0.021218595929676665
578000,0.021328177580609918
579000,0.021341193093336187
580000,0.021120614738552833
581000,0.02106029863760341
582000,0.02098378813022282
583000,0.02114236241427716
584000,0.0212654952731682
585000,0.021308655469561927
586000,0.021403798605548217
587000,0.021497649131575598
588000,0.021510159931960517
589000,0.021185135425883347
590000,0.021040409546229058
591000,0.021050280004972593
592000,0.02118159313662909
593000,0.02115357615845278
594000,0.020912241132580674
595000,0.020963764981017447
596000,0.02095322126534302
597000,0.020895872319466435
598000,0.02087469252513256
599000,0.02090048325562384
600000,0.02105900220142212
601000,0.021269734471221456
602000,0.021268246729741803
603000,0.02104877617198508
604000,0.021218540512840264
605000,0.021454067632206714
606000,0.02141095747880172
607000,0.021354212855687366
608000,0.02132194951956626
609000,0.021363032714114525
610000,0.021434887544834056
611000,0.021347329131676817
612000,0.02121138907351997
613000,0.02132933167775627
614000,0.021351320280577055
615000,0.02127606430940796
616000,0.02107842966110911
617000,0.021031840103678406
618000,0.020992287524044514
619000,0.021039311759406702
620000,0.021112324631307276
621000,0.02092926041726605
622000,0.020775401584483915
623000,0.020801919360790636
624000,0.020807219422335037
625000,0.020800764112645993
626000,0.020652721143938835
627000,0.020528969949722524
628000,0.02058381761345663
629000,0.02054162629102939
630000,0.020536055359669264
631000,0.020207727044267813
632000,0.020160817518975818
633000,0.02025181105910451
634000,0.01995435352102504
635000,0.019813198645977536
636000,0.019558525730768453
637000,0.01960224374514655
638000,0.019605099975742633
639000,0.01964521427443833
640000,0.0194204258924874
641000,0.01956450075740577
642000,0.019458121761126677
643000,0.019337897321936907
644000,0.019648702811711702
645000,0.019460313593765023
646000,0.019235544301482152
647000,0.019431678736029426
648000,0.01960192520721466
649000,0.019548358335305237
650000,0.01930163156360504
651000,0.019376569518033647
652000,0.019415782997064524
653000,0.01930266250987188
654000,0.01932903821420041
655000,0.01945709679371794
656000,0.019792549013422103
657000,0.01974649941761163
658000,0.019695135426038176
659000,0.019788069252419518
660000,0.019756138477969216
661000,0.019900400876562342
662000,0.01992880880276789
663000,0.01984376039230847
664000,0.020105734174285315
665000,0.01987349565108889
666000,0.019791860899800666
667000,0.019790866380819352
668000,0.01978913586147246
669000,0.019796879005880327
670000,0.019739532630919713
671000,0.01953965338904527
672000,0.019730047812248814
673000,0.019719466900249245
674000,0.019646017071121603
675000,0.019774989868543345
676000,0.01976196499125217
677000,0.019642118655872762
678000,0.019374726929498137
679000,0.01954209068886121
680000,0.01949753490978037
681000,0.01963584767843713
682000,0.019744813863217133
683000,0.01968718159015407
684000,0.019412010452972025
685000,0.019252032822492764
686000,0.019161569618765497
687000,0.019010488047177206
688000,0.01906147632878856
689000,0.019043846380809554
690000,0.019116414721036562
691000,0.019096994466177422
692000,0.018979564112640217
693000,0.019027491166634717
694000,0.019100955409259768
695000,0.01902398888792959
696000,0.018967429655865998
697000,0.018804944303730736
698000,0.018724407215981044
699000,0.018645495051896433
700000,0.01854070781150949
701000,0.018333469213714124
702000,0.018246323599509198
703000,0.01818182376612094
704000,0.01808855970253353
705000,0.018100046370673226
706000,0.017991419299185508
707000,0.01805156664716196
708000,0.01821579246854526
709000,0.018204640334733995
710000,0.018060530279326484
711000,0.017996758162189506
712000,0.018104978972725803
713000,0.017898274419509107
714000,0.017873302401188992
715000,0.01789400034947903
716000,0.017934099397534736
717000,0.01799254838892375
718000,0.01788763300937717
719000,0.018089384802180575
720000,0.01792602224208531
721000,0.017931068847770803
722000,0.018104076697607524
723000,0.018233925225795245
724000,0.018236584589700216
725000,0.01836272070754785
726000,0.018237111569265836
727000,0.018365295858471655
728000,0.018420721903559752
729000,0.018491540384362452
730000,0.018545973579282872
731000,0.018587331936112606
732000,0.018523386196815407
733000,0.018535943626076915
734000,0.01850486455729697
735000,0.018604905297164805
736000,0.018596674615168014
737000,0.018736905892496
738000,0.018642484992858952
739000,0.01845379614236299
740000,0.018628772897995076
741000,0.018650706044049004
742000,0.018678988881525582
743000,0.01866515864490066
744000,0.01859951793064829
745000,0.01861644554499071
746000,0.018699664640240372
747000,0.018638519653817638
748000,0.01843178653670475
749000,0.018427412035292946
750000,0.018527363970759325
751000,0.018452004169346763
752000,0.018421020136680455
753000,0.01832827552361414
754000,0.018336694896919654
755000,0.01818358399695717
756000,0.017897127251373605
757000,0.017873792197788133
758000,0.017685703238938005
759000,0.017611834057606756
760000,0.017634627615800126
761000,0.017505298889009282
762000,0.017614073550794272
763000,0.017598486103001052
764000,0.01737560994096566
765000,0.01743184060032945
766000,0.017433871882618406
767000,0.01750370063970331
768000,0.01749487576051615
769000,0.01741535670659505
770000,0.017445025397930296
771000,0.017449062747880818
772000,0.017315822711912916
773000,0.01715592766390182
774000,0.01713888393715024
775000,0.016944546217797323
776000,0.017061516963178293
777000,0.016980338275199756
778000,0.017031778240110724
779000,0.01681370587111451
780000,0.0167486508525908
781000,0.016698591789929197
782000,0.016723466142080725
783000,0.016693045220337807
784000,0.01667733062664047
785000,0.016814912016037853
786000,0.016862880655564367
787000,0.01697683730488643
788000,0.01701024459116161
789000,0.017080336817074566
790000,0.017035426262300462
791000,0.01711052766442299
792000,0.01718560553435236
793000,0.017137891823309475
794000,0.017081695551169104
795000,0.01724945410445798
796000,0.01730173431907315
797000,0.0172530408075545
798000,0.017336667404742913
799000,0.017392275052610786
800000,0.017453015209757724
801000,0.017575040888623335
802000,0.017541516147670334
803000,0.017520898190385197
804000,0.017402524242701476
805000,0.017326868575590196
806000,0.017429262738616672
807000,0.017328647201356944
808000,0.017266041894152293
