1000,6.6
2000,7.0
3000,7.133333333333334
4000,7.5
5000,7.2
6000,7.2
7000,7.2
8000,7.45
9000,7.544444444444444
10000,7.58
11000,7.6454545454545455
12000,7.766666666666667
13000,7.769230769230769
14000,7.707142857142857
15000,7.72
16000,7.7125
17000,7.688235294117647
18000,7.805555555555555
19000,7.7894736842105265
20000,7.785
21000,7.914285714285715
22000,7.918181818181818
23000,8.008695652173913
24000,7.920833333333333
25000,7.928
26000,7.992307692307692
27000,7.977777777777778
28000,7.992857142857143
29000,7.944827586206896
30000,7.946666666666666
31000,8.016129032258064
32000,7.9875
33000,8.018181818181818
34000,8.070588235294117
35000,8.125714285714286
36000,8.083333333333334
37000,8.12972972972973
38000,8.134210526315789
39000,8.102564102564102
40000,8.06
41000,8.029268292682927
42000,8.05
43000,8.03953488372093
44000,8.004545454545454
45000,8.006666666666666
46000,8.008695652173913
47000,8.027659574468085
48000,8.054166666666667
49000,8.004081632653062
50000,7.994
51000,8.041176470588235
52000,8.065384615384616
53000,8.075471698113208
54000,8.064814814814815
55000,8.054545454545455
56000,8.080357142857142
57000,8.078947368421053
58000,8.070689655172414
59000,8.084745762711865
60000,8.085
61000,8.065573770491802
62000,8.05
63000,8.055555555555555
64000,8.0765625
65000,8.067692307692308
66000,8.086363636363636
67000,8.086567164179105
68000,8.076470588235294
69000,8.07391304347826
70000,8.08
71000,8.085915492957746
72000,8.108333333333333
73000,8.10958904109589
74000,8.141891891891891
75000,8.164
76000,8.167105263157895
77000,8.172727272727272
78000,8.178205128205128
79000,8.19620253164557
80000,8.22
81000,8.24567901234568
82000,8.234146341463415
83000,8.249397590361445
84000,8.255952380952381
85000,8.272941176470589
86000,8.286046511627907
87000,8.273563218390805
88000,8.290909090909091
89000,8.314606741573034
90000,8.332222222222223
91000,8.351648351648352
92000,8.355434782608695
93000,8.341935483870968
94000,8.340425531914894
95000,8.353684210526316
96000,8.369791666666666
97000,8.376288659793815
98000,8.387755102040817
99000,8.391919191919191
100000,8.397
101000,8.413
102000,8.416
103000,8.441
104000,8.436
105000,8.471
106000,8.485
107000,8.485
108000,8.488
109000,8.482
110000,8.502
111000,8.501
112000,8.495
113000,8.505
114000,8.515
115000,8.523
116000,8.525
117000,8.532
118000,8.51
119000,8.515
120000,8.521
121000,8.493
122000,8.501
123000,8.493
124000,8.528
125000,8.525
126000,8.515
127000,8.535
128000,8.542
129000,8.559
130000,8.554
131000,8.546
132000,8.568
133000,8.572
134000,8.548
135000,8.519
136000,8.54
137000,8.54
138000,8.532
139000,8.545
140000,8.564
141000,8.591
142000,8.577
143000,8.603
144000,8.618
145000,8.664
146000,8.66
147000,8.669
148000,8.67
149000,8.72
150000,8.732
151000,8.729
152000,8.719
153000,8.708
154000,8.713
155000,8.71
156000,8.708
157000,8.702
158000,8.706
159000,8.701
160000,8.705
161000,8.725
162000,8.744
163000,8.75
164000,8.741
165000,8.756
166000,8.742
167000,8.749
168000,8.776
169000,8.773
170000,8.779
171000,8.766
172000,8.748
173000,8.746
174000,8.734
175000,8.727
176000,8.726
177000,8.715
178000,8.737
179000,8.736
180000,8.713
181000,8.704
182000,8.715
183000,8.705
184000,8.702
185000,8.706
186000,8.712
187000,8.719
188000,8.719
189000,8.696
190000,8.668
191000,8.644
192000,8.641
193000,8.656
194000,8.663
195000,8.655
196000,8.648
197000,8.636
198000,8.629
199000,8.636
200000,8.647
201000,8.637
202000,8.631
203000,8.628
204000,8.619
205000,8.606
206000,8.591
207000,8.612
208000,8.59
209000,8.603
210000,8.602
211000,8.611
212000,8.61
213000,8.62
214000,8.647
215000,8.653
216000,8.665
217000,8.67
218000,8.673
219000,8.672
220000,8.664
221000,8.672
222000,8.661
223000,8.647
224000,8.637
225000,8.647
226000,8.664
227000,8.66
228000,8.652
229000,8.66
230000,8.68
231000,8.665
232000,8.667
233000,8.66
234000,8.669
235000,8.694
236000,8.675
237000,8.662
238000,8.676
239000,8.685
240000,8.684
241000,8.691
242000,8.719
243000,8.715
244000,8.702
245000,8.659
246000,8.666
247000,8.654
248000,8.647
249000,8.62
250000,8.619
251000,8.602
252000,8.618
253000,8.641
254000,8.632
255000,8.625
256000,8.62
257000,8.64
258000,8.646
259000,8.661
260000,8.681
261000,8.682
262000,8.688
263000,8.681
264000,8.674
265000,8.672
266000,8.659
267000,8.678
268000,8.678
269000,8.692
270000,8.696
271000,8.71
272000,8.729
273000,8.744
274000,8.736
275000,8.744
276000,8.752
277000,8.752
278000,8.74
279000,8.735
280000,8.741
281000,8.739
282000,8.754
283000,8.759
284000,8.765
285000,8.766
286000,8.763
287000,8.786
288000,8.784
289000,8.789
290000,8.818
291000,8.834
292000,8.836
293000,8.828
294000,8.835
295000,8.837
296000,8.842
297000,8.84
298000,8.829
299000,8.835
300000,8.827
301000,8.847
302000,8.869
303000,8.865
304000,8.883
305000,8.896
306000,8.909
307000,8.897
308000,8.914
309000,8.918
310000,8.907
311000,8.903
312000,8.907
313000,8.904
314000,8.894
315000,8.884
316000,8.889
317000,8.915
318000,8.924
319000,8.937
320000,8.95
321000,8.973
322000,8.996
323000,9.019
324000,9.031
325000,9.036
326000,9.006
327000,9.007
328000,9.015
329000,9.005
330000,9.006
331000,9.022
332000,9.014
333000,9.016
334000,9.024
335000,8.998
336000,9.023
337000,9.031
338000,9.045
339000,9.041
340000,9.039
341000,9.028
342000,9.014
343000,8.998
344000,9.011
345000,9.014
346000,9.014
347000,9.038
348000,9.033
349000,9.05
350000,9.048
351000,9.041
352000,9.009
353000,8.989
354000,9.003
355000,9.02
356000,9.032
357000,9.047
358000,9.05
359000,9.034
360000,9.02
361000,9.027
362000,9.024
363000,9.039
364000,9.047
365000,9.054
366000,9.071
367000,9.059
368000,9.045
369000,9.043
370000,9.061
371000,9.051
372000,9.065
373000,9.052
374000,9.062
375000,9.059
376000,9.049
377000,9.076
378000,9.061
379000,9.054
380000,9.074
381000,9.075
382000,9.066
383000,9.065
384000,9.066
385000,9.055
386000,9.055
387000,9.071
388000,9.066
389000,9.056
390000,9.038
391000,9.03
392000,9.05
393000,9.056
394000,9.07
395000,9.076
396000,9.074
397000,9.085
398000,9.107
399000,9.096
400000,9.102
401000,9.101
402000,9.091
403000,9.073
404000,9.081
405000,9.088
406000,9.102
407000,9.091
408000,9.103
409000,9.104
410000,9.114
411000,9.115
412000,9.121
413000,9.124
414000,9.105
415000,9.132
416000,9.131
417000,9.111
418000,9.103
419000,9.105
420000,9.096
421000,9.061
422000,9.069
423000,9.067
424000,9.068
425000,9.064
426000,9.101
427000,9.106
428000,9.091
429000,9.115
430000,9.099
431000,9.083
432000,9.075
433000,9.079
434000,9.093
435000,9.113
436000,9.129
437000,9.124
438000,9.114
439000,9.121
440000,9.135
441000,9.145
442000,9.135
443000,9.14
444000,9.156
445000,9.153
446000,9.162
447000,9.164
448000,9.164
449000,9.152
450000,9.159
451000,9.191
452000,9.224
453000,9.244
454000,9.266
455000,9.272
456000,9.271
457000,9.244
458000,9.24
459000,9.24
460000,9.267
461000,9.263
462000,9.255
463000,9.246
464000,9.259
465000,9.25
466000,9.256
467000,9.241
468000,9.253
469000,9.245
470000,9.212
471000,9.224
472000,9.211
473000,9.224
474000,9.224
475000,9.242
476000,9.243
477000,9.236
478000,9.249
479000,9.269
480000,9.27
481000,9.282
482000,9.297
483000,9.322
484000,9.315
485000,9.31
486000,9.303
487000,9.257
488000,9.262
489000,9.282
490000,9.272
491000,9.273
492000,9.285
493000,9.303
494000,9.28
495000,9.264
496000,9.248
497000,9.237
498000,9.224
499000,9.216
500000,9.216
501000,9.217
502000,9.237
503000,9.249
504000,9.24
505000,9.225
506000,9.23
507000,9.25
508000,9.234
509000,9.232
510000,9.241
511000,9.249
512000,9.256
513000,9.262
514000,9.259
515000,9.257
516000,9.24
517000,9.24
518000,9.246
519000,9.251
520000,9.262
521000,9.277
522000,9.28
523000,9.286
524000,9.271
525000,9.272
526000,9.248
527000,9.236
528000,9.256
529000,9.245
530000,9.26
531000,9.274
532000,9.276
533000,9.263
534000,9.257
535000,9.244
536000,9.231
537000,9.24
538000,9.244
539000,9.246
540000,9.264
541000,9.275
542000,9.269
543000,9.264
544000,9.269
545000,9.279
546000,9.27
547000,9.247
548000,9.236
549000,9.241
550000,9.215
551000,9.197
552000,9.177
553000,9.158
554000,9.146
555000,9.135
556000,9.11
557000,9.106
558000,9.112
559000,9.118
560000,9.129
561000,9.144
562000,9.145
563000,9.144
564000,9.177
565000,9.199
566000,9.203
567000,9.231
568000,9.226
569000,9.25
570000,9.27
571000,9.275
572000,9.281
573000,9.283
574000,9.272
575000,9.253
576000,9.272
577000,9.255
578000,9.272
579000,9.287
580000,9.27
581000,9.248
582000,9.263
583000,9.237
584000,9.237
585000,9.255
586000,9.253
587000,9.278
588000,9.269
589000,9.274
590000,9.304
591000,9.326
592000,9.309
593000,9.308
594000,9.323
595000,9.322
596000,9.346
597000,9.353
598000,9.367
599000,9.367
600000,9.376
601000,9.388
602000,9.386
603000,9.408
604000,9.426
605000,9.428
606000,9.392
607000,9.395
608000,9.399
609000,9.391
610000,9.367
611000,9.365
612000,9.328
613000,9.336
614000,9.354
615000,9.334
616000,9.351
617000,9.364
618000,9.375
619000,9.377
620000,9.377
621000,9.39
622000,9.371
623000,9.364
624000,9.398
625000,9.387
626000,9.379
627000,9.383
628000,9.393
629000,9.404
630000,9.4
631000,9.384
632000,9.407
633000,9.427
634000,9.408
635000,9.428
636000,9.407
637000,9.411
638000,9.417
639000,9.419
640000,9.408
641000,9.403
642000,9.411
643000,9.414
644000,9.413
645000,9.411
646000,9.394
647000,9.39
648000,9.414
649000,9.428
650000,9.456
651000,9.454
652000,9.465
653000,9.497
654000,9.494
655000,9.518
656000,9.544
657000,9.559
658000,9.553
659000,9.551
660000,9.53
661000,9.52
662000,9.533
663000,9.541
664000,9.499
665000,9.495
666000,9.505
667000,9.493
668000,9.496
669000,9.485
670000,9.47
671000,9.481
672000,9.49
673000,9.484
674000,9.496
675000,9.486
676000,9.482
677000,9.495
678000,9.479
679000,9.455
680000,9.46
681000,9.483
682000,9.465
683000,9.475
684000,9.479
685000,9.465
686000,9.484
687000,9.489
688000,9.478
689000,9.474
690000,9.481
691000,9.489
692000,9.471
693000,9.472
694000,9.467
695000,9.477
696000,9.467
697000,9.494
698000,9.496
699000,9.516
700000,9.508
701000,9.503
702000,9.503
703000,9.503
704000,9.49
705000,9.502
706000,9.547
707000,9.535
708000,9.538
709000,9.544
710000,9.55
711000,9.578
712000,9.604
713000,9.567
714000,9.578
715000,9.59
716000,9.6
717000,9.606
718000,9.606
719000,9.603
720000,9.603
721000,9.597
722000,9.594
723000,9.588
724000,9.554
725000,9.55
726000,9.571
727000,9.591
728000,9.599
729000,9.596
730000,9.605
731000,9.639
732000,9.619
733000,9.628
734000,9.649
735000,9.656
736000,9.669
737000,9.67
738000,9.671
739000,9.668
740000,9.65
741000,9.642
742000,9.664
743000,9.687
744000,9.686
745000,9.696
746000,9.733
747000,9.755
748000,9.752
749000,9.744
750000,9.759
751000,9.775
752000,9.783
753000,9.777
754000,9.793
755000,9.798
756000,9.793
757000,9.819
758000,9.848
759000,9.841
760000,9.835
761000,9.834
762000,9.824
763000,9.834
764000,9.852
765000,9.828
766000,9.832
767000,9.838
768000,9.829
769000,9.832
770000,9.843
771000,9.831
772000,9.817
773000,9.814
774000,9.818
775000,9.845
776000,9.846
777000,9.869
778000,9.868
779000,9.875
780000,9.876
781000,9.864
782000,9.854
783000,9.874
784000,9.895
785000,9.904
786000,9.883
787000,9.886
788000,9.905
789000,9.905
790000,9.911
791000,9.902
792000,9.909
793000,9.893
794000,9.879
795000,9.9
796000,9.894
797000,9.891
798000,9.873
799000,9.875
800000,9.863
801000,9.857
802000,9.853
803000,9.839
804000,9.85
805000,9.834
806000,9.814
807000,9.81
808000,9.82
