1000,0.09206692151101728
2000,0.08811726002634801
3000,0.11790254309599495
4000,0.12823850611321472
5000,0.11611354026095824
6000,0.13654018681386418
7000,0.11985573755983271
8000,0.1500646744900477
9000,0.15188738894339354
10000,0.14348137456640322
11000,0.1476605045498802
12000,0.13035861076231042
13000,0.13320338135732035
14000,0.13247727810401394
15000,0.13649347717657895
16000,0.1385642034779601
17000,0.14258126519291883
18000,0.18105873861239175
19000,0.17105835810573577
20000,0.16798208015503271
21000,0.1736930827545317
22000,0.1742896373544099
23000,0.17248086226937678
24000,0.1767707053480419
25000,0.17756932950720003
26000,0.1801737617702017
27000,0.18349137184253467
28000,0.18149242348277198
29000,0.1794169655295011
30000,0.17631737027889624
31000,0.1716418285234501
32000,0.1682447293964228
33000,0.16227022406622577
34000,0.1598448041736373
35000,0.15306201534940253
36000,0.15450300752107016
37000,0.15056802441363348
38000,0.1486295646134161
39000,0.14741172435250235
40000,0.1490371501088959
41000,0.14798661545739003
42000,0.14865904223514514
43000,0.15128161945693022
44000,0.1501355973395109
45000,0.14498037410037123
46000,0.1429111838083542
47000,0.14391752470894426
48000,0.14267837258986435
49000,0.1443436534388904
50000,0.1463065689759823
51000,0.14795266053402226
52000,0.1496381117573586
53000,0.15220040951394495
54000,0.1529958055784105
55000,0.15231334998966048
56000,0.1517297813857528
57000,0.15028419858578818
58000,0.15153668889984445
59000,0.1502671081224507
60000,0.14832960930170963
61000,0.1475819177055601
62000,0.14728075999227966
63000,0.1457641279842053
64000,0.1485400887251615
65000,0.14935969467857957
66000,0.1506588760288773
67000,0.15192947102854548
68000,0.15134985838132342
69000,0.15001063028688696
70000,0.14844681445394076
71000,0.14925622383665524
72000,0.1493031062019502
73000,0.15146827887480016
74000,0.15278563003156354
75000,0.15271231108815192
76000,0.15093421913254196
77000,0.15206489397936185
78000,0.1523459586551601
79000,0.15129304975790484
80000,0.1518184530433056
81000,0.15263642554448395
82000,0.15190424627710877
83000,0.15302905745963571
84000,0.15465787014698812
85000,0.15576372098551536
86000,0.1536895170952913
87000,0.1542033433654572
88000,0.15333652398408595
89000,0.15504578018089873
90000,0.1551029169470737
91000,0.15474686083523384
92000,0.15500035880716098
93000,0.15452541272004322
94000,0.15332506031857607
95000,0.15339263759548072
96000,0.15292898266516367
97000,0.15315653126219259
98000,0.15233389260650995
99000,0.15235920540695594
100000,0.1513084881204306
101000,0.1512793230478547
102000,0.15079585741898918
103000,0.14808638623231252
104000,0.1476959767520915
105000,0.15001421168154272
106000,0.1500706543632879
107000,0.14975197281996194
108000,0.15040273673827756
109000,0.15056486712635517
110000,0.1492243822491246
111000,0.14852396525694073
112000,0.15001921324680562
113000,0.15044685196798996
114000,0.15006975543912623
115000,0.14918511052845396
116000,0.15041434206870857
117000,0.1496242232627402
118000,0.14978200078414633
119000,0.14840656502032024
120000,0.14908186318768696
121000,0.15003529363870494
122000,0.15092198602870016
123000,0.1495358089463507
124000,0.1486346507809527
125000,0.14843942297678558
126000,0.1478576243544691
127000,0.14666143621839978
128000,0.14652844976570423
129000,0.14598132120399854
130000,0.14595455587037523
131000,0.14450165363953138
132000,0.1447383880272813
133000,0.1443088020310287
134000,0.14417517589686368
135000,0.1442426924194813
136000,0.14453011553611664
137000,0.14430846412047088
138000,0.1440217378994518
139000,0.14387468166067652
140000,0.14504687698669444
141000,0.14390434442363448
142000,0.14446168669964451
143000,0.14340737307206536
144000,0.1428445173924404
145000,0.1427367638417578
146000,0.1419354333314268
147000,0.14235473209140026
148000,0.14230005550989352
149000,0.1423976400700276
150000,0.14270922124393418
151000,0.14258750294978786
152000,0.14181377883080212
153000,0.14207935258561263
154000,0.14283568819647408
155000,0.14325093227050967
156000,0.14372042529137857
157000,0.14357179893317695
158000,0.14348620159127454
159000,0.14356673325056662
160000,0.1430840226050709
161000,0.14388191350579385
162000,0.14404305241912801
163000,0.14411907641545446
164000,0.14399899055814291
165000,0.14437183240805138
166000,0.1438894874748049
167000,0.14357792174279332
168000,0.14399245446612796
169000,0.14383132388821523
170000,0.14331083704468445
171000,0.14375752346071685
172000,0.14370484541349804
173000,0.14330913729404707
174000,0.14327562089194268
175000,0.14279674377105792
176000,0.14278377454432536
177000,0.14300722707474864
178000,0.14297160188404945
179000,0.1420099996724466
180000,0.14190302519549453
181000,0.14188824321971263
182000,0.14104014244559426
183000,0.14124123039385583
184000,0.14115882673483424
185000,0.14109973521321068
186000,0.14103076458068567
187000,0.14092738123852536
188000,0.14075454979870838
189000,0.14014199958397483
190000,0.1401603948259927
191000,0.1398581992864371
192000,0.14028124577138137
193000,0.14018789643472163
194000,0.13983107989752797
195000,0.1395080686625159
196000,0.13881141859434154
197000,0.13909283248767654
198000,0.13884284204191208
199000,0.1389584711515445
200000,0.13823237006529415
201000,0.1376736852964234
202000,0.13783221158852674
203000,0.13824739339804
204000,0.13807078514297585
205000,0.13899052144272853
206000,0.1394179652654112
207000,0.1393983617338646
208000,0.13902916560180897
209000,0.13867235751105586
210000,0.13799822033878584
211000,0.1383559588051226
212000,0.13841620398135288
213000,0.13871964097547185
214000,0.13892135797163396
215000,0.13874539197437466
216000,0.13916543501826478
217000,0.1391282338489933
218000,0.13934139962455472
219000,0.14043737566850573
220000,0.14038532697655615
221000,0.1397092453105632
222000,0.1394954971630534
223000,0.13971479742948736
224000,0.1396030524413857
225000,0.13946193602762033
226000,0.13913465847638679
227000,0.1392052736924548
228000,0.13914503912177767
229000,0.13894844897905928
230000,0.13873796081320294
231000,0.13873887107738941
232000,0.13782278541636436
233000,0.137785924213577
234000,0.1373141241970306
235000,0.13722543889354474
235000,0.13722543889354474
237000,0.1374475426950309
238000,0.1371361316679924
239000,0.1367623125288923
240000,0.13722565185358096
241000,0.13717381426694483
242000,0.13684823020604062
243000,0.13727752415459352
244000,0.13776852801103792
245000,0.13782471436228827
246000,0.13755120623886452
247000,0.13762776858275125
248000,0.1373852562914209
249000,0.13791048481355417
250000,0.1380913949853487
251000,0.13773386839150734
252000,0.13768662738622975
253000,0.1373562129297064
254000,0.13676708390105688
255000,0.13667976832027598
256000,0.13654608761692064
257000,0.1360307211085033
258000,0.1361368221848379
259000,0.1360309045481198
260000,0.13573784844808712
261000,0.13606418344447865
262000,0.13605574410712992
263000,0.13622434772495445
264000,0.1366167563055543
265000,0.13706199124734111
266000,0.13758911567145954
267000,0.13761400728655618
268000,0.13779068573882308
269000,0.13741607720986204
270000,0.13739849509792082
271000,0.13759733919156078
272000,0.13750314600513008
273000,0.13838153716819557
274000,0.13858893524831734
275000,0.1384705971595071
276000,0.13828201461543468
277000,0.13867986309283348
278000,0.1382205141808701
279000,0.13890267868778813
280000,0.1390145557274941
281000,0.13874581830754823
282000,0.13883642646202748
283000,0.1392409564354295
284000,0.13892426374057573
285000,0.1361934701202258
286000,0.13644072427584927
287000,0.1359353880801163
288000,0.13501007457557168
289000,0.13484356805179779
290000,0.13427390775972656
291000,0.13398050340597706
292000,0.13344861872975808
293000,0.13324931812255378
294000,0.1336640347862123
295000,0.13366053499233005
296000,0.13459855382693034
297000,0.13485328805575708
298000,0.13518723185645073
299000,0.13549668830939185
300000,0.13619429754424234
301000,0.13639770954146815
302000,0.1361646931654058
303000,0.13569140829291693
304000,0.13687194459330573
305000,0.13695764687400083
306000,0.136982098335019
307000,0.13732491214729176
308000,0.13623221157966753
309000,0.13593116082393294
310000,0.13541815919268266
311000,0.13577769369368278
312000,0.13542674389300544
313000,0.1353789678958167
314000,0.13537882105395727
315000,0.13537279554449963
316000,0.13561499793681506
317000,0.13575847830062876
318000,0.13630105345215784
319000,0.13540905147623727
320000,0.13531594568567992
321000,0.13510834684234244
322000,0.13511716003546673
323000,0.13545376028900075
324000,0.13503803880077203
325000,0.1347778988052969
326000,0.13406041909221939
327000,0.13354624398221063
328000,0.1337931414822433
329000,0.13414537113982833
330000,0.13388371343989985
331000,0.134048104697711
332000,0.13372764378232876
333000,0.13289118518616244
334000,0.13251617901987203
335000,0.13212663482719889
336000,0.13251642855214313
337000,0.1312700465760705
338000,0.13037455912175483
339000,0.13042488252946946
340000,0.13040031966348062
341000,0.13144944626311625
342000,0.1310943948188842
343000,0.13099747820852256
344000,0.13078437353921862
345000,0.13070874214893552
346000,0.13125883083366782
347000,0.13208412587586787
348000,0.13177185961909052
349000,0.13201454275981891
350000,0.13191342999505562
351000,0.13211126846629878
352000,0.1320264426602485
353000,0.1326487646962254
354000,0.1327643257269653
355000,0.13320976681846286
356000,0.13363203164842644
357000,0.13402361189831294
358000,0.13433153569653303
359000,0.13464131677424343
360000,0.13487042849956876
361000,0.1344835818566102
362000,0.13374947928617328
363000,0.1344676589695713
364000,0.1339529447080917
365000,0.13403737527259904
366000,0.1341956039242312
367000,0.13412634403129214
368000,0.1334108674371911
369000,0.13328827819276232
370000,0.1338127612300729
371000,0.13322526079707825
372000,0.13395366563771066
373000,0.1344251161535746
374000,0.13492314282822734
375000,0.13423139363955125
376000,0.13372655896767816
377000,0.1353849618822011
378000,0.13592313101273543
379000,0.13556835847909401
380000,0.1354017548393401
381000,0.13607704805550327
382000,0.13571312328102356
383000,0.13568144147365252
384000,0.13619268868319073
385000,0.1362564018926734
386000,0.1363510874368082
387000,0.13660488273294566
388000,0.1364445082437774
389000,0.13680786283141969
390000,0.13726182628602682
391000,0.13678539368115897
392000,0.1369495310754088
393000,0.1371325392210185
394000,0.13759217755547923
395000,0.13766251370009258
396000,0.13825368525717385
397000,0.13865107749332795
398000,0.13849940246837616
399000,0.1385443038347785
400000,0.13879408621118178
401000,0.13850343844298477
402000,0.13927391064331265
403000,0.13904504792082667
404000,0.1385921120133259
405000,0.1380983522551488
406000,0.13811321212971667
407000,0.138110847028994
408000,0.13812833609335934
409000,0.13746484742662007
410000,0.1372215875782343
411000,0.13687061291927813
412000,0.13668162792170527
413000,0.13691116949368382
414000,0.1366699673517595
415000,0.13649263030269418
416000,0.13718473520877697
417000,0.13756697056035294
418000,0.1374827886347887
419000,0.13771469816952217
420000,0.13759350226748815
421000,0.1375987153484138
422000,0.13710303263971946
423000,0.1374415695212373
424000,0.1375238619365342
425000,0.13838475049401563
426000,0.13814105332085175
427000,0.13794972921732795
428000,0.1375531362654051
429000,0.13763833964650696
430000,0.13760296138085676
431000,0.1380073827182477
432000,0.13843537644736234
433000,0.13945354142508262
434000,0.14091830007047537
435000,0.14100861281493954
436000,0.1405976549510692
437000,0.14106305979241426
438000,0.14132077852913733
439000,0.14175361201028852
440000,0.1419163821417488
441000,0.14181197097301945
442000,0.14203283951925316
443000,0.14234253497201338
444000,0.14289277557565094
445000,0.1425366284882241
446000,0.14288085826977018
447000,0.1424259322727604
448000,0.14236582274505108
449000,0.14299406492589645
450000,0.1431689150953291
451000,0.14261562002604455
452000,0.1421376627532158
453000,0.14185245579479805
454000,0.14247011693829245
455000,0.14168755944645436
456000,0.14061431864998017
457000,0.14061664042880365
458000,0.14060747235159557
459000,0.14081319154578106
460000,0.14161147600263232
461000,0.14149366595871876
462000,0.14137139998757942
463000,0.14090319845604574
464000,0.14082456285190154
465000,0.14108532393377948
466000,0.14174966048445584
467000,0.14161499299807667
468000,0.14206080895493944
469000,0.14268165114620535
470000,0.14253123882768842
471000,0.14252799074780897
472000,0.14208539961198835
473000,0.14227506095385128
474000,0.14193919260805776
475000,0.14162828733343036
476000,0.141602075251761
477000,0.1405716394672633
478000,0.1404251500006655
479000,0.14039241365772281
480000,0.14040700338395976
481000,0.13997003697624347
482000,0.1399638612716969
483000,0.13909296217514738
484000,0.13946980782312618
485000,0.13981519113708255
486000,0.1407551848314663
487000,0.14047519595946534
488000,0.14035468810003102
489000,0.14027780834440756
490000,0.1402237001761705
491000,0.1408675699523525
492000,0.14012327179669595
493000,0.13917032261352946
494000,0.1384421193999944
495000,0.1384167496186891
496000,0.1380354779437087
497000,0.13740846494836825
498000,0.1376795100878749
499000,0.13765245460173303
500000,0.1375191858452344
501000,0.13722765244582547
502000,0.13642518596838105
503000,0.13621333215449302
504000,0.1364823877359984
505000,0.13644580588491717
506000,0.13704292566776366
507000,0.1363460368583163
508000,0.13600709406200712
509000,0.13597437910629817
510000,0.13613173450965546
511000,0.13615369455695067
512000,0.13594349516409404
513000,0.13640819020021536
514000,0.1364118032521352
515000,0.13720150741160855
516000,0.13726201870512164
517000,0.13685225170333618
518000,0.13657972473127947
519000,0.13597309232824303
520000,0.13672830072624623
521000,0.1367377805577575
522000,0.13612317381535136
523000,0.13713177020533132
524000,0.136844418427728
525000,0.13697923681976687
526000,0.13677878605304278
527000,0.13680819280290205
528000,0.13682698745087746
529000,0.13605532611129142
530000,0.1356724613603539
531000,0.13614503051425014
532000,0.13565436382737284
533000,0.13485903376770814
534000,0.13459730718822896
535000,0.1354399515433122
536000,0.1362847826453942
537000,0.13716594421549205
538000,0.13720012592289993
539000,0.1370800206573065
540000,0.1368140441565543
541000,0.1365720509213105
542000,0.1368342731098062
543000,0.13624458189198643
544000,0.13688014435835918
545000,0.1372800534191287
546000,0.13766703311941061
547000,0.13653269561469641
548000,0.13680220751241123
549000,0.1362207093983645
550000,0.13580395423647304
551000,0.13618865234458902
552000,0.13698283452601126
553000,0.13600779744860414
554000,0.13682227892717647
555000,0.13658406567508996
556000,0.13664511181085814
557000,0.1364083762048574
558000,0.13794529496653468
559000,0.13732065754315245
560000,0.13623018596303568
561000,0.1372074552731309
562000,0.1373347752200819
563000,0.13801349309576547
564000,0.1380365031224573
565000,0.13805078600738463
566000,0.13866305284691074
567000,0.13920958086606103
568000,0.13896263038425388
569000,0.13943310356933455
570000,0.1400094143966599
571000,0.13861282745362064
572000,0.13871327108658782
573000,0.1384621638768461
574000,0.13742929624096917
575000,0.13714590457839138
576000,0.13678729884065732
577000,0.13645008897853136
578000,0.1358371126697074
579000,0.13618972219383732
580000,0.13555550251872264
581000,0.13557289991683455
582000,0.13589952865250968
583000,0.13623093506214792
584000,0.13580629676988668
585000,0.1356235894496634
586000,0.1362815176566844
587000,0.13668446841574672
588000,0.13683818636863643
589000,0.1369045708009113
590000,0.1380404769128693
591000,0.1378908566700008
592000,0.13850004021151074
593000,0.13915461248786834
594000,0.13873314473473305
595000,0.1383960420033079
596000,0.1387452816869731
597000,0.13773792204114202
598000,0.13728174994858283
599000,0.13742892127448564
600000,0.13711397350241622
601000,0.13727097913199657
602000,0.13796855807925215
603000,0.13813345953267414
604000,0.13805954190661765
605000,0.1384361519874405
606000,0.1384222878413705
607000,0.13865892533621935
608000,0.13904299208700327
609000,0.1385764721338485
610000,0.13831209483006765
611000,0.13778801387924336
612000,0.1377957218404336
613000,0.1375520008217347
614000,0.13777431195609835
615000,0.1380415038837135
616000,0.13794311860525482
617000,0.13759621907259437
618000,0.1374234773436062
619000,0.13791184385362215
620000,0.1383548164443689
621000,0.13810526893841543
622000,0.13777243574589224
623000,0.13750681164176945
624000,0.13722927978711424
625000,0.13672095716758112
626000,0.13714110832886603
627000,0.13708988273159792
628000,0.13775333497433112
629000,0.13809588285101543
630000,0.1389535835098129
631000,0.1388796645128759
632000,0.13886347943634508
633000,0.13914612378705324
634000,0.13858461178506554
635000,0.1379664599952535
636000,0.13789703034452974
637000,0.13813435632440949
638000,0.13838153378632903
639000,0.13848618867398602
640000,0.1386812634941765
641000,0.13866001614032525
642000,0.13842749677934818
643000,0.13805687858630653
644000,0.13841003618381262
645000,0.13854335534506604
646000,0.13877079847425033
647000,0.1390508177312305
648000,0.13888308366070698
649000,0.13869866207055878
650000,0.13881440361632194
651000,0.13800836389547286
652000,0.1372900118851075
653000,0.13637553344306474
654000,0.1363695993760961
655000,0.1365722338941751
656000,0.13600673026681506
657000,0.13542027274611637
658000,0.13544624958294868
659000,0.1359286067440935
660000,0.13650042879483135
661000,0.1356975516749747
662000,0.1358945677594432
663000,0.13521895831114136
664000,0.13466411254174154
665000,0.13465182649673235
666000,0.1337308871394901
667000,0.13410395664536962
668000,0.13477812696239483
669000,0.13479549970911653
670000,0.13541585385134847
671000,0.1350636991235707
672000,0.13521846924660746
673000,0.1363879203844951
674000,0.13702518539592878
675000,0.137273309155805
676000,0.1371127131527486
677000,0.13668560175435943
678000,0.13719949033502918
679000,0.1371491298417813
680000,0.13722785495409281
681000,0.13742232277136396
682000,0.13688679230562548
683000,0.13630637870227735
684000,0.1354767921564086
685000,0.13575741223080634
686000,0.13561294206187643
687000,0.1356293278677751
688000,0.13582193333118944
689000,0.13500906437031476
690000,0.13454305112046291
691000,0.1350408283643988
692000,0.13476846516862026
693000,0.13405934440270567
694000,0.13423052728522708
695000,0.13424175146673503
696000,0.1342429224338197
697000,0.13508376949757808
698000,0.13578161454024942
699000,0.13669056149022618
700000,0.13702365142748665
701000,0.13721451080566985
702000,0.13668378990839283
703000,0.13778569974685814
704000,0.13756774347504358
705000,0.13750516293901388
706000,0.13858870856844874
707000,0.13880834467007977
708000,0.13910286901160976
709000,0.13952577463702368
710000,0.13953253181126601
711000,0.1396120270169223
712000,0.1406471243401129
713000,0.1407788391585907
714000,0.14118158204859857
715000,0.1412895384013852
716000,0.1417305722455684
717000,0.14087951279416738
718000,0.14175736074214723
719000,0.14138827537427187
720000,0.1415313343024185
721000,0.14170338734379073
722000,0.14151475478337563
723000,0.14206654740910887
724000,0.14184148585743656
725000,0.14117288511890233
726000,0.14078557667559666
727000,0.1416813574115659
728000,0.14259860244422626
729000,0.14220474191468646
730000,0.1429715340735508
731000,0.142217155515362
732000,0.14211004243526656
733000,0.14252048602651432
734000,0.1428134944906522
735000,0.14433144115653226
736000,0.14364579889624163
737000,0.14414172970820846
738000,0.14423329845852687
739000,0.1437233288928411
740000,0.1431243160319656
741000,0.14280991300542237
742000,0.14240352046465818
743000,0.14248121865020844
744000,0.143179983105115
745000,0.14315198575088361
746000,0.14333401816899077
747000,0.14355824749590446
748000,0.1438543628550671
749000,0.1434667029733899
750000,0.14380682074371878
751000,0.14386755685082692
752000,0.1441491667360137
753000,0.14365829900751548
754000,0.14399616628455056
755000,0.14469862770999117
756000,0.1440599536239183
757000,0.14568448710902748
758000,0.1459818926863175
759000,0.14545360727518913
760000,0.14649376441600145
761000,0.14638997272254775
762000,0.14701819253746579
763000,0.1464507496658585
764000,0.14640676855353274
765000,0.146535155847975
766000,0.1455174094502517
767000,0.14533003366341585
768000,0.14500818514571057
769000,0.14429071340214797
770000,0.14345286000078783
771000,0.1444670274832279
772000,0.14521963774196536
773000,0.14552143955105687
774000,0.14522933151283268
775000,0.1456607706539151
776000,0.14642694292189526
777000,0.146565210218161
778000,0.14664306853231399
779000,0.1481450182538197
780000,0.1492627700293
781000,0.14892523360950333
782000,0.1489858908434097
783000,0.14875252468615666
784000,0.14848906074183146
785000,0.14772962606476103
786000,0.1474309583419985
787000,0.14682629550021653
788000,0.1466849644952083
789000,0.14614145241178975
790000,0.14549072249438877
791000,0.14590990305997587
792000,0.14512018407276678
793000,0.14495130521817293
794000,0.14491771548848714
795000,0.14471188645417
796000,0.14501384028086495
797000,0.14572035196074845
798000,0.14516247834903323
799000,0.14513489082255324
800000,0.14521444674275397
801000,0.14454036324803957
802000,0.1447887236433548
803000,0.14451594268755555
804000,0.14374018274729514
805000,0.1432376836050156
806000,0.14369726585551268
807000,0.1439416621175588
808000,0.1439262100195214
