1000,0.317020687641834
2000,0.23279449604720034
3000,0.21437016521836663
4000,0.2206401293923093
5000,0.23669901711174232
6000,0.26754613098529534
7000,0.27202744742227325
8000,0.27317027822083784
9000,0.2789172039701134
10000,0.27455687013765195
11000,0.2681173959834869
12000,0.25990427564959917
13000,0.2501657506977072
14000,0.24614055899065984
15000,0.24748531705316332
16000,0.25161672170165555
17000,0.24831966387596743
18000,0.2655497721226273
19000,0.25927484977612913
20000,0.25789441674726943
21000,0.26361187631343086
22000,0.2640171195719376
23000,0.2583156753684212
24000,0.2565087561806267
25000,0.25526491716469635
26000,0.2537348916361082
27000,0.25673691107441304
28000,0.25180006003695704
29000,0.24883570117953277
30000,0.24744167718168508
31000,0.24353508681294087
32000,0.2465389115107423
33000,0.2412898570919628
34000,0.23855345299556657
35000,0.2394368934870908
36000,0.23848541928877542
37000,0.2360010646400107
38000,0.23596703714487452
39000,0.2415988518304171
40000,0.2440703658262404
41000,0.24529237598249953
42000,0.24409754603143216
43000,0.24835605227474541
44000,0.24782468624608875
45000,0.24457800324709347
46000,0.2426317586901671
47000,0.2429042401907135
48000,0.24336484920225745
49000,0.24097315243763318
50000,0.2437119743510427
51000,0.24456318967226376
52000,0.2437317977669743
53000,0.2452425524705476
54000,0.2456283401843407
55000,0.24393971065828138
56000,0.24323312006333075
57000,0.24294341414261814
58000,0.2426236746989666
59000,0.2409256904048953
60000,0.24100457589257065
61000,0.24027075895831276
62000,0.23958486216888203
63000,0.23841842268847166
64000,0.2383168425672777
65000,0.2386343289581543
66000,0.23899406212128269
67000,0.23864535774923792
68000,0.23789472857387722
69000,0.23602301441686663
70000,0.238231046253854
71000,0.23914732865137042
72000,0.23939377015690586
73000,0.24190219032074955
74000,0.242098632170314
75000,0.24407744724314742
76000,0.24286899806380124
77000,0.24259509798957996
78000,0.24237731006621593
79000,0.24162898693717688
80000,0.24327833119549983
81000,0.24270695005947265
82000,0.24156380882409131
83000,0.24189490963899676
84000,0.24218096457056001
85000,0.24409455748146144
86000,0.24190820460405923
87000,0.24337213691873244
88000,0.24137195209216036
89000,0.24170972723130865
90000,0.24184675118011154
91000,0.2416639827211227
92000,0.24208478680994605
93000,0.24160120208233055
94000,0.24112437801095293
95000,0.23965155731286308
96000,0.23983660971808216
97000,0.2392880919128258
98000,0.23820312039928154
99000,0.23863359289962197
100000,0.2386384119442513
101000,0.2380214071769227
102000,0.23836920929511043
103000,0.2361972819962416
104000,0.23540779455477265
105000,0.23547430306705325
106000,0.23482823054834306
107000,0.2343532523823145
108000,0.2336818710610704
109000,0.2336996480474584
110000,0.23258955422494484
111000,0.23238312623309232
112000,0.23295393214817797
113000,0.23279091697533924
114000,0.23305587214014467
115000,0.23288799064038518
116000,0.2322692912543728
117000,0.23130571744903855
118000,0.2305129257029676
119000,0.23018036970495406
120000,0.22978537844591154
121000,0.22981027493491102
122000,0.23035723608902153
123000,0.2298503462392842
124000,0.23033245253008863
125000,0.23025006956341082
126000,0.22924073333990994
127000,0.22629471753575942
128000,0.2260410309818259
129000,0.2241406479339787
130000,0.22286859244822865
131000,0.22141657406312107
132000,0.2216663130217165
133000,0.2229145099240453
134000,0.22346368669079994
135000,0.22419350323923726
136000,0.22384114257735774
137000,0.22354241515199083
138000,0.2208340162882213
139000,0.2223902551102094
140000,0.22365724514510532
141000,0.22127132334933486
142000,0.22310790893488144
143000,0.22243520743177567
144000,0.2223979444890353
145000,0.22216413937337126
146000,0.22216724602397256
147000,0.22385299350210866
148000,0.22419265361984014
149000,0.22440068567498497
150000,0.22359326644951072
151000,0.2254907963179778
152000,0.22545415750011152
153000,0.22550546334458796
154000,0.22510540875736262
155000,0.22549344244178066
156000,0.22556807324337363
157000,0.2235435936409046
158000,0.22258384353025223
159000,0.22318421380198017
160000,0.22241184677446296
161000,0.21941032971994243
162000,0.21920650641099917
163000,0.21864964647578194
164000,0.22079596299414928
165000,0.22093092723412144
166000,0.22010600672156255
167000,0.21852779811701717
168000,0.21760769116240436
169000,0.21784669572240456
170000,0.2170174077885465
171000,0.21691480697600451
172000,0.21569833022417925
173000,0.21613766165773063
174000,0.217237079727711
175000,0.21705165320117425
176000,0.2179659928461473
177000,0.21929154397549153
178000,0.21949451924895086
179000,0.21856287317945333
180000,0.22002352062259625
181000,0.22021766144798915
182000,0.2189935950639581
183000,0.219336996950987
184000,0.21860534354266817
185000,0.21920832535415338
186000,0.21807164958523645
187000,0.217856175445443
188000,0.2171085848076254
189000,0.2162068188745829
190000,0.2159693311173857
191000,0.2147445529380986
192000,0.21379837841998459
193000,0.21346926788942636
194000,0.21352161983364742
195000,0.2135598607477407
196000,0.21386633222134163
197000,0.21388860376356314
198000,0.21277820270468134
199000,0.21284586562602087
200000,0.2127902349758086
201000,0.21176779855381092
202000,0.21229991529150508
203000,0.21183130745875742
204000,0.21282126657816833
205000,0.21262731638702737
206000,0.2138856672366319
207000,0.21300683177257856
208000,0.21291441885576365
209000,0.2119084237435936
210000,0.21055412268883247
211000,0.20990661018365456
212000,0.20946760386485702
213000,0.21085027175925428
214000,0.2095665299773996
215000,0.21016385287323544
216000,0.2105752920754223
217000,0.21069354757939124
218000,0.21054264244493123
219000,0.21295056855864114
220000,0.21302073474161734
221000,0.21279101930970867
222000,0.21345359391817453
223000,0.21263997819522898
224000,0.21346913730587577
225000,0.21380393745579213
226000,0.21322601459856727
227000,0.2135476321936968
228000,0.21313794210812353
229000,0.21286873021756608
230000,0.2133484144769978
231000,0.21245373338670348
232000,0.21249967574992396
233000,0.21286622989108892
234000,0.21460213808742792
235000,0.2146658234417345
236000,0.21572379249601953
237000,0.21542139283643816
238000,0.21587961015250254
239000,0.2153003592367787
240000,0.21709032409676984
241000,0.21653289288235053
242000,0.21690197323402255
243000,0.2178351529635509
244000,0.21948825695851373
245000,0.2193924082523279
246000,0.21913034557291466
247000,0.2191194400763649
248000,0.22079675742378582
249000,0.22021930095384432
250000,0.22036000620763913
251000,0.21999353391942114
252000,0.21849710304568748
253000,0.2172931466464685
254000,0.2165000166033274
255000,0.21719121210567127
256000,0.21513316719187067
257000,0.21425154238441896
258000,0.21449302942777013
259000,0.2135024236452226
260000,0.21363831638710667
261000,0.21413539594096384
262000,0.21305541584909754
263000,0.21169460566308976
264000,0.21163692804304707
265000,0.2120071820286916
266000,0.2136370423270095
267000,0.21356215358723996
268000,0.2151633434363895
269000,0.21479629588269458
270000,0.2158272018316607
271000,0.21580902608490765
272000,0.21559553559011405
273000,0.21756392567612015
274000,0.21811171225403622
275000,0.21712475669162906
276000,0.2162900302545038
277000,0.21848633745995222
278000,0.2192672763441967
279000,0.2195484075547
280000,0.2205149339664633
281000,0.21999058699507174
282000,0.21958070988738534
283000,0.2211621239631845
284000,0.22138837958252316
285000,0.22185403859516023
286000,0.2208470686006473
287000,0.22091249774360971
288000,0.22209825122797155
289000,0.22104204762117025
290000,0.22055857897497502
291000,0.22016751541773585
292000,0.2185124771335381
293000,0.21851375129111394
294000,0.2200996527304028
295000,0.21980694079869806
296000,0.2192975692401445
297000,0.21943503270965428
298000,0.22010436438008724
299000,0.22026963135545513
300000,0.2215212356258047
301000,0.22145064982370344
302000,0.2212025865692145
303000,0.2206190921477949
304000,0.2237301156159075
305000,0.2230606698671009
306000,0.22283769647492135
307000,0.22315240762549735
308000,0.22247731795276057
309000,0.2213696954708417
310000,0.22305713281007855
311000,0.22270505386104084
312000,0.2221035438756395
313000,0.2220580377602712
314000,0.2228909074941672
315000,0.22381688310000558
316000,0.22355537354180324
317000,0.22249913450924175
318000,0.2225119207412594
319000,0.22152248038103317
320000,0.2209172195711029
321000,0.22060562660255037
322000,0.2222324156970315
323000,0.22273809343097847
324000,0.22331721221380887
325000,0.22406738254644484
326000,0.2230784781801342
327000,0.22429284233569968
328000,0.22418268128881363
329000,0.2244830397934087
330000,0.22438630099296075
331000,0.22426092099343156
332000,0.2225002606845769
333000,0.22143800441229392
334000,0.22228917835129738
335000,0.22261299442147975
336000,0.22444877508078412
337000,0.2226470615373929
338000,0.22303013797528812
339000,0.2240537959163912
340000,0.22344373088458303
341000,0.22545101267808432
342000,0.22690154166645832
343000,0.22695822402764657
344000,0.22749122982152536
345000,0.22714071730585836
346000,0.22955059428180088
347000,0.22972498315835974
348000,0.229222140401774
349000,0.22858322043632692
350000,0.2284896129453317
351000,0.22851312195184054
352000,0.2278490707195856
353000,0.2275829394137926
354000,0.2276353031636561
355000,0.22818974025569147
356000,0.22856775093449727
357000,0.22820713809137208
358000,0.2272306124012278
359000,0.22797578410353855
360000,0.22884031926126894
361000,0.22751279086766357
362000,0.22761000655678384
363000,0.22777518816997333
364000,0.22856229498352307
365000,0.22867031030481888
366000,0.22997775604711626
367000,0.23132471648082703
368000,0.23041542009912608
369000,0.23014857338771003
370000,0.2290055700311412
371000,0.22730215220022387
372000,0.22785606167599742
373000,0.227212269454787
374000,0.22786785039162483
375000,0.22867614896193325
376000,0.22794797264542
377000,0.22966005169089918
378000,0.22865078320854834
379000,0.22855421429876205
380000,0.22650554423856792
381000,0.22682895911927795
382000,0.22478001284660698
383000,0.2237939371835832
384000,0.22469073435466744
385000,0.22306117529537856
386000,0.22265389393179366
387000,0.22417019110508973
388000,0.2242903443300441
389000,0.22387649841628615
390000,0.22543051314315113
391000,0.22678868560688545
392000,0.22690453577817044
393000,0.2268440211127456
394000,0.2267817345842997
395000,0.22639709254423765
396000,0.22677985268018325
397000,0.22600809028808225
398000,0.22701127166923465
399000,0.22857531708838452
400000,0.2277502179903213
401000,0.22727810060253506
402000,0.22829855179433003
403000,0.2273285010454194
404000,0.22811811628893264
405000,0.22752772218350933
406000,0.22795627753197978
407000,0.22676038613633306
408000,0.22737504577433099
409000,0.22587427364425144
410000,0.22524032346474404
411000,0.225211375328602
412000,0.2247847676956657
413000,0.22438979274138612
414000,0.22482974340884732
415000,0.2259581819803151
416000,0.22556967192230912
417000,0.22526938849358405
418000,0.22592072851447165
419000,0.22640947350649526
420000,0.22661206607312875
421000,0.22677973114205457
422000,0.22580897737356373
423000,0.22488796923639595
424000,0.2242832578831837
425000,0.22491334951549882
426000,0.2244627752834216
427000,0.22190164918457048
428000,0.2200303717243755
429000,0.22046397426999506
430000,0.2199282910542202
431000,0.22038329645738217
432000,0.22130362707183024
433000,0.2226482664350879
434000,0.22192223436628028
435000,0.22195216691520933
436000,0.22078743348267552
437000,0.22042491257654045
438000,0.22130419310153596
439000,0.22157833611328265
440000,0.22238769520827134
441000,0.22189734046925372
442000,0.22124085382152178
443000,0.22075225763261114
444000,0.22125830999026316
445000,0.22218270051393835
446000,0.22369992243059295
447000,0.22428607227156896
448000,0.2248698006125067
449000,0.2254805191938098
450000,0.22711007172403647
451000,0.2253557372924871
452000,0.2242361780578844
453000,0.2250139171293747
454000,0.22365483821987678
455000,0.22164963722675696
456000,0.22394621645341745
457000,0.22203799583367553
458000,0.22257614704872464
459000,0.2226003053027496
460000,0.22216770016293833
461000,0.22322335468902604
462000,0.2225194740272504
463000,0.22277034572312396
464000,0.2225875785552412
465000,0.22198823182663807
466000,0.22004848444350045
467000,0.2207978119973384
468000,0.22075595372148527
469000,0.2209865008400171
470000,0.22290904938257974
471000,0.22373398746448048
472000,0.2242223529978488
473000,0.22508854525363797
474000,0.225664296620483
475000,0.22509964449226982
476000,0.22364531753073866
477000,0.22221349695561846
478000,0.222927956821806
479000,0.2230037836876852
480000,0.22393350787353314
481000,0.2240885480450775
482000,0.22461791515534982
483000,0.22511293715836583
484000,0.226540816359828
485000,0.22644425810100927
486000,0.22703843176488125
487000,0.22668220930368585
488000,0.22796296933699398
489000,0.22664907786093874
490000,0.22756786424762002
491000,0.22810883773876978
492000,0.22766040859593178
493000,0.2283395522247052
494000,0.22894356157913542
495000,0.23043348877778352
496000,0.2293456815953299
497000,0.2290649030062241
498000,0.23024567263649623
499000,0.2288744426899084
500000,0.2273756952191677
501000,0.22900758412117175
502000,0.22709453329866797
503000,0.22588743823976573
504000,0.2249309053480581
505000,0.2249164645585608
506000,0.2259929816046025
507000,0.22654694010481075
508000,0.22610069765628857
509000,0.2263008949285508
510000,0.22657394728386912
511000,0.22796774046747673
512000,0.2267746321581456
513000,0.22787980313782025
514000,0.22807848402678413
515000,0.22796507093633364
516000,0.22708919840339975
517000,0.22641572481712394
518000,0.22666372149682668
519000,0.22615391743884397
520000,0.22599658207204598
521000,0.22609232365427134
522000,0.22637811630953344
523000,0.22658097935725885
524000,0.22711296897745742
525000,0.22750791932900913
526000,0.22725253815448687
527000,0.22689262464387447
528000,0.22569633272861694
529000,0.22410189957027557
530000,0.22330141128447842
531000,0.22359729572665707
532000,0.2222634211919505
533000,0.2223900604938529
534000,0.22356740145562887
535000,0.22403964448429883
536000,0.226129643514835
537000,0.22688027757930804
538000,0.2272129119285862
539000,0.22802606250400598
540000,0.22859017019541966
541000,0.22852344282273682
542000,0.22954005983890474
543000,0.2299950498962779
544000,0.22844345249459955
545000,0.22873373734423688
546000,0.22792260059151556
547000,0.22718056579203433
548000,0.2275346494603556
549000,0.22683496132235165
550000,0.22650150112681167
551000,0.2279061436610786
552000,0.22825881287229827
553000,0.22774680817276047
554000,0.22833484799193762
555000,0.2279083275583414
556000,0.22928469062690768
557000,0.22798290028592388
558000,0.22823447876932465
559000,0.22713538803348637
560000,0.22586135239335517
561000,0.22498249593470354
562000,0.22438209830355932
563000,0.2242627613986303
564000,0.22228605886830252
565000,0.22290433920317645
566000,0.22312035477732886
567000,0.22487069983579147
568000,0.22655402478525763
569000,0.22853202866434258
570000,0.22895259062538753
571000,0.2293498171814303
572000,0.2271205350982621
573000,0.2251965705473371
574000,0.2256752988327983
575000,0.22709891434069618
576000,0.2262743304995778
577000,0.227815976726997
578000,0.22594056727702766
579000,0.22703093425499543
580000,0.22663525044618502
581000,0.22613563845975207
582000,0.2254710079374065
583000,0.22592362336600022
584000,0.22429952749188103
585000,0.22323106289700342
586000,0.22329171498211037
587000,0.22296216126791535
588000,0.22251525797499414
589000,0.22525112895752827
590000,0.22668635263849354
591000,0.22577627267103875
592000,0.22501368721458254
593000,0.22463015513195211
594000,0.2265405867776816
595000,0.2272900201513214
596000,0.22734853402153768
597000,0.2266647183511327
598000,0.22657309145120247
599000,0.22669098179977765
600000,0.2259739748346591
601000,0.2276401113020051
602000,0.2273949266147517
603000,0.22558908913972628
604000,0.22541534176266054
605000,0.22554529782537752
606000,0.22483114648394642
607000,0.22488212970146973
608000,0.2234836086860355
609000,0.22392794731452714
610000,0.22423850421567118
611000,0.2231864766173029
612000,0.222330694289434
613000,0.22252040566441397
614000,0.22280776764624222
615000,0.22375060253386447
616000,0.22389507740109463
617000,0.22450146406997998
618000,0.22440018107105067
619000,0.22333957901030543
620000,0.22210292870242054
621000,0.22256559654730598
622000,0.22170577047828233
623000,0.22162594086016835
624000,0.21927024885267973
625000,0.22013172666994776
626000,0.22014050697334983
627000,0.21980140822692254
628000,0.21959575833003112
629000,0.22100099468407075
630000,0.22367705634929896
631000,0.2236041711755277
632000,0.22326007194027783
633000,0.22340861849483976
634000,0.2231617933730339
635000,0.22246456018969576
636000,0.22458135849170888
637000,0.2247050742002145
638000,0.22404229016856456
639000,0.22352749113208067
640000,0.22358465318431395
641000,0.2236636453275863
642000,0.2232259613115281
643000,0.2227237070846823
644000,0.22307645788341396
645000,0.2228159999674737
646000,0.22595962820870477
647000,0.22574222147538547
648000,0.22356125185180606
649000,0.22371357778337284
650000,0.22187488581158038
651000,0.22266843819650287
652000,0.2217581226650484
653000,0.2218585078172307
654000,0.22282904966260203
655000,0.22347116115149482
656000,0.22374798693097425
657000,0.2231417644955128
658000,0.2243126719368686
659000,0.2249715764201742
660000,0.2274194537437485
661000,0.22768517813147804
662000,0.2284593495275837
663000,0.22894886974361842
664000,0.22734933090116252
665000,0.22651063879092018
666000,0.22601798566395573
667000,0.2268486351287782
668000,0.22692603985711873
669000,0.22719185572319942
670000,0.2270595300239677
671000,0.22848578692016866
672000,0.22811455041696385
673000,0.2308643455381262
674000,0.23202513463413071
675000,0.23139229906147607
676000,0.23415333923326187
677000,0.2349228780371496
678000,0.23477621799138143
679000,0.2326564706018849
680000,0.2324002367886474
681000,0.23012628829267143
682000,0.22917846072066714
683000,0.2294347110496587
684000,0.22905173618435454
685000,0.23042987382220037
686000,0.22909141953858456
687000,0.23000864909587068
688000,0.2288985954090698
689000,0.22919454378836593
690000,0.2290242690419441
691000,0.22990693765148545
692000,0.2297258450771405
693000,0.22916551610939592
694000,0.22879148259987378
695000,0.22838358629247937
696000,0.22850533933729816
697000,0.228974094586075
698000,0.22850843500524257
699000,0.2284869274387566
700000,0.22772351289856635
701000,0.22736135757089948
702000,0.225493739080144
703000,0.22693201496442575
704000,0.22751746391788982
705000,0.22655403191080165
706000,0.22647657370942398
707000,0.226789770564813
708000,0.22758187976436806
709000,0.22832052050392546
710000,0.2290609077628531
711000,0.2275949420604149
712000,0.22714173977215493
713000,0.22648976420508976
714000,0.22814482738996406
715000,0.2279625923842304
716000,0.22841558609141033
717000,0.2283994598208601
718000,0.22917859590860093
719000,0.2296452608512149
720000,0.23068781230177518
721000,0.22913331232157821
722000,0.23036074516809485
723000,0.23027366302126762
724000,0.22975316109387695
725000,0.2296752803598072
726000,0.22826129449655558
727000,0.22911667782653766
728000,0.22831233838335038
729000,0.229354646633269
730000,0.23043698610600574
731000,0.23033343082696645
732000,0.2300970451495114
733000,0.2314939858530847
734000,0.2313992637318354
735000,0.23295494534152245
736000,0.23076752734142758
737000,0.23045495826782314
738000,0.22930514974980445
739000,0.23070988242678372
740000,0.23179819361586332
741000,0.23081795516593878
742000,0.23067843184131945
743000,0.23101061282687582
744000,0.23113838397450484
745000,0.23212578480796037
746000,0.22972837966458387
747000,0.23120104418029971
748000,0.2323049394185203
749000,0.23189699361635643
750000,0.23218980258786565
751000,0.23309041581308249
752000,0.23403978194121816
753000,0.23429465427016316
754000,0.23397321721895178
755000,0.23308101063109246
756000,0.23390970319793464
757000,0.23494865498403408
758000,0.2343544154295834
759000,0.23465137341600928
760000,0.2349528459145476
761000,0.23555182670036248
762000,0.23574993103347283
763000,0.23481011065633298
764000,0.23458265797553798
765000,0.23401355010387517
766000,0.23633933215573713
767000,0.23573417928396947
768000,0.23458931501575483
769000,0.23274207700264815
770000,0.23161969073499927
771000,0.23182306461768906
772000,0.2316093010304937
773000,0.2320574533375188
774000,0.23149167623874148
775000,0.23131758443669692
776000,0.2306563888839925
777000,0.2310739996944181
778000,0.2305149388877049
779000,0.23313686365545738
780000,0.23395511684107104
781000,0.23438009157728845
782000,0.23269176562770852
783000,0.231666088640618
784000,0.23218965668706876
785000,0.23091372791272347
786000,0.2283443956496864
787000,0.2267925832765988
788000,0.22766268419698685
789000,0.22632513324234824
790000,0.22752841100443863
791000,0.22740320308119963
792000,0.22860497002837976
793000,0.22928329290469007
794000,0.2280678939630438
795000,0.2268816153813852
796000,0.22592971436919504
797000,0.22762546182799956
798000,0.2269851905538716
799000,0.22768218051742875
800000,0.22749188943880796
801000,0.2275867000508835
802000,0.22684977625949493
803000,0.22824601909259054
804000,0.22789504234626587
805000,0.2269876384015609
806000,0.22861956096286826
807000,0.22931302342284277
808000,0.22830965455990163
