1000,0.4923462177133027
2000,0.41211723925332544
3000,0.4377993362402394
4000,0.4296762640669699
5000,0.4420224795459052
6000,0.427454474671885
7000,0.42113413655167986
8000,0.41234221373807606
9000,0.42361387294646935
10000,0.41364160199363736
11000,0.40406847667705303
12000,0.3983940900436768
13000,0.39299845562922125
14000,0.38691369395470476
15000,0.39696852519208503
16000,0.386327428590917
17000,0.37814962165545146
18000,0.38625343103007753
19000,0.3741955738533732
20000,0.3695671747466025
21000,0.38195893372168127
22000,0.38645758839380034
23000,0.3835178507243796
24000,0.372624142611747
25000,0.3690548472387744
26000,0.3695400318532567
27000,0.3742892309388938
28000,0.37140556384526746
29000,0.3693440650994889
30000,0.36920700040231735
31000,0.3665476057550247
32000,0.3687950534808112
33000,0.3654519169162667
34000,0.3671992261341778
35000,0.36897860986428815
36000,0.368087896297836
37000,0.3670167759330072
38000,0.3677361248009649
39000,0.369838961153336
40000,0.3703671254925432
41000,0.36970073635783157
42000,0.3683543865068051
43000,0.3723637746468738
44000,0.3735587389790735
45000,0.37306085531563277
46000,0.3726987846825518
47000,0.37172810643652865
48000,0.37093793554529064
49000,0.36855496176632074
50000,0.3681850758370998
51000,0.3683391399163509
52000,0.36928101432400123
53000,0.3702612781654044
54000,0.3703113956499406
55000,0.36789996721940976
56000,0.3690004784119811
57000,0.36614703951223476
58000,0.36557453390251454
59000,0.36351493382532
60000,0.3615698264687354
61000,0.3604883573883825
62000,0.35919909297041047
63000,0.35882248600133704
64000,0.361171121699416
65000,0.3587379882651459
66000,0.35693055899544207
67000,0.35690115576172116
68000,0.3570327751226781
69000,0.35657868378211965
70000,0.3608196811764685
71000,0.3610506363933464
72000,0.36249098868919855
73000,0.3625753564864268
74000,0.3612713277492347
75000,0.36233106497998796
76000,0.3610430109548303
77000,0.360618750656023
78000,0.3600399653574976
79000,0.3592108471556285
80000,0.3586371993053586
81000,0.3575315241811958
82000,0.3585633663886288
83000,0.35887997492872487
84000,0.35836967281252957
85000,0.3607725437600761
86000,0.3589221158226689
87000,0.3588061724320012
88000,0.35721056568073095
89000,0.3587062658784987
90000,0.35867566523319944
91000,0.3570524711499401
92000,0.3570228545405329
93000,0.3565745811104218
94000,0.3559631366403365
95000,0.35360280091756047
96000,0.3548074734602261
97000,0.3537920346163813
98000,0.35378983325111085
99000,0.35527823291199107
100000,0.354568265186294
101000,0.3532342843174216
102000,0.35244734384644555
103000,0.34930740820423267
104000,0.3474598394284375
105000,0.3455828416443944
106000,0.3456297069762522
107000,0.34490074754327826
108000,0.34617958940830434
109000,0.34487214366054436
110000,0.3445470948991298
111000,0.3444546972304953
112000,0.34638908852957445
113000,0.34659848767650353
114000,0.3457247970882638
115000,0.3431083105984702
116000,0.3464860906604556
117000,0.34720449450243246
118000,0.3442610313678456
119000,0.34445891106418675
120000,0.3441208315667886
121000,0.34178587700821605
122000,0.34015131297848494
123000,0.33962248787420446
124000,0.34177008761404065
125000,0.3416371794592412
126000,0.3409305522928422
127000,0.3382397322139778
128000,0.33746749439096313
129000,0.33581933465597247
130000,0.3355594966436013
131000,0.33506017190635046
132000,0.332957800635225
133000,0.3344532358931932
134000,0.3328675080916647
135000,0.3323922188849441
136000,0.33414153899805954
137000,0.3342492565027625
138000,0.3317757095362088
139000,0.3319042018713906
140000,0.3322341035307008
141000,0.3332371760353626
142000,0.33434925149852573
143000,0.3297713990848113
144000,0.3273467151348458
145000,0.328759937607358
146000,0.32776855592278603
147000,0.3285100707840612
148000,0.3294214333721018
149000,0.32994211846095656
150000,0.32942890470269937
151000,0.3285174254630037
152000,0.3273305424254765
153000,0.3258413669609685
154000,0.3238295584438521
155000,0.32553844801938875
156000,0.3268563621410449
157000,0.3293569280440627
158000,0.32938050977725775
159000,0.33104583397342174
160000,0.33119472282736845
161000,0.32987279254301
162000,0.32981509870469333
163000,0.32812050785832664
164000,0.32619558139570487
165000,0.32817212593215334
166000,0.32686683774585884
167000,0.3257413723790687
168000,0.3245778669809441
169000,0.3259737202442642
170000,0.3215261503952491
171000,0.3211331712799174
172000,0.31783646185731185
173000,0.3167995541743444
174000,0.319084355069343
175000,0.31785456179695015
176000,0.31764158825436795
177000,0.3159940761034442
178000,0.3151006884194746
179000,0.3149094956170199
180000,0.3168096237907217
181000,0.31775650286552787
182000,0.31524993959578324
183000,0.31414184946243484
184000,0.31355493739946805
185000,0.309900206680534
186000,0.3114736393598161
187000,0.3119050428153481
188000,0.31280953137677875
189000,0.31236902945793427
190000,0.3119329860405312
191000,0.312639435427684
192000,0.3114320448490896
193000,0.31307191301014886
194000,0.3136988332369008
195000,0.3152837716101451
196000,0.3121112273756729
197000,0.31278050384667344
198000,0.3112215665537888
199000,0.30872281107654354
200000,0.3110013248298704
201000,0.31017927631021786
202000,0.31278607133544684
203000,0.3142086728238149
204000,0.3160638256532742
205000,0.3172079324088884
206000,0.31701420679986503
207000,0.3162920000701359
208000,0.3143854182610817
209000,0.31206252008170593
210000,0.3108810439736853
211000,0.310430058366803
212000,0.3076270224257527
213000,0.3063932857289467
214000,0.30663493487126015
215000,0.3072185316746733
216000,0.30508669386550336
217000,0.30432588587647114
218000,0.30544063746933175
219000,0.31101814019896395
220000,0.31237894305328184
221000,0.31004662250376397
222000,0.30945618339087977
223000,0.3103578621439604
224000,0.3091698573078155
225000,0.308359712487946
226000,0.30707124176006584
227000,0.3069982822358649
228000,0.30809826376811233
229000,0.31086656633950316
230000,0.31027747526258315
231000,0.3110052472781407
232000,0.3109814824446223
233000,0.310687632358868
234000,0.3113229147596743
235000,0.3095666391916611
236000,0.3074996192650318
237000,0.30693974880980585
238000,0.3079824169348829
239000,0.3072350092338882
240000,0.3072629779686792
241000,0.3050649540204396
242000,0.3043041064195004
243000,0.3070574143333222
244000,0.3100514355088565
245000,0.3090836157009922
246000,0.30883011409899713
247000,0.3071772371600823
248000,0.3065149179120723
249000,0.30777659246097766
250000,0.3059701351272754
251000,0.3052354606055096
252000,0.3039221553832995
253000,0.3045495802528999
254000,0.3071448970301964
255000,0.30656900332043047
256000,0.3037671929193781
257000,0.3019233418698622
258000,0.30272663898905994
259000,0.30077667004990977
260000,0.3022279788966373
261000,0.30216750478966353
262000,0.3008578146029975
263000,0.30241491175636254
264000,0.3046337300507686
265000,0.3039447148483417
266000,0.30679501057480074
267000,0.3070361205290296
268000,0.3103444864803113
269000,0.3090487966319387
270000,0.31190236211826866
271000,0.31101129155570983
272000,0.3127335220748257
273000,0.3169680977021202
274000,0.31434786372272044
275000,0.31295739623154095
276000,0.314884865969074
277000,0.31825558269441184
278000,0.3204438573661133
279000,0.318853672695894
280000,0.31762717891124115
281000,0.31779440987599195
282000,0.3188753957834007
283000,0.3190586261474589
284000,0.31993670366313715
285000,0.32429508132859786
286000,0.32360429860661666
287000,0.3226544894107209
288000,0.32331971639370854
289000,0.32171051953141533
290000,0.32206152452682213
291000,0.32484544990135167
292000,0.32729317644928896
293000,0.3260170357533306
294000,0.32510082041520855
295000,0.3243480418218521
296000,0.3264980295890031
297000,0.32539995476543127
298000,0.32570005815324077
299000,0.32567812166662413
300000,0.32391992519866014
301000,0.32407601137975167
302000,0.324823551152095
303000,0.32324805533170387
304000,0.3238353326889768
305000,0.32285268380641857
306000,0.3226852568295348
307000,0.3236926970365618
308000,0.3235102182894618
309000,0.32588548046378757
310000,0.32809916111067583
311000,0.3285461481409533
312000,0.3282415366780654
313000,0.32860958393734885
314000,0.3299776234484403
315000,0.3301904124189405
316000,0.33006271995286485
317000,0.3310206733052354
318000,0.3330076627750205
319000,0.3272397394557834
320000,0.3260392037839639
321000,0.32784547263689806
322000,0.330589735067976
323000,0.3294630296649139
324000,0.331717394786174
325000,0.3334112975597137
326000,0.3353268117176403
327000,0.3366180808928334
328000,0.3368812611180173
329000,0.3351389456227241
330000,0.3353595961699328
331000,0.33746013945613834
332000,0.3363663171174529
333000,0.33508144946384066
334000,0.33445839731599586
335000,0.3343367999274519
336000,0.3361484394051588
337000,0.33443827796930276
338000,0.3357112534024114
339000,0.3361399398441535
340000,0.3328169115386851
341000,0.334484562832143
342000,0.33596748432399204
343000,0.33472874690134674
344000,0.33431528752140116
345000,0.33353578953766644
346000,0.3349881264416513
347000,0.3371043238680136
348000,0.3362709193960376
349000,0.33471029019859394
350000,0.3363238224114071
351000,0.33695380551559956
352000,0.3391388017222988
353000,0.3390450922270918
354000,0.33816412352245556
355000,0.33789504165256207
356000,0.3389032291102143
357000,0.34050890939182593
358000,0.3387250447139023
359000,0.33910955840381685
360000,0.3384364650797948
361000,0.33953952718174857
362000,0.34073181831634597
363000,0.34145236313347677
364000,0.3410813357566379
365000,0.33974010103812313
366000,0.33874878145725595
367000,0.33822087692319264
368000,0.33397204090438015
369000,0.3327680304599217
370000,0.3308768387221566
371000,0.33038523367196565
372000,0.3312980652832165
373000,0.3267467414674714
374000,0.3293898602562537
375000,0.3300445694466784
376000,0.3286712060543922
377000,0.3260416117891517
378000,0.3263892588911485
379000,0.32960421003763357
380000,0.329773717161873
381000,0.32771731378627006
382000,0.3262893505145777
383000,0.3258696070700232
384000,0.32450835235263603
385000,0.3218997404195211
386000,0.3213972633183129
387000,0.32277313138371266
388000,0.3221558268659442
389000,0.3240561115004825
390000,0.32340170382732103
391000,0.32015330430976835
392000,0.320097569693815
393000,0.3178107540773667
394000,0.3193636006950479
395000,0.32009033601981807
396000,0.31846071297231016
397000,0.3197839617108191
398000,0.3197671366456283
399000,0.32076509969228073
400000,0.32034958458995577
401000,0.319184100603211
402000,0.3151400867041614
403000,0.3164622933539637
404000,0.31683405468182146
405000,0.3164986536969798
406000,0.3169176986355573
407000,0.31562974213651385
408000,0.31543569069189686
409000,0.31288996119823803
410000,0.3106241104493663
411000,0.30893557794467236
412000,0.3113449582781999
413000,0.31332432765263546
414000,0.3118741642800115
415000,0.3124621056211333
416000,0.31200959167480735
417000,0.31294039757420133
418000,0.3100673000947667
419000,0.3102762670932324
420000,0.3110540127085708
421000,0.3108180526921455
422000,0.3093821325902438
423000,0.3097003412089572
424000,0.3066712298660496
425000,0.3054890436019672
426000,0.3036982791751436
427000,0.3027972668756175
428000,0.30150095119293746
429000,0.30127943187027745
430000,0.29916250093545266
431000,0.2960204953385886
432000,0.29673532164995625
433000,0.297129638118555
434000,0.2984017114824067
435000,0.3000181800882299
436000,0.2979927992294674
437000,0.30113337759250247
438000,0.3007887844946298
439000,0.3017215541133429
440000,0.3045763236749162
441000,0.3040011970465127
442000,0.3036195449212114
443000,0.3062375503739327
444000,0.30794245949496823
445000,0.30655067020294785
446000,0.3056426810054895
447000,0.30419970038047517
448000,0.3038517997725457
449000,0.3047319359139794
450000,0.3055610293220453
451000,0.3050203082113203
452000,0.3034736058010321
453000,0.30617152869802544
454000,0.3065390731464821
455000,0.3055524145732072
456000,0.3057566397854387
457000,0.3035991565858157
458000,0.3044050563267447
459000,0.30594832916977777
460000,0.30648216980975096
461000,0.30646440603823566
462000,0.3064745753394755
463000,0.3051294070593626
464000,0.3062622097590635
465000,0.30679631782719424
466000,0.30658226291462315
467000,0.3106876521059762
468000,0.3131858109363793
469000,0.3137377635241983
470000,0.3156117358350001
471000,0.31893892311624944
472000,0.31918472391008057
473000,0.31970713865584094
474000,0.3165472121562928
475000,0.3169093193002525
476000,0.3158215080525819
477000,0.3158318112459471
478000,0.31332516138783995
479000,0.31192309843002897
480000,0.3122220829054373
481000,0.3123752533682293
482000,0.31346992479516284
483000,0.3128776121386973
484000,0.3151636956827203
485000,0.31425993418371845
486000,0.31708370682203046
487000,0.31689472018105125
488000,0.31856187153422466
489000,0.31572816078080645
490000,0.3159063378315865
491000,0.3155332891717885
492000,0.3143159610376215
493000,0.31777663012410096
494000,0.3167269813722793
495000,0.3158294923209927
496000,0.31532092209038276
497000,0.31450747661761047
498000,0.31577549064769034
499000,0.3135572943402349
500000,0.3157373526215328
501000,0.3180852612085424
502000,0.31793106139426536
503000,0.3178428077836085
504000,0.314872523059152
505000,0.31437714531641586
506000,0.3157159318742547
507000,0.31714618723194304
508000,0.3164491433875397
509000,0.31799505108241455
510000,0.3191026898737892
511000,0.3211778709813864
512000,0.3195410604802771
513000,0.3179792804750157
514000,0.31799714288876835
515000,0.3171704440329811
516000,0.3167401414354581
517000,0.3149700415577093
518000,0.31501493938837893
519000,0.31526688670895825
520000,0.31343735100230175
521000,0.31257092759107913
522000,0.3113769681313527
523000,0.31247129138789215
524000,0.3143740421722701
525000,0.31472841952335356
526000,0.31488276874590065
527000,0.3156346659803579
528000,0.3155720144087518
529000,0.31595749035997545
530000,0.3170719600156411
531000,0.31753929176649875
532000,0.3177002758313282
533000,0.31812142607110727
534000,0.3181534806066213
535000,0.32015132820533754
536000,0.3226247183541966
537000,0.3219966246571072
538000,0.3202694935900347
539000,0.3191969814948383
540000,0.3170527379497312
541000,0.3162584005409296
542000,0.3170691959931692
543000,0.31507027980526986
544000,0.3123641647959148
545000,0.3140280606456622
546000,0.3129460366167879
547000,0.31155673192041006
548000,0.3115409390522863
549000,0.3088437261894644
550000,0.3075654461284946
551000,0.30954139797993674
552000,0.3099985458130309
553000,0.3082130436555491
554000,0.30598851645925607
555000,0.3067366593022448
556000,0.30569373706223263
557000,0.3065765306153594
558000,0.30603095220675886
559000,0.3054050927036136
560000,0.3033815928675655
561000,0.3035620891527036
562000,0.30406654566776115
563000,0.3058072130159691
564000,0.30190339146762996
565000,0.30089020574107334
566000,0.30055209967922303
567000,0.29852449663821523
568000,0.2988133325786987
569000,0.29973754194285995
570000,0.2998166857445551
571000,0.2992849257916191
572000,0.2968024694810799
573000,0.29538178557853734
574000,0.2961818946852407
575000,0.29717943968534233
576000,0.2972900054749646
577000,0.29861264924481995
578000,0.2992087957921367
579000,0.2993950698108465
580000,0.2979333162860872
581000,0.3005995413020652
582000,0.30153288340940765
583000,0.3033906643367422
584000,0.30236539859489925
585000,0.3020735052717526
586000,0.29945644319395454
587000,0.2971066401268799
588000,0.2939172876180154
589000,0.2962195971684508
590000,0.29578883232567704
591000,0.29534871613821106
592000,0.2950772876334695
593000,0.2944425093172428
594000,0.2941968404967899
595000,0.29539348496843143
596000,0.2969309581305419
597000,0.29658332824877454
598000,0.296138638654357
599000,0.29951474871806955
600000,0.29687551602259254
601000,0.29773701438270594
602000,0.3003105460672197
603000,0.29911999442261
604000,0.30026212786850104
605000,0.30122069131976603
606000,0.2995326966155526
607000,0.2989034479421014
608000,0.29930501311994895
609000,0.2981362030570125
610000,0.29891659231106893
611000,0.2965455134292731
612000,0.2947663063279663
613000,0.2944822759771112
614000,0.29460174660386956
615000,0.29462541449117624
616000,0.2945058826797997
617000,0.2939802538679299
618000,0.2950675235092727
619000,0.2967148927529789
620000,0.29798603178729105
621000,0.29963668638682567
622000,0.29925012591071276
623000,0.2979420348552154
624000,0.29666675804943327
625000,0.29754863185454317
626000,0.299407227122562
627000,0.29876581362140325
628000,0.2991047090081378
629000,0.2987292175771257
630000,0.30002615575637787
631000,0.3016536653652769
632000,0.3033996690152151
633000,0.3025085296393697
634000,0.30174566121161456
635000,0.29989780286097323
636000,0.300912438421105
637000,0.3011150588835663
638000,0.30182045654714634
639000,0.3003165960493542
640000,0.3027994489470831
641000,0.30406169205499806
642000,0.3025657822559315
643000,0.30104588462096216
644000,0.300008162767774
645000,0.299619565875365
646000,0.3011742742564883
647000,0.3030909219782808
648000,0.30306251162721215
649000,0.3051022134882836
650000,0.30672660466217333
651000,0.30571010886306577
652000,0.30631352550129143
653000,0.30671732195392737
654000,0.3089545678151394
655000,0.3090963710521755
656000,0.3092111845201147
657000,0.3089676101216488
658000,0.31017348905700876
659000,0.31015700486566383
660000,0.31098609432649893
661000,0.31234199764670606
662000,0.3113189895880686
663000,0.3107143047863252
664000,0.3098683681764899
665000,0.3101674740414534
666000,0.31249207111878896
667000,0.31253475086596116
668000,0.3108084755633399
669000,0.31077500321140167
670000,0.3082859771378598
671000,0.30561231448395837
672000,0.30505991790887776
673000,0.3071600669882779
674000,0.30823497937859784
675000,0.30666077522352325
676000,0.30942089940011847
677000,0.30938987716043737
678000,0.3116504846983845
679000,0.3105144567391625
680000,0.3119451076024594
681000,0.30847965688526235
682000,0.3073446040722005
683000,0.3052658627612138
684000,0.3040706408198554
685000,0.3060667274066776
686000,0.30450696854238846
687000,0.3054353051220347
688000,0.30648244527595425
689000,0.3048546163272009
690000,0.30427270825669733
691000,0.30556453375991605
692000,0.30484228019480164
693000,0.3040314613942732
694000,0.3050348312407389
695000,0.303781757733316
696000,0.30336414367247166
697000,0.30383117936256604
698000,0.3048285978418932
699000,0.3034874590399094
700000,0.3040158470060259
701000,0.3017038217439365
702000,0.2994576890040184
703000,0.3030347750412829
704000,0.30307694003200847
705000,0.30258495331075985
706000,0.30255150544883125
707000,0.3028869802322357
708000,0.30357021397669154
709000,0.3058191442794006
710000,0.30686906986376195
711000,0.30790668732377763
712000,0.30901305263710477
713000,0.3083883840739704
714000,0.30854339652231183
715000,0.3075090729711578
716000,0.3086714572430347
717000,0.3090211905592335
718000,0.310758807157858
719000,0.3101564342358905
720000,0.31024582184409744
721000,0.30948093049568576
722000,0.3089486400631766
723000,0.3098695835779071
724000,0.31018520154992757
725000,0.3101855771468447
726000,0.3076982414048289
727000,0.30820133860556675
728000,0.3103724146914205
729000,0.31282655953197114
730000,0.3114346763270962
731000,0.3092059183051231
732000,0.3071703638358355
733000,0.30779937609789804
734000,0.30681778491723766
735000,0.3060795732520102
736000,0.3024838796098373
737000,0.3008087230245053
738000,0.3004485760011604
739000,0.29933876438811857
740000,0.2992744620123509
741000,0.3008380964563773
742000,0.2996733868600103
743000,0.30298649319942494
744000,0.30319780594621343
745000,0.30293956376553033
746000,0.30292559439905437
747000,0.30194568621585083
748000,0.30165262570962464
749000,0.3021007614438651
750000,0.300033597504192
751000,0.2987290816812101
752000,0.2978878497986438
753000,0.295670986149726
754000,0.2945172053975475
755000,0.2943152788213109
756000,0.29477797684898394
757000,0.2965314662431138
758000,0.29570998228665013
759000,0.29644511188054357
760000,0.2951581537927269
761000,0.2928679717062224
762000,0.29309759616217795
763000,0.2934530662786467
764000,0.2958090862110914
765000,0.299380827386613
766000,0.29744895578729036
767000,0.29587049387867637
768000,0.29604636605781176
769000,0.2952749044622587
770000,0.2948907026731118
771000,0.2968726305114561
772000,0.2983595349502802
773000,0.29694545272685585
774000,0.29577101580133025
775000,0.2976738000583465
776000,0.2960423771901283
777000,0.29554474615452897
778000,0.2927426299556663
779000,0.2973287247750543
780000,0.2992486751767899
781000,0.30163278259718457
782000,0.301060816921726
783000,0.3008923159493597
784000,0.30250808134807883
785000,0.2999741718877965
786000,0.30010054802541664
787000,0.3003169422762423
788000,0.30051792916402387
789000,0.3006136115649516
790000,0.3023916949472197
791000,0.30111305342588285
792000,0.30267935443252997
793000,0.3039739291845966
794000,0.30301091434342026
795000,0.30234535019329173
796000,0.30122920496954747
797000,0.3012448706128679
798000,0.30061165269609746
799000,0.3016826203117604
800000,0.30279087880329364
801000,0.30358041074191977
802000,0.30417931914989504
803000,0.30265934376862413
804000,0.30304644729246066
805000,0.3032828752723691
806000,0.30341561594550354
807000,0.3041688443000104
808000,0.3033492566058364
