1000,0.12887402968155648
2000,0.06538401248032177
3000,0.10102355654222517
4000,0.06752004172119845
5000,0.05821498809612802
6000,0.09504297167980819
7000,0.084497889231647
8000,0.09913113543027208
9000,0.12298849589069964
10000,0.12627712209496264
11000,0.1272505086788726
12000,0.11065010186410706
13000,0.1128046726626014
14000,0.10854663000025626
15000,0.1043967041320568
16000,0.1059960194038235
16000,0.1059960194038235
18000,0.13454739909011143
19000,0.12685357644792203
20000,0.12348460421376224
21000,0.1398134748707039
22000,0.1432693253921728
23000,0.1389934591829888
24000,0.14494115516307257
25000,0.14461598093006742
26000,0.14444375413216273
27000,0.14870618408187725
28000,0.1462378229906689
28000,0.1462378229906689
30000,0.14376655584897985
31000,0.1382594283039647
32000,0.13853385637673576
33000,0.13157700251351193
34000,0.12904753342127157
35000,0.12608172689000002
35000,0.12608172689000002
37000,0.12524495840999475
38000,0.12487879604836534
38000,0.12487879604836534
40000,0.12720392016668017
41000,0.12574196763395512
42000,0.12382048534520906
43000,0.1260730395517975
43000,0.1260730395517975
45000,0.12222477648413187
46000,0.12095201398366169
47000,0.12018240784736682
48000,0.11872946874054423
49000,0.12028000497429962
50000,0.12118889364038253
51000,0.12388955113190732
52000,0.12607266948325965
53000,0.12729393737731157
54000,0.12764629729074184
55000,0.1273627276059948
56000,0.12906687993927654
57000,0.1292818702592686
58000,0.13075117825865945
59000,0.12777015010577522
60000,0.1261141562117475
61000,0.12519459767077484
62000,0.12463660544212396
63000,0.12195105750808813
64000,0.12481008716257497
65000,0.12637453745332294
66000,0.126285901118365
67000,0.12748906927981155
68000,0.12685672916179797
68000,0.12685672916179797
70000,0.1251354876468181
71000,0.12727623667861981
72000,0.12784037111058547
73000,0.1301958058778055
74000,0.13274647762717032
75000,0.1328963237151389
76000,0.13068279867770988
77000,0.13104039333438552
78000,0.13063421824533716
79000,0.12965168286612186
80000,0.12957345985473667
81000,0.13206560856797978
82000,0.13139490784213365
83000,0.13246141554494337
84000,0.1348554141206237
85000,0.13670397064278297
86000,0.1341376209519217
87000,0.1342801099184223
88000,0.13388485572657985
89000,0.13603231181778003
90000,0.1350240866442131
91000,0.1344302398804154
92000,0.13480541229970583
93000,0.13420195436658902
94000,0.1334932421606525
95000,0.13257501679972788
96000,0.1322859850505867
97000,0.13225461150682552
98000,0.13061076426750964
99000,0.13002807189445695
100000,0.13041643463021765
101000,0.13046069286071693
102000,0.12981625179116013
103000,0.1279658634993264
104000,0.126972639999103
105000,0.12867662280375064
106000,0.129184106901446
107000,0.12876969018615733
108000,0.12968830350201552
109000,0.13012271736538703
110000,0.1287487356552179
111000,0.12830664777889214
112000,0.130237507121348
113000,0.13110552889385899
114000,0.13128411062157794
115000,0.1300661046820222
116000,0.13246546783195734
117000,0.1326936292141468
118000,0.1323321081729702
119000,0.13104759319702863
120000,0.1315924050455558
121000,0.13237107587906582
121000,0.13237107587906582
123000,0.13150841054720686
124000,0.13006904306700043
125000,0.12924548495598553
126000,0.12917301876606563
127000,0.1289399736343755
128000,0.12955396542732195
129000,0.12915141037671052
130000,0.12968535981309293
131000,0.12817696941648302
132000,0.12785381588346384
133000,0.12754164030238496
134000,0.1276968502204718
135000,0.12762067238910707
136000,0.12791126743292272
137000,0.12858172806980028
138000,0.12820627054550526
139000,0.1278349410084007
140000,0.12896337339502884
141000,0.12803314720232908
142000,0.1277949544108736
143000,0.12685180739591306
143000,0.12685180739591306
145000,0.1271437869356137
146000,0.12647491479492715
147000,0.12660664519194195
148000,0.1263232199542718
149000,0.12658404494717038
150000,0.12658711544528556
151000,0.12615101544956775
152000,0.12550007050917347
153000,0.12656831677833077
154000,0.12743205051293757
154000,0.12743205051293757
156000,0.12796845736207377
157000,0.12769067960180147
158000,0.12799583075947824
159000,0.12823141078580258
160000,0.1280229982041764
161000,0.12862670098898246
162000,0.12887159943986035
163000,0.12900147296711706
164000,0.1290027602343036
165000,0.1288576742874502
166000,0.12824712143649405
167000,0.12809481328246095
168000,0.12812196229942166
169000,0.1281228236135251
170000,0.12700776897339522
171000,0.12696495151637827
171000,0.12696495151637827
173000,0.12668271093795613
174000,0.1268890975778587
175000,0.12691288017151878
176000,0.12693594155731167
177000,0.12666875027608912
178000,0.12586534544091998
179000,0.12597197683726866
180000,0.12602118479982188
181000,0.12600885430054234
182000,0.12547820174161875
183000,0.12566112870534116
184000,0.12560329003628437
185000,0.1257901547046346
186000,0.12568838106024788
187000,0.12561312845453576
188000,0.12559689103676464
189000,0.1248406094645313
190000,0.12473983266509849
191000,0.12424086772585155
192000,0.12477932051497241
193000,0.12508337657883944
194000,0.12520632696970496
195000,0.12524381520371602
196000,0.12475436015932943
197000,0.12471433383180386
198000,0.12482871799990033
199000,0.12534208290581098
200000,0.12438325446104538
201000,0.12390342170646507
201000,0.12390342170646507
203000,0.12424457759442388
204000,0.12402688326478754
205000,0.1252405086692874
206000,0.1256268091131916
207000,0.12522455960498097
208000,0.1247915146721187
209000,0.12491830994399403
210000,0.12455590462670971
211000,0.1244877063769413
212000,0.12449132475497474
213000,0.12498578420883287
214000,0.12482359891092656
215000,0.12441363100222323
216000,0.12459767145930621
217000,0.12485233443056169
218000,0.12526053946006088
219000,0.12542347762308556
219000,0.12542347762308556
221000,0.1248576178105132
222000,0.12508718991050785
222000,0.12508718991050785
224000,0.12486766800394422
225000,0.12474121339440775
226000,0.1239704648215086
227000,0.12427528840825026
228000,0.12452099474036804
229000,0.124322935632672
230000,0.12413178356696962
230000,0.12413178356696962
232000,0.12330260221416357
233000,0.1235705074969012
234000,0.12297816886573741
235000,0.12297242200050837
235000,0.12297242200050837
237000,0.12341442613175752
238000,0.12301011305475926
239000,0.1230172810906526
240000,0.12377309894295561
241000,0.12313953809497884
242000,0.12260924688465699
243000,0.12321770969137266
244000,0.1237498566718716
245000,0.124234878859045
246000,0.12413580476042288
247000,0.12420881566113903
248000,0.12392856222203708
249000,0.12454780171665455
250000,0.1246167965873122
251000,0.12444251142302411
252000,0.12487654416253793
253000,0.12447319280384064
254000,0.12428488285710887
255000,0.12410664085767818
256000,0.1240524439188969
257000,0.12337754478421153
258000,0.12388548446041078
259000,0.12393865928070884
260000,0.12392464285734968
261000,0.12439448396799131
262000,0.12426992049437825
263000,0.12465259751359713
263000,0.12465259751359713
265000,0.12447118106530733
266000,0.12521494602420055
267000,0.1251014012597333
268000,0.12547869856551389
269000,0.12514193010971453
270000,0.12520028393887367
271000,0.1256996101397366
272000,0.12577621991041557
273000,0.1263171769649015
274000,0.12630980960392332
275000,0.1264885088644541
276000,0.12636923512379292
277000,0.12672290857317306
278000,0.12694683864826373
279000,0.12735105621198958
280000,0.12733274681037354
281000,0.12728248346376853
282000,0.12697356244742877
283000,0.12720632676793067
284000,0.1271027567254713
285000,0.12634972095212899
286000,0.12613625315060148
287000,0.1256771987402062
288000,0.1253578654511282
289000,0.12536197362209237
290000,0.12522865072433068
291000,0.12490720724911858
292000,0.12470080197304872
293000,0.12456558478303253
294000,0.12471947138979862
295000,0.12496529095592815
296000,0.12508124653219901
297000,0.12492254578727649
298000,0.1250187382900863
299000,0.12505691849536096
300000,0.12527008344139323
301000,0.12481745385507223
302000,0.12492562291113496
303000,0.12462737533468395
304000,0.12543274357614612
305000,0.1252775260528458
306000,0.12500849243598552
307000,0.1253495051276152
308000,0.125272898141828
309000,0.1256663038943406
310000,0.12563045504407913
311000,0.12612083589780254
312000,0.12616083120137683
313000,0.1258991499462531
314000,0.12573107098405728
315000,0.12581856916316642
316000,0.12625477081263692
317000,0.12600900654053807
318000,0.1264610564647534
319000,0.12611780028217504
320000,0.12620572192706708
321000,0.1269901043514436
322000,0.1268320539571607
323000,0.12678406419783392
324000,0.12637474571520876
325000,0.1266897613768596
326000,0.12642436066085697
327000,0.12603059059785288
328000,0.12630708682613156
329000,0.12672112458249854
330000,0.12647521246181767
331000,0.1262482966118014
332000,0.12612446847207504
333000,0.1258654437937022
334000,0.1254626354706295
335000,0.12518829112205257
336000,0.1252446278231868
337000,0.1247139575883269
338000,0.12431970413900918
339000,0.12441736047962305
340000,0.12441672077526036
341000,0.12468593111437772
342000,0.12503311623479255
343000,0.12514562972361984
343000,0.12514562972361984
345000,0.12502736286490682
346000,0.12540977100673134
347000,0.12584509797956028
348000,0.12597373872235818
349000,0.12559305240760413
350000,0.1257298193260328
351000,0.1258826049335556
352000,0.12562797658135755
353000,0.12550673256967218
354000,0.1255194342187054
355000,0.12567000557753488
356000,0.12568632288006662
357000,0.12570079676319482
358000,0.12571602404369345
359000,0.12545556106584663
360000,0.1252161991114628
361000,0.1253077070902734
362000,0.12526332041773305
363000,0.12530546387906985
364000,0.1254441504395626
365000,0.1255586760254621
366000,0.12544692738068677
367000,0.12619686682375295
368000,0.12595153780863022
369000,0.12597917509634393
370000,0.12654610329444865
370000,0.12654610329444865
372000,0.12689263491427855
373000,0.12728809580424502
374000,0.1268783463702524
375000,0.12653858371356044
376000,0.1265983551935647
377000,0.1264444672403238
378000,0.12696509925964744
379000,0.12670834709820913
380000,0.1263244772572432
381000,0.12614138179670045
382000,0.1264049285060215
383000,0.12610033792609968
384000,0.12545457155181855
385000,0.12530057836501146
386000,0.12494588386793755
387000,0.12507329180866972
388000,0.12502707474544428
389000,0.12503652038275118
390000,0.12538220025346555
391000,0.1254610606192553
392000,0.12608827911037035
393000,0.12575988369819263
394000,0.1261327818665704
395000,0.12664572998041718
396000,0.12661853425222028
397000,0.1266041231345313
398000,0.12710684746574316
399000,0.12702515126382774
400000,0.12763194950701695
401000,0.1270622570187383
402000,0.12751767256047758
403000,0.12782230331465194
404000,0.12701259995126019
405000,0.12695326065573273
406000,0.12706157991641454
407000,0.12667673019821699
408000,0.12629534844972595
409000,0.12721860562228623
410000,0.12756109905999793
411000,0.12708854833948433
412000,0.1267414682192181
413000,0.12667502744699444
414000,0.12664579288858616
415000,0.12640359900959064
416000,0.12638176724311975
417000,0.12593396076962757
418000,0.12618961418278293
419000,0.12588783285519115
420000,0.12572881399312888
421000,0.12547567960444064
422000,0.12548884635692475
423000,0.12520264667645006
424000,0.12541521710203724
425000,0.12551548264047893
426000,0.12485606875124491
427000,0.12434726101827906
428000,0.12408102800833348
429000,0.12295518988920963
430000,0.12293906482673722
431000,0.12311954489547561
432000,0.1233832418556295
433000,0.12395791956878016
434000,0.12440531928407857
435000,0.12469587529453366
436000,0.12457270778544707
437000,0.12455312609152841
438000,0.12481269273842674
439000,0.12522092596440265
440000,0.12544613405922403
441000,0.1254226618735116
442000,0.12535239411305932
443000,0.12536693215034259
444000,0.12620893879246156
445000,0.12608806821470184
446000,0.12624429050311528
447000,0.12673684105471514
448000,0.12673805509741448
449000,0.12674727101915698
450000,0.12593786854354458
451000,0.12567733887225968
452000,0.1251410646498889
453000,0.12523990654011333
454000,0.1252283365887084
455000,0.1248834314892358
456000,0.1249016302754729
457000,0.12487617831999631
458000,0.1240811153828853
459000,0.12484997587007406
460000,0.12507404107490458
461000,0.1245330743936845
462000,0.12496636077660908
463000,0.12488553249965137
464000,0.12519298157784622
465000,0.125054308132273
466000,0.12474863240203252
467000,0.12506351544501762
468000,0.12479132844051065
469000,0.12508517115294615
470000,0.12507103339591064
471000,0.12485195972551413
472000,0.12460997692776171
473000,0.12444154162106602
474000,0.12404935618695966
475000,0.12442728945087543
476000,0.12443573063649711
477000,0.1247950929029694
478000,0.12479732318079288
479000,0.12472356645311286
480000,0.12488233714395201
481000,0.12500854237441444
482000,0.12533841435158913
483000,0.12472499261310409
484000,0.12435206207611928
485000,0.12473105383253086
486000,0.1251692539272085
487000,0.12513190697831675
488000,0.1248468379397995
489000,0.12447311355014148
490000,0.12474030935490693
491000,0.12497633634919092
492000,0.12424166769093442
493000,0.12419001960407783
494000,0.12409812952106664
495000,0.12396028140293468
496000,0.12363790239835566
496000,0.12363790239835566
498000,0.12383314482052464
499000,0.12345790288346473
500000,0.12333901373814368
501000,0.12334628867192629
502000,0.12325089784311785
503000,0.12340244183710217
504000,0.12320770296301654
505000,0.12270980990821732
506000,0.12372188084071659
507000,0.12371650408692898
508000,0.12389832965724305
509000,0.12389509638413139
510000,0.12335471869955782
511000,0.1231920957562505
512000,0.12348369781420208
513000,0.1237561937853575
514000,0.12347775446884662
515000,0.12372710235108006
516000,0.12383335504563187
517000,0.12371472681362178
518000,0.12342171961357012
519000,0.12345070639413593
520000,0.12340474669304136
521000,0.12312106690436983
522000,0.12299021924284961
523000,0.12353127016258243
524000,0.12325383809771819
525000,0.1235662991326929
526000,0.12363887271611773
527000,0.12393752080434986
528000,0.12433180230636631
529000,0.12366248855093381
530000,0.12372352605154155
531000,0.12295523934748105
532000,0.12325461567510405
533000,0.12315803794624548
534000,0.12329488049111585
535000,0.12388276726538011
536000,0.12463144394977542
537000,0.12458085070645974
538000,0.12435357649636077
539000,0.1246748972348344
540000,0.12528254365476582
541000,0.12487576842896846
542000,0.12499350992637458
543000,0.12523068421479944
544000,0.12574341613885612
545000,0.1258250861457977
546000,0.1259893803584725
547000,0.125614370591377
548000,0.1258504985539892
549000,0.12586249638140742
550000,0.12588165520082167
551000,0.1263868457650864
552000,0.1270229753519055
553000,0.12621460820377076
554000,0.12651353288259215
555000,0.12651353827642178
556000,0.12670855082852803
557000,0.12616062223621927
558000,0.12617645470628075
559000,0.126046035309968
560000,0.1257988541644109
561000,0.12528687552437914
562000,0.12492306213407393
563000,0.12485664733435015
564000,0.12462405267393245
565000,0.12440868885442856
566000,0.12456189965904296
567000,0.12455720538096514
568000,0.12495159865810984
569000,0.12585786145408606
570000,0.12645150963999904
571000,0.12631434800962912
572000,0.12590872166506908
573000,0.12568334417871013
574000,0.125517825346035
575000,0.1254772923443708
576000,0.12515979880080338
577000,0.12511422886076837
578000,0.12485570117547087
579000,0.12477501647431519
580000,0.12476870987390609
581000,0.12464341861370583
582000,0.12464382037549032
583000,0.12446392235314582
584000,0.12448343138629672
585000,0.12421149778767568
586000,0.12450197345360285
587000,0.12422031453049753
588000,0.12422007539616974
589000,0.12390160318006405
590000,0.12437266565698371
591000,0.12416089226970088
592000,0.12478823562082487
593000,0.12573654026791437
594000,0.12616315129148267
595000,0.12614248401431888
596000,0.12672415386465125
597000,0.12647064432445596
598000,0.12625847148215488
599000,0.12614118321376733
600000,0.1259885716411335
601000,0.12635146911273504
602000,0.1263181180075367
603000,0.1263138664040284
604000,0.12624593511122784
605000,0.12633028186080222
605000,0.12633028186080222
607000,0.1263356769583639
608000,0.12653333524420815
609000,0.1268624766692224
610000,0.12718559285505132
611000,0.12705427247836426
611000,0.12705427247836426
613000,0.126474831388197
614000,0.12686520374919535
615000,0.12709830607404826
616000,0.126948803120949
617000,0.12684161914054687
618000,0.1261868134971194
619000,0.1265228471738739
620000,0.12708075692307938
621000,0.12679037270906843
622000,0.12660370785164646
623000,0.12674702640436275
624000,0.1255905213281317
625000,0.12561251541847207
626000,0.12525461042590216
627000,0.12457567764127793
628000,0.12479267634714435
629000,0.12462473217926688
630000,0.12506461477215203
631000,0.12535029475382603
632000,0.12497343310540523
633000,0.12495031392434089
634000,0.1249346384829752
635000,0.12482510488727121
636000,0.12427727764819241
637000,0.12467954243664121
638000,0.12492286860638467
639000,0.12529815670104544
640000,0.1260271678365515
641000,0.12675433758541177
642000,0.12663668940253248
643000,0.12634564205146376
644000,0.12581113384243395
645000,0.1255590091162353
646000,0.12554427218240996
647000,0.1252989550084947
648000,0.1247679805367369
649000,0.12424329293035231
650000,0.12478049532342332
651000,0.12446267850118008
652000,0.12420156312828744
653000,0.12396004942568041
654000,0.12374963804157434
655000,0.1242798085599612
656000,0.12416402613784387
657000,0.12440530042533195
658000,0.12440357307351291
659000,0.12438188174633807
660000,0.1249593837523879
661000,0.12452206713767962
662000,0.12418268090051215
663000,0.12349990513680247
664000,0.12331638857280262
665000,0.12320410156190988
666000,0.12254892212899351
667000,0.12310221116142298
668000,0.12295242465161829
669000,0.12352647054087247
670000,0.12411912123155698
671000,0.12405144036283365
672000,0.12471145334537394
673000,0.12534613567570332
674000,0.1253417140409504
675000,0.12510478523657753
676000,0.1252448602383308
677000,0.12525833153115964
678000,0.12549138851136687
679000,0.12569669741587378
680000,0.12490375514969014
681000,0.12508648743990805
682000,0.12445244019477028
683000,0.12414905972813188
684000,0.12364160515519632
685000,0.12359143979436472
686000,0.12313259650080306
687000,0.1230658721011792
688000,0.12290684889698987
689000,0.12255092184999136
690000,0.12228666311865695
691000,0.12214027823397859
692000,0.1221342818281478
693000,0.12107817097413089
694000,0.12138997469046447
695000,0.12115452864102129
696000,0.12059707600233956
697000,0.12143405103200826
698000,0.12143766960577912
699000,0.12134251573916023
700000,0.12145473561994749
701000,0.12193315211009585
702000,0.12132697860893639
703000,0.12229824922890932
704000,0.12255018721864414
705000,0.12222263437224365
706000,0.12264919006815654
707000,0.12298117639464022
708000,0.12348200692273127
709000,0.12353133172043824
710000,0.12379055393889038
711000,0.12314987379673772
712000,0.12394863538182233
713000,0.12398410777229146
714000,0.12433767299115156
715000,0.1248440539830804
716000,0.12451197952536282
717000,0.12360361225640806
718000,0.12374953101980546
719000,0.1234088059591507
720000,0.12347516534938392
721000,0.12347277352913165
722000,0.12348426250226271
723000,0.12364379717164496
724000,0.12301500465111519
725000,0.12302267022541401
726000,0.12274082403871882
727000,0.12237109858779226
728000,0.12246514950928279
729000,0.1223669855803873
730000,0.1225967191008392
731000,0.12326835221091574
732000,0.1234397988380155
733000,0.12356897460795083
734000,0.12431294996867806
735000,0.12456930366104434
736000,0.1244638956622554
737000,0.12437359328385171
738000,0.12448635843132493
739000,0.12462253833975709
740000,0.12443677156633991
741000,0.12446958402332003
742000,0.12374622311436846
743000,0.12370524793737019
744000,0.12382889311179548
745000,0.12379949872429236
746000,0.12383432772511463
747000,0.12457992849539047
748000,0.1242494069066706
749000,0.124508858242503
750000,0.12446445947052161
751000,0.12498175424883942
752000,0.1253257147130713
753000,0.12465343363443725
754000,0.12506949404195924
755000,0.12569200336454833
756000,0.12539386544025857
757000,0.12658073249058857
758000,0.12617169504549988
759000,0.1261007507546029
760000,0.12706869540192126
761000,0.12703008562024462
762000,0.1274470986100656
763000,0.12693460961196848
764000,0.12605952530742617
765000,0.1259311046945581
766000,0.12581984598408752
767000,0.12630040943613347
768000,0.12620167401737753
769000,0.1264902564100758
770000,0.126176108107175
771000,0.12658243432301453
772000,0.12738002766246861
773000,0.12759164403044182
774000,0.12786797584410456
775000,0.12804990800770452
776000,0.1281391840292661
777000,0.12865967854913762
778000,0.12846484700815244
779000,0.12946262487278457
780000,0.1303793904353969
781000,0.13049979187427516
782000,0.13071530669603548
783000,0.12999011504038796
784000,0.13047604023743595
785000,0.13020086814903992
786000,0.13044066677928332
787000,0.1310992684579662
788000,0.13104685789452633
789000,0.1312226967124879
790000,0.13141263712663584
791000,0.13113161269986434
792000,0.13005840709720362
793000,0.12983988280655767
794000,0.1298455060269548
795000,0.12974336302234268
796000,0.1300643299757568
797000,0.1301018864669378
798000,0.12988374189165
799000,0.1293530788777138
800000,0.12909563029352672
801000,0.12804805185324436
802000,0.12803542716193952
803000,0.12745187138793918
804000,0.12778313947800837
805000,0.1274721304732949
806000,0.1279365372824694
807000,0.12792254806277678
808000,0.12754666171315768
