1000,0.291174835045933
2000,0.22279000167305898
3000,0.20549841480804648
4000,0.23505010280144453
5000,0.2792153857590402
6000,0.28211999608028954
7000,0.2857761630110992
8000,0.2980573308549924
9000,0.31140969557491033
10000,0.3037957166875324
11000,0.3014798942798308
12000,0.2922532650887064
13000,0.2835455542280777
14000,0.280848121350182
15000,0.2847634173630164
16000,0.2871915248492424
17000,0.28751881672736124
18000,0.29760832311109536
19000,0.2934176001935316
20000,0.2906682969294986
21000,0.29533475498591966
22000,0.2994053526267141
23000,0.29460601052665575
24000,0.28805752924013395
25000,0.28409227432200895
26000,0.2829539178052876
27000,0.28526500737222327
28000,0.27885712159614334
29000,0.27553365580365674
30000,0.2756815017816652
31000,0.27257263066144766
32000,0.27417739475894515
33000,0.27016513366539324
34000,0.2666744774578264
35000,0.2668082339097907
36000,0.26608161966488525
37000,0.2634860721201097
38000,0.263733103068248
39000,0.2670461788330201
40000,0.2690250627031208
41000,0.2696659581503761
42000,0.2688591055019113
43000,0.2737192604141702
44000,0.2729552927637205
45000,0.2710218556547278
46000,0.2696095108433376
47000,0.269709904200241
48000,0.27046044607201775
49000,0.2686142396534056
50000,0.27238753958633594
51000,0.27397607514675953
52000,0.27296312060490263
53000,0.2721921430934124
54000,0.2721533402681269
55000,0.27041517622429956
56000,0.2695727195117252
57000,0.26998152870075504
58000,0.26868723779358983
59000,0.2672683447272174
60000,0.2660248000845766
61000,0.26507754335545447
62000,0.2638925792592864
63000,0.26242625700449795
64000,0.26309015144255754
65000,0.2634376853409434
66000,0.26280881122829997
67000,0.26223527394517687
68000,0.2617258823264944
69000,0.26049958466062056
70000,0.26351675583874673
71000,0.26386152520567047
72000,0.2646003399704603
73000,0.2666999083847419
74000,0.2673864920827156
75000,0.2695351139206449
76000,0.2682482410278935
77000,0.26787186002738994
78000,0.2682709694654885
79000,0.26746486866296143
80000,0.26955812180193994
81000,0.26883368957285014
82000,0.2683335322277032
83000,0.269706273466785
84000,0.2705947603211388
85000,0.27265431152236536
86000,0.2707073272516924
87000,0.27158836237409717
88000,0.26884210434943273
89000,0.2691677955501163
90000,0.26879416193480954
91000,0.26762352558472724
92000,0.2683933270744032
93000,0.26864327606796823
94000,0.26775640748385454
95000,0.26645685881732434
96000,0.2658875473482996
97000,0.2645312279443657
98000,0.2639187996022954
99000,0.26547650015246976
100000,0.2648972733264294
101000,0.2643122852326652
102000,0.2641427498290836
103000,0.26228757918064644
104000,0.26163792357813814
105000,0.26108736128463844
106000,0.26070692272149554
107000,0.25991028041748354
108000,0.2595740452513678
109000,0.2596783132654278
110000,0.25903049557761676
111000,0.25898338456836106
112000,0.2599113733370922
113000,0.26058235675699126
114000,0.2616616122670272
115000,0.2613518839535233
116000,0.25958420993332487
117000,0.2580527210390221
118000,0.2563051904621865
119000,0.2560914170401464
120000,0.2540470085388064
121000,0.2536273024515029
122000,0.25430969948893145
123000,0.25448980041085856
124000,0.25499016949447095
125000,0.25539153265629805
126000,0.25427450374695737
127000,0.25200964897172023
128000,0.25144876728990523
129000,0.24832638593879192
130000,0.24776492654723975
131000,0.24682159250214886
132000,0.2450098109684457
133000,0.24371733851856464
134000,0.24486144026848633
135000,0.246917338509371
136000,0.24784387693957644
137000,0.2478688010825676
138000,0.2475758193963091
139000,0.25058763933206557
140000,0.25333319017005
141000,0.252471172395783
142000,0.2538428743332663
143000,0.25266574196248753
144000,0.25333545093115295
145000,0.2545114522651641
146000,0.2545076910385495
147000,0.2555952835117691
148000,0.25613254591702217
149000,0.25428086171239656
150000,0.253101846057135
151000,0.2529672925198877
152000,0.25090184251828357
153000,0.24957104845008735
154000,0.24877874928788554
155000,0.24983068937062733
156000,0.2517734751490338
157000,0.25083359100645186
158000,0.25164033350164056
159000,0.2513372648619346
160000,0.24948945352143995
161000,0.2478753121687044
162000,0.24803683694561307
163000,0.24738809853268812
164000,0.24798650042616344
165000,0.24934774667776252
166000,0.24830642343864182
167000,0.24820134914156824
168000,0.24763821540739095
169000,0.24886928615763712
170000,0.24927056595708177
171000,0.24938992236221058
172000,0.24849398816208845
173000,0.2482955248801719
174000,0.24819259287211345
175000,0.24986612416844334
176000,0.2510543850236356
177000,0.25141945329503573
178000,0.251814999555125
179000,0.24930838327952798
180000,0.25033436443654067
181000,0.25025334144747424
182000,0.24891090803798596
183000,0.24708764755787832
184000,0.24580207178614852
185000,0.2436754053242935
186000,0.24439925213533098
187000,0.2441243999962999
188000,0.24351132522834196
189000,0.24462683709004016
190000,0.24459648179856047
191000,0.24259366216461603
192000,0.2427502149390612
193000,0.24262975589935087
194000,0.24113860686175537
195000,0.24045316619796897
196000,0.23836573461908983
197000,0.2398665175826619
198000,0.23952192369836406
199000,0.2398605824225558
200000,0.24048122188513385
201000,0.23966880419491368
202000,0.2414248146313234
203000,0.2407473991814253
204000,0.2408113825211304
205000,0.2415863231222441
206000,0.2431740774895455
207000,0.24299315003227515
208000,0.2441266111745952
209000,0.24281322224000604
210000,0.24246341825126586
211000,0.2413073151828418
212000,0.2408293715332069
213000,0.24160460665025207
214000,0.24134495745000425
215000,0.24279610976372976
216000,0.2428388560925306
217000,0.24422803707253776
218000,0.24541129867218445
219000,0.24827266452911603
220000,0.24771955690288808
221000,0.24648430594128845
222000,0.24637466021962695
223000,0.2443591126741048
224000,0.24427337083339223
225000,0.24326286687610407
226000,0.24229305590472325
227000,0.24150549900044566
228000,0.2420800456002478
229000,0.24384750649839287
230000,0.24437605800518708
231000,0.24354903259532998
232000,0.24246895064544924
233000,0.24294907567642007
234000,0.24386907661318957
235000,0.2428374455156642
236000,0.24356983736891755
237000,0.24383717606882022
238000,0.24546228964483155
239000,0.24567962781469604
240000,0.2478443958724871
241000,0.24884305456482828
242000,0.24898845229418476
243000,0.24949472817635143
244000,0.25110974953074244
245000,0.24951240591743487
246000,0.24888013565185446
247000,0.2472639684811081
248000,0.24780803065941626
249000,0.24783094678291526
250000,0.24560242796000273
251000,0.24296374223954703
252000,0.24309290393540942
253000,0.2424388512364806
254000,0.2430358547282067
255000,0.2427963339607898
256000,0.24192415784935506
257000,0.24169856431847975
258000,0.24203294704198225
259000,0.24207615009789327
260000,0.24259059552808582
261000,0.2417447557899382
262000,0.24111092762834802
263000,0.24165798701139493
264000,0.24148560362202573
265000,0.2430596902383676
266000,0.24421363736071694
267000,0.24336726119548813
268000,0.24440715299974186
269000,0.2440365048221894
270000,0.24416213880519977
271000,0.24450523605830632
272000,0.24491139671631715
273000,0.24702332895184562
274000,0.24750083196630895
275000,0.2468151685042829
276000,0.2463142909433695
277000,0.24852206564229934
278000,0.2498155674935507
279000,0.24927327726302298
280000,0.24981588153071976
281000,0.24992287183381462
282000,0.25087581587101676
283000,0.2529135292476025
284000,0.25185194168329844
285000,0.2518374952679752
286000,0.24929661278493123
287000,0.24904825330570185
288000,0.24971116248746228
289000,0.25028123672140384
290000,0.24841296041541755
291000,0.2488363102110364
292000,0.24935501751142394
293000,0.2508816165852308
294000,0.2522365114063153
295000,0.25238172743848764
296000,0.25254571622487126
297000,0.25241142683898365
298000,0.25340327310019706
299000,0.252000979909606
300000,0.25358821563417383
301000,0.2529688194584792
302000,0.25338960835995294
303000,0.25242225116983
304000,0.2562486686306789
305000,0.25501702069942667
306000,0.2538730798041216
307000,0.25577575730627555
308000,0.2541171466306142
309000,0.2539335411944232
310000,0.25524247224932595
311000,0.25408685385874197
312000,0.2541674251269273
313000,0.25319756998290943
314000,0.25173937727497103
315000,0.25362796921329966
316000,0.25413592983047634
317000,0.25445869225942774
318000,0.25511656805463023
319000,0.2543939048877998
320000,0.2543208577702156
321000,0.25493806986791995
322000,0.2572229684145901
323000,0.25632518968443685
324000,0.2571814634516609
325000,0.2567053714798769
326000,0.2548745695498473
327000,0.25364436857228295
328000,0.2545691528110313
329000,0.25470078300626464
330000,0.2558912730471555
331000,0.257100888605196
332000,0.25687355229509096
333000,0.2575526317018559
334000,0.2584637063113969
335000,0.2585307815393073
336000,0.26059678119545776
337000,0.2576102348642128
338000,0.25860768438690196
339000,0.2585399974541635
340000,0.25781802962478645
341000,0.25970137030578655
342000,0.2605650640973274
343000,0.2612834740471429
344000,0.2622562138416896
345000,0.2628643237857493
346000,0.26290857030031145
347000,0.2645402705516184
348000,0.2629300857628247
349000,0.26370874210307566
350000,0.26361567855780427
351000,0.26305982556557866
352000,0.26172895956647246
353000,0.26227813560917124
354000,0.2641399751673293
355000,0.263957477724723
356000,0.26265065314772573
357000,0.26226414965773054
358000,0.26270895576514963
359000,0.2642098169243252
360000,0.2640293422799929
361000,0.2631352616971187
362000,0.2628971830873922
363000,0.26414949202476445
364000,0.26452471116040294
365000,0.26223312529729514
366000,0.26299570697912333
367000,0.2628598415058165
368000,0.2611732611142463
369000,0.2617787464158009
370000,0.2618043873194569
371000,0.2609553260815944
372000,0.26043264391201165
373000,0.25738242786156457
374000,0.25765512088023773
375000,0.2557607220607114
376000,0.2567177527924687
377000,0.25654510635226996
378000,0.2572319976011197
379000,0.25831440665441163
380000,0.2563915738263727
381000,0.25594364569348005
382000,0.25455083531225664
383000,0.25355931571836765
384000,0.2519203734201707
385000,0.25108756409982247
386000,0.25222160840873614
387000,0.25189219742857794
388000,0.25147114219217337
389000,0.2525103304588832
390000,0.25271423245078556
391000,0.25316515963265446
392000,0.25284825206231226
393000,0.2555760680308778
394000,0.25519834764320615
395000,0.25487660453356387
396000,0.2550224760830506
397000,0.2557915185222614
398000,0.254836777839793
399000,0.2554433061028178
400000,0.2545491128983522
401000,0.25266685328191263
402000,0.2527991739331156
403000,0.25299454507551705
404000,0.25252815723362126
405000,0.2528269955512643
406000,0.2528513576732599
407000,0.2520373502775815
408000,0.2532687906045131
409000,0.252883453705526
410000,0.2528371573237545
411000,0.24962185671702364
412000,0.25114513188881343
413000,0.25091206310271696
414000,0.25092619977154496
415000,0.25350020671066703
416000,0.25450593072586414
417000,0.2550535977153898
418000,0.25470037421536657
419000,0.2557946764422727
420000,0.2562839936938697
421000,0.25583279634809863
422000,0.25459158774147056
423000,0.2555834079582227
424000,0.2547246521759039
425000,0.25424937077277787
426000,0.25279240077224474
427000,0.252993943847985
428000,0.2507393442359283
429000,0.24894287604873797
430000,0.24863749390069959
431000,0.24939102360306753
432000,0.249160679513533
433000,0.25137991990047553
434000,0.2512691266026761
435000,0.2517242948710407
436000,0.2522918784509509
437000,0.2511673483794156
438000,0.24984690715144298
439000,0.25140797648729934
440000,0.2523472194815304
441000,0.25177693342222557
442000,0.25327675633361135
443000,0.252050259317789
444000,0.2539969981605475
445000,0.2545374742881937
446000,0.25550822037562954
447000,0.25567228601767444
448000,0.2545304357615407
449000,0.25438580336176286
450000,0.25483213550528755
451000,0.2520272621472845
452000,0.2509087418959622
453000,0.2515651239921706
454000,0.2510321881697122
455000,0.25089509141430544
456000,0.25110851217696994
457000,0.2508850315705355
458000,0.25106131410116533
459000,0.25160948482435036
460000,0.250993511799858
461000,0.25076272752177947
462000,0.25061776321532736
463000,0.2504848901512916
464000,0.2514967471088997
465000,0.2505361035365087
466000,0.24867504354397135
467000,0.2504420544454756
468000,0.2506709737434574
469000,0.25070857584839795
470000,0.2518940636932577
471000,0.25262257763306567
472000,0.25401783095236097
473000,0.2546154533119006
474000,0.25475318057052215
475000,0.25577613863829296
476000,0.2552762100596565
477000,0.25390230792058727
478000,0.2566277293645147
479000,0.25682217689407855
480000,0.2576418613706518
481000,0.25670523365032294
482000,0.256356163533752
483000,0.25443226925780377
484000,0.2549988010295953
485000,0.25343027611041236
486000,0.25398971169085466
487000,0.25339631274207447
488000,0.25559806518624045
489000,0.2570604818440424
490000,0.25805759514540116
491000,0.25837112289660213
492000,0.2585169822214673
493000,0.2581725610106147
494000,0.2575930956096432
495000,0.25762194647511893
496000,0.2544999816904998
497000,0.25374901218000356
498000,0.2544817502000426
499000,0.2527223119259866
500000,0.2522393434192378
501000,0.25188649122067513
502000,0.250475126254262
503000,0.251745911773486
504000,0.2511058114812495
505000,0.25169564169581543
506000,0.2533670908179428
507000,0.25244718221416174
508000,0.25275262148205213
509000,0.25407162195945215
510000,0.2547453195610069
511000,0.25462755232924306
512000,0.2540450363448123
513000,0.25523796027107276
514000,0.25455460075751823
515000,0.2542167743453414
516000,0.25366572120223446
517000,0.2524965900909673
518000,0.2536327738149415
519000,0.25341032141738445
520000,0.2535026003474363
521000,0.25294659365224786
522000,0.2511749032502252
523000,0.2504538473735336
524000,0.24948061208362368
525000,0.25011030676914736
526000,0.25024585544492217
527000,0.2482331150993972
528000,0.24906414994992424
529000,0.24891439156189613
530000,0.24850814106859498
531000,0.24980361616878916
532000,0.24895333998355348
533000,0.24968764756743686
534000,0.25148506342825405
535000,0.2535853121760168
536000,0.2563719174450148
537000,0.2580374862098034
538000,0.2552957070057495
539000,0.2570740573327285
540000,0.2548547235266379
541000,0.25457554583071823
542000,0.25440782172946613
543000,0.253764390045124
544000,0.2529566950686568
545000,0.2531133457982283
546000,0.25362109771001384
547000,0.25178635052531007
548000,0.2522491067342303
549000,0.2505855319645958
550000,0.25032893052748556
551000,0.25108755850985703
552000,0.25032339171151025
553000,0.25039935670879654
554000,0.25053771602855696
555000,0.24959255605976025
556000,0.24996539542120724
557000,0.2488472430503477
558000,0.24818995570684263
559000,0.2457005699449253
560000,0.2467105821689157
561000,0.24816225468821632
562000,0.24753493723875863
563000,0.24768531462386162
564000,0.24720336170308707
565000,0.24637379589120603
566000,0.24598501618368704
567000,0.24832415884245365
568000,0.24912329940259384
569000,0.25121610595968924
570000,0.2532139326522409
571000,0.25372863858320466
572000,0.25296663980119954
573000,0.2513570071352023
574000,0.25105538276050204
575000,0.2534811991511279
576000,0.2518701235108838
577000,0.25368161047853727
578000,0.25277556210523505
579000,0.25138567833643544
580000,0.2505852592876586
581000,0.2501049782279306
582000,0.24932738362158102
583000,0.2497462074849416
584000,0.2499233734045174
585000,0.251304434370026
586000,0.25137885533885174
587000,0.2508304909142532
588000,0.24968335821854104
589000,0.2514852548841532
590000,0.25244043102043334
591000,0.2525219693156392
592000,0.2540643805300051
593000,0.25410123630458054
594000,0.25581023982605944
595000,0.2550931959434505
596000,0.2540861193883997
597000,0.25283257465657144
598000,0.2532626175661221
599000,0.2518346648427943
600000,0.25181760080812204
601000,0.25334136419671965
602000,0.25316749266292365
603000,0.2524102236677468
604000,0.2537847489520528
605000,0.25508121175243326
606000,0.2548613225190002
607000,0.25484803371960235
608000,0.2530957039200422
609000,0.25199669198725455
610000,0.2545591254878862
611000,0.25216541333303244
612000,0.2518092602661718
613000,0.25069239378493613
614000,0.2503455478437946
615000,0.24967569567978584
616000,0.25053310513065397
617000,0.2507104899216879
618000,0.2510601622593053
619000,0.25126752937288216
620000,0.2518139924846758
621000,0.2506025426261561
622000,0.25003379089482736
623000,0.25090146449458317
624000,0.24995913685475882
625000,0.25076722160944453
626000,0.25141286384234224
627000,0.2529857797802016
628000,0.253528209738304
629000,0.25301398696887145
630000,0.2537964149692102
631000,0.25320918816655175
632000,0.251973039976614
633000,0.251552453717579
634000,0.2510738197099841
635000,0.2518038872985033
636000,0.25445653390796125
637000,0.25527205183499596
638000,0.2541371970119885
639000,0.254202526082781
640000,0.25487951742904097
641000,0.25490893830726225
642000,0.25544298517656744
643000,0.2531579905650643
644000,0.2511861488370282
645000,0.25124658087343865
646000,0.2526103426747248
647000,0.25213799685696375
648000,0.25109457207993585
649000,0.25110141214030957
650000,0.25101150537288136
651000,0.2516904679129926
652000,0.2516212206631011
653000,0.25183885654772015
654000,0.2521739265261067
655000,0.25284701786385166
656000,0.2532917372488115
657000,0.25368449237431684
658000,0.25359338898757433
659000,0.2554058929200478
660000,0.25601737758969373
661000,0.2553908716495002
662000,0.2548820782100578
663000,0.2549642406874881
664000,0.2541961174776462
665000,0.2533269370832708
666000,0.2545611849896561
667000,0.2545538693938162
668000,0.25482460023823494
669000,0.2543938589072968
670000,0.2551345019661437
671000,0.25755550052071235
672000,0.25710256584733493
673000,0.2577528671021156
674000,0.25722543919582685
675000,0.25390734617718763
676000,0.2525704618162145
677000,0.2525382789310969
678000,0.2547453674931503
679000,0.2557237630260101
680000,0.2576293559279669
681000,0.25610975614554926
682000,0.25756758630725435
683000,0.2563638060234109
684000,0.2556215585200173
685000,0.25673094712870964
686000,0.2557687003303467
687000,0.25560544034545246
688000,0.255346665980101
689000,0.2551804356402265
690000,0.25405241627227765
691000,0.25404620669651307
692000,0.25402022092418963
693000,0.25398558116786724
694000,0.25635127106465794
695000,0.25555399511919025
696000,0.2536186733311455
697000,0.25478075138773365
698000,0.2529709747570509
699000,0.2537288466583893
700000,0.25277712852177653
701000,0.25270250168920994
702000,0.25209003873679264
703000,0.2548534111344952
704000,0.25578729502955166
705000,0.2557730987293821
706000,0.25691797284149764
707000,0.2570420813436725
708000,0.2558440431942834
709000,0.2575777392973017
710000,0.25814085046983326
711000,0.25696624124248346
712000,0.25745710935558486
713000,0.2578591549154802
714000,0.2585493883228244
715000,0.2589094522725128
716000,0.2584540521905436
717000,0.2579416683965452
718000,0.2604078970946127
719000,0.2605572207015795
720000,0.2615576663255419
721000,0.25869928477580106
722000,0.25859606999238605
723000,0.25813412135318786
724000,0.25713403200981894
725000,0.2560713867921295
726000,0.25572629184077633
727000,0.2555659674316678
728000,0.25536641470562743
729000,0.25682493108474364
730000,0.2568403386826577
731000,0.2574327098562328
732000,0.25685791275841297
733000,0.2567975299591219
734000,0.25580757824425093
735000,0.2567762642509731
736000,0.2558142321600113
737000,0.25543956445773425
738000,0.2545993404983902
739000,0.255246826287494
740000,0.2563897021497074
741000,0.2575268494195925
742000,0.254535787289503
743000,0.2542447668812226
744000,0.2551090808381447
745000,0.2550029992802618
746000,0.25396280153473333
747000,0.254901779020448
748000,0.254277561173543
749000,0.25545405761318973
750000,0.2544595991533996
751000,0.25389297832117663
752000,0.2542570491349273
753000,0.25375786758916324
754000,0.2543491559666881
755000,0.25626567188038346
756000,0.2555672462140967
757000,0.2565787775212709
758000,0.2554272013842596
759000,0.25611262414479935
760000,0.25618662391393354
761000,0.25490684829965005
762000,0.2558425457752312
763000,0.2550291674505377
764000,0.2533670752020854
765000,0.25190464468409424
766000,0.2516668238717672
767000,0.2514511108194116
768000,0.2509917417099977
769000,0.25189394883545463
770000,0.2517028811099002
771000,0.2524598040221562
772000,0.2525225717629026
773000,0.25295546245362105
774000,0.25064650177230785
775000,0.25165437915651895
776000,0.25067692014971443
777000,0.2520380676842114
778000,0.2496335355954543
779000,0.25127004688512433
780000,0.2528738840492655
781000,0.2539502638304227
782000,0.2514572382099348
783000,0.25134306105285376
784000,0.24976366023196828
785000,0.24972865205648534
786000,0.2473671973781756
787000,0.2477334571259931
788000,0.24688854695832663
789000,0.24818292557417065
790000,0.2493204796870832
791000,0.24906568920687763
792000,0.2505542549896037
793000,0.25055605799870917
794000,0.25034151830496654
795000,0.25022267403664744
796000,0.24859520884070144
797000,0.24963666459286132
798000,0.2501193451633845
799000,0.25000933280570964
800000,0.2511793693815869
801000,0.2520232184679596
802000,0.25098512657259003
803000,0.2511217844234694
804000,0.25178727304287796
805000,0.2508781717195477
806000,0.2516581916207034
807000,0.2529148258470249
808000,0.2522420445920455
