1000,0.5404081962115223
2000,0.458609725260582
3000,0.46544511985692494
4000,0.46040844621936755
5000,0.4556882641672455
6000,0.4410257362306225
7000,0.42912534415981807
8000,0.42445153137550323
9000,0.4262942141808683
10000,0.4215306542386035
11000,0.4082092519770872
12000,0.4055780439879882
13000,0.39042094053681964
14000,0.38747535977583575
15000,0.38303397136469985
16000,0.3667946959862588
17000,0.3636671595860763
18000,0.37224966487712224
19000,0.36098339687416064
20000,0.35840366044001165
21000,0.3644332419174674
22000,0.36457822714886623
23000,0.3589036637201442
24000,0.34860257766639696
25000,0.34131684050068906
26000,0.3417722952473364
27000,0.3459913781135121
28000,0.3419731816777043
29000,0.3350727335105338
30000,0.33513475746265664
31000,0.33654965305640805
32000,0.3329998618735269
33000,0.33137153962956356
34000,0.3331270032485488
35000,0.3328861207292739
36000,0.3325434411131527
37000,0.33185338822902094
38000,0.3292334778396831
39000,0.32878833836821186
40000,0.33055790397798335
41000,0.3301310747259959
42000,0.32699953715695473
43000,0.3281886142947309
44000,0.3295157457110728
45000,0.3288602084477772
46000,0.3289503630640327
47000,0.3278449817434129
48000,0.32799559503946973
49000,0.3252960857240212
50000,0.3249014806290861
51000,0.32760096438815817
52000,0.3278433259195021
53000,0.32558439232539255
54000,0.32515565305222305
55000,0.32348131608959824
56000,0.3243293505647099
57000,0.32054435654301533
58000,0.31907771026014814
59000,0.3185030312310526
60000,0.3169161005707312
61000,0.3142658526577148
62000,0.31235122066587806
63000,0.31165689110810235
64000,0.3151638126854088
65000,0.3149817014170022
66000,0.3144533221008577
67000,0.31426651884399426
68000,0.3129109109816535
69000,0.31291998493575046
70000,0.31667575036412476
71000,0.3171247269012465
72000,0.3164060706738294
73000,0.3183569496476006
74000,0.31684853689485104
75000,0.3174843700033763
76000,0.3162557073967102
77000,0.31677351591178776
78000,0.3168616493702555
79000,0.3150981705299599
80000,0.31520187511816367
81000,0.3146778819479222
82000,0.314134483835995
83000,0.31386941021555026
84000,0.31348246883199105
85000,0.3135112311954419
86000,0.3112604256299709
87000,0.3112286507423176
88000,0.31030654598311447
89000,0.312726875851337
90000,0.3126869780596316
91000,0.31160581404978455
92000,0.3114084299089128
93000,0.31009522172717396
94000,0.30877264054975084
95000,0.30670610206333426
96000,0.30690439497561955
97000,0.3060247412809024
98000,0.306256703872926
99000,0.3062367751446591
100000,0.305962645002201
101000,0.3039931795962065
102000,0.3023239009070537
103000,0.29885464433917297
104000,0.295625535200961
105000,0.2950475915583445
106000,0.2933417495253826
107000,0.2920210490976906
108000,0.292296538821349
109000,0.29087096917748884
110000,0.28913693107261795
111000,0.2889122666640288
112000,0.28979714129317585
113000,0.2901566304720121
114000,0.288507742534947
115000,0.2883200581466256
116000,0.289559301161277
117000,0.28889330942707425
118000,0.2847750771572166
119000,0.28492039837535993
120000,0.2839373246803825
121000,0.2822069238487753
122000,0.28092045902430124
123000,0.2806430199630856
124000,0.2839431976956439
125000,0.2834394839733204
126000,0.2819893698892016
127000,0.2793082923463146
128000,0.27907685915189007
129000,0.27881692012175957
130000,0.27784405986529986
131000,0.2758983775087601
132000,0.2753652842046166
133000,0.2756986326049553
134000,0.27369636948994425
135000,0.27319887802372966
136000,0.27443937947985514
137000,0.27503594536055515
138000,0.27461998327597226
139000,0.27552017663143513
140000,0.2756990692144396
141000,0.2753066757178303
142000,0.2771336574076095
143000,0.2743257036774722
144000,0.2721669049806822
145000,0.2708003167912223
146000,0.2693425373113349
147000,0.26972199776747596
148000,0.2699560963125935
149000,0.27081157849502974
150000,0.27046133150202545
151000,0.2669971560270405
152000,0.26592475777519153
153000,0.26532499502654205
154000,0.2637944302958465
155000,0.2633784441278769
156000,0.26272333309135265
157000,0.26368921162633774
158000,0.2639007224341775
159000,0.26401661667946824
160000,0.26371720297312423
161000,0.26316679933357545
162000,0.26384666925982037
163000,0.26314480467136486
164000,0.26090995091653374
165000,0.2600751242620604
166000,0.25799847597795555
167000,0.2572444527862752
168000,0.2576585325745539
169000,0.25714535576641573
170000,0.252531051535898
171000,0.2509946432358122
172000,0.24917877601951638
173000,0.24559587482817574
174000,0.24601461874028538
175000,0.24511177324180375
176000,0.2451198489057226
177000,0.24393063354742128
178000,0.2424910936166072
179000,0.2421794741415352
180000,0.24268882916035267
181000,0.24410328656190566
182000,0.24367341170496387
183000,0.2425463000551728
184000,0.2420715933707114
185000,0.24096086698501673
186000,0.2425401476360346
187000,0.24220709780336
188000,0.2425581746968078
189000,0.24015106141271922
190000,0.23942968805283532
191000,0.23962200194980024
192000,0.2388938608578348
193000,0.2392295108900527
194000,0.2390005294487838
195000,0.24076578035072918
196000,0.23912788256625508
197000,0.23864809546695312
198000,0.23696643966491654
199000,0.23615014787229263
200000,0.23641455437350128
201000,0.2336769494073192
202000,0.23530648840174653
203000,0.2370086257475363
204000,0.23796953677009336
205000,0.23596077131168208
206000,0.23627227680075433
207000,0.23633016038979268
208000,0.23356970232417767
209000,0.23179836900265535
210000,0.2325244125316187
211000,0.2313605977770158
212000,0.22883476517340606
213000,0.22793309323510827
214000,0.22788159773815014
215000,0.22920570141371324
216000,0.2282609584360806
217000,0.22788896589417945
218000,0.23053650175013563
219000,0.23588769941830204
220000,0.23634089164642347
221000,0.23390827472904957
222000,0.23348877572247248
223000,0.23529425360452744
224000,0.23384442145962608
225000,0.23369841514902587
226000,0.23291242602763787
227000,0.23192430929257427
228000,0.23228185492595088
229000,0.23364780013133798
230000,0.23433604088992685
231000,0.2346150069419927
232000,0.23436216324664605
233000,0.23402333863528588
234000,0.2349961489270662
235000,0.23401096295377097
236000,0.231435687177743
237000,0.22944662771581892
238000,0.23008886895272332
239000,0.2286752166803731
240000,0.22872169700978612
241000,0.22719897304010897
242000,0.22605631301562815
243000,0.2295086913869515
244000,0.2304982810122309
245000,0.23105287767511493
246000,0.23079649208543365
247000,0.22901741558073818
248000,0.22997775923988076
249000,0.2301158895940058
250000,0.22866249254803125
251000,0.2297977778332789
252000,0.22805554856460442
253000,0.2296746541151628
254000,0.2309524588313399
255000,0.23047594288332401
256000,0.2284224521195199
257000,0.22772714695696708
258000,0.22926256273051374
259000,0.22870113231648853
260000,0.2293640841804369
261000,0.23036096259047975
262000,0.22861907296304546
263000,0.23030064935348538
264000,0.2314001266345004
265000,0.2321909944760392
266000,0.23290542432932437
267000,0.23311386546918786
268000,0.2342881280305259
269000,0.23374977553172013
270000,0.23649479110409777
271000,0.23659352270338116
272000,0.2378688210468697
273000,0.2423313657949597
274000,0.24196331280033428
275000,0.24097582942651335
276000,0.24266701740814545
277000,0.24334693519260694
278000,0.2458643641995354
279000,0.24618485592255188
280000,0.24474486024619346
281000,0.24275647371342027
282000,0.2417781854245311
283000,0.24226543172633355
284000,0.2425583277517747
285000,0.2447286141631701
286000,0.2441939427020237
287000,0.24463389771231445
288000,0.2439826133908546
289000,0.24325928381238784
290000,0.24421762841275518
291000,0.24569455533199352
292000,0.24657119680876127
293000,0.24702107524960246
294000,0.24943392049455188
295000,0.24768010438418797
296000,0.2496267856615888
297000,0.24924835529682993
298000,0.2509606624019445
299000,0.2506186487267209
300000,0.25091203043623667
301000,0.2530729709303839
302000,0.253769497378237
303000,0.2521121297554508
304000,0.25339981506654913
305000,0.25389424045870845
306000,0.25278915199810587
307000,0.2528402178388148
308000,0.2545030021064339
309000,0.25679383478787615
310000,0.2558971795682113
311000,0.257073877973472
312000,0.25741674422055394
313000,0.25737042572692187
314000,0.25872749230454206
315000,0.2567123753268781
316000,0.2573748377562806
317000,0.2576570194965026
318000,0.2573838355046106
319000,0.25132882120850464
320000,0.25244015578535184
321000,0.25385009493713506
322000,0.2555471377759831
323000,0.2535988969426742
324000,0.2521974140521107
325000,0.25416986080887827
326000,0.25454057468942265
327000,0.25593696771611624
328000,0.2565974207131679
329000,0.25634515429233373
330000,0.255930242926217
331000,0.25683797937322733
332000,0.2564702233182273
333000,0.25455098088596495
334000,0.2528494373790837
335000,0.25215485460314685
336000,0.25386132049916993
337000,0.25244471430536264
338000,0.25262789809328257
339000,0.2533708564688768
340000,0.25009115575040897
341000,0.25145495895229386
342000,0.2519841863513729
343000,0.2493273967742461
344000,0.2492442221355652
345000,0.24961694749806645
346000,0.2503262137310134
347000,0.25086150788696765
348000,0.24764642588117167
349000,0.2470129000204019
350000,0.2486983849579766
351000,0.24819924409321203
352000,0.24964521210597437
353000,0.24814083616650084
354000,0.2469440237310744
355000,0.2475073806988411
356000,0.24977037868826488
357000,0.2526481675187959
358000,0.2508886728930242
359000,0.249857643063995
360000,0.2497421104913116
361000,0.2499721358659837
362000,0.25153101491896696
363000,0.25054517744683386
364000,0.2493079702670952
365000,0.24773826776333574
366000,0.2492044848175892
367000,0.2482473069200507
368000,0.2458383922894971
369000,0.24498896325419708
370000,0.24442198220411518
371000,0.24326818167912406
372000,0.2431105877818222
373000,0.2382351596877739
374000,0.23974752162302887
375000,0.24015106024520086
376000,0.2381473831763172
377000,0.23753986664578622
378000,0.23665435476012275
379000,0.2366931639571134
380000,0.23625129631892808
381000,0.2356786094159302
382000,0.235253690266489
383000,0.23422392871721565
384000,0.23254748743088344
385000,0.23117412754452488
386000,0.2309700006669096
387000,0.23158647477172928
388000,0.2316112674220272
389000,0.2334156976520728
390000,0.23157354435453126
391000,0.2299403302614494
392000,0.2306859236903407
393000,0.23018374661302038
394000,0.22875551661896004
395000,0.22935261936293985
396000,0.2283762157578192
397000,0.229278572514335
398000,0.22786295235750695
399000,0.22767892443034102
400000,0.22777611915012688
401000,0.22611279470915824
402000,0.22260747044777668
403000,0.22373407408981005
404000,0.22163753636572645
405000,0.22258014049559074
406000,0.22291949651355583
407000,0.22167667192534438
408000,0.22079198040409573
409000,0.21882017304084922
410000,0.21852814800894965
411000,0.21711963356635966
412000,0.21727184640128086
413000,0.21895102202505237
414000,0.21732499252557172
415000,0.2168558077393754
416000,0.21747893680213598
417000,0.21741895365514546
418000,0.21633072249254937
419000,0.2179215544434455
420000,0.2163862460084427
421000,0.215890979129618
422000,0.2140998820439707
423000,0.2143999908549476
424000,0.21357303541801387
425000,0.21230217418180058
426000,0.2117372935186845
427000,0.21043352101315577
428000,0.20874258198816886
429000,0.208277505270492
430000,0.20608863161069124
431000,0.20453298876889084
432000,0.20564158177898784
433000,0.20744696818106464
434000,0.21028375270757746
435000,0.21196167511832278
436000,0.21012988997879015
437000,0.2120717965770927
438000,0.21116271158702554
439000,0.2126653197636721
440000,0.2146756242520321
441000,0.21538719370934223
442000,0.21379962422490245
443000,0.21483273145652476
444000,0.2178479017544713
445000,0.21670763484210268
446000,0.21748241124602122
447000,0.217683001281965
448000,0.2181619525038279
449000,0.21773382499533
450000,0.216095797302736
451000,0.21670461996450502
452000,0.21695855444748105
453000,0.2183911380255546
454000,0.21985603975589438
455000,0.21872424875187158
456000,0.21839611301583745
457000,0.21574013244681323
458000,0.2154233849729341
459000,0.21701069536817744
460000,0.21626404364500817
461000,0.21482573971002822
462000,0.21401270816888687
463000,0.212682159369592
464000,0.21426397346074594
465000,0.21445010597285405
466000,0.21257960196743494
467000,0.21555785312792367
468000,0.21590415312896494
469000,0.21619541354932117
470000,0.21809622536907622
471000,0.22151375903922468
472000,0.22195530640503935
473000,0.2233879805792718
474000,0.22127550132843038
475000,0.2216587816844197
476000,0.22066046243511367
477000,0.21993300375208935
478000,0.21870672442688516
479000,0.218335363148445
480000,0.21904074178845673
481000,0.2193882124904098
482000,0.22137395927470066
483000,0.22169722831123703
484000,0.22282695312504214
485000,0.2218649679006798
486000,0.22435568662537508
487000,0.222078632701435
488000,0.22194852325504727
489000,0.21943582251735755
490000,0.2203010279585655
491000,0.21991625179382865
492000,0.21837506793188843
493000,0.22021209797222593
494000,0.22051835817994725
495000,0.2195550283874067
496000,0.21767446239138433
497000,0.21714065142948943
498000,0.21821039254109803
499000,0.21673804576145317
500000,0.2172447991905251
501000,0.21836104440019985
502000,0.21919548127686944
503000,0.21779782140963852
504000,0.2192464619493215
505000,0.21777959807211858
506000,0.2217375356083005
507000,0.22430996013320656
508000,0.22253853249412736
509000,0.2231118815817747
510000,0.22376314102293826
511000,0.2247468317789691
512000,0.2237974174906661
513000,0.22282755025448087
514000,0.22240834005961074
515000,0.2240059918935412
516000,0.22345306673882054
517000,0.22268309514160994
518000,0.2219397227965657
519000,0.2208006903412882
520000,0.21991121207089315
521000,0.22030536515739435
522000,0.22112484038051647
523000,0.22258444087109172
524000,0.2237175639595361
525000,0.2235347103701393
526000,0.2246449057960831
527000,0.22573937551189982
528000,0.2255275538222655
529000,0.22560688053211034
530000,0.22627010773172215
531000,0.22640859370568578
532000,0.22546618310108868
533000,0.22414924776651987
534000,0.2223763946334206
535000,0.2225818094102952
536000,0.22320506950855354
537000,0.22443169518288592
538000,0.2236604130756537
539000,0.22125165935926866
540000,0.2193379167907452
541000,0.2182271855063574
542000,0.21915529044081514
543000,0.2182052995154365
544000,0.2140111732770521
545000,0.21358013104542303
546000,0.21149187188175653
547000,0.21004739300370642
548000,0.20964327615938075
549000,0.20832778097047325
550000,0.20771164269679473
551000,0.20764157164815186
552000,0.20837307664647495
553000,0.20716096828967867
554000,0.2056732799394931
555000,0.2072000923239549
556000,0.20519393300678765
557000,0.20459489737711745
558000,0.20503637859203175
559000,0.20455462143507436
560000,0.20447734750976942
561000,0.2059175439693094
562000,0.2059700071937775
563000,0.20687678682858393
564000,0.20455164954605773
565000,0.20385362482105399
566000,0.2065883086513193
567000,0.2053648566367649
568000,0.205680147922379
569000,0.20790508637231453
570000,0.20632878754370176
571000,0.2048141676630129
572000,0.20322289224764892
573000,0.2022815876151905
574000,0.20199731536314353
575000,0.2029590701212781
576000,0.20283448011621222
577000,0.2035305951209922
578000,0.20389261281639284
579000,0.20519611784229916
580000,0.2043424108292138
581000,0.204655025111388
582000,0.2047933712846235
583000,0.20650610888343113
584000,0.2065465825582475
585000,0.20670783787240876
586000,0.20332373082107563
587000,0.20365045894045264
588000,0.2022846504952567
589000,0.20365854887997575
590000,0.20396604754283698
591000,0.20342016652909622
592000,0.20313780104947715
593000,0.2012794067955508
594000,0.20011731598676066
595000,0.2011504472371066
596000,0.20232145092711284
597000,0.2012458622825552
598000,0.2006021305782503
599000,0.2029048488852495
600000,0.1997976328455729
601000,0.20113891553703694
602000,0.20117776779673938
603000,0.20233725743582556
604000,0.2021415960553719
605000,0.20190521034292003
606000,0.1976339678414167
607000,0.1957550188282916
608000,0.1974282478618582
609000,0.19593110465910635
610000,0.1961402061372972
611000,0.19501709373317794
612000,0.19430339004426894
613000,0.19317816177400232
614000,0.1941509429337898
615000,0.1924451074814393
616000,0.19229486301390147
617000,0.19235204190643446
618000,0.19161445921992135
619000,0.19211018258400134
620000,0.1928058044670504
621000,0.1927371113757906
622000,0.192295060341547
623000,0.1909111780763997
624000,0.18977934996807688
625000,0.18955766545523345
626000,0.1893089386975645
627000,0.18825561190209755
628000,0.18842380525542848
629000,0.1879436970157951
630000,0.19100593027374407
631000,0.19126990717704664
632000,0.19114831475130062
633000,0.19095863338436483
634000,0.19131765698259745
635000,0.1914487616761963
636000,0.1943216554924141
637000,0.19350738068555193
638000,0.19358606895140612
639000,0.19226837150799023
640000,0.19297567259074622
641000,0.19222919482987882
642000,0.19065038357055103
643000,0.19033683337074558
644000,0.19060448216793843
645000,0.19079329179731355
646000,0.19240505629494226
647000,0.19363872646272604
648000,0.193953245966213
649000,0.1958521990085868
650000,0.19735342731590555
651000,0.19635775984113474
652000,0.1948946037241699
653000,0.1957353315174916
654000,0.196297214919072
655000,0.19609944058043327
656000,0.19664470628670472
657000,0.19695794562808752
658000,0.19703376792764324
659000,0.19820465077795285
660000,0.19891499679396935
661000,0.19845798835411418
662000,0.19852240877500188
663000,0.1977437357984829
664000,0.19627798311273886
665000,0.1964354803606704
666000,0.19420298963401614
667000,0.19387593265035316
668000,0.19336215890698316
669000,0.19079262859051477
670000,0.18969095983358733
671000,0.18876516069381358
672000,0.18872168818929236
673000,0.19031562285825
674000,0.19126526412020273
675000,0.1894358740353859
676000,0.1913851813082014
677000,0.19010742668491276
678000,0.19077459083963494
679000,0.1891518401639327
680000,0.1894862822858353
681000,0.18915598092059172
682000,0.1871945462215612
683000,0.18514301504424954
684000,0.18444968862890834
685000,0.1846810592122783
686000,0.18457283285499584
687000,0.18500194993323363
688000,0.1858250909604763
689000,0.18469584953227286
690000,0.1828848324382687
691000,0.18308453441562564
692000,0.1824830177048914
693000,0.18095002375416816
694000,0.18113632941478028
695000,0.1797708221427131
696000,0.17944677452848123
697000,0.18096398967388796
698000,0.18076824918053858
699000,0.17931407480141998
700000,0.18121403863814123
701000,0.1788555139332043
702000,0.17747563491772872
703000,0.17767954217071907
704000,0.17628389241809825
705000,0.1758349607727229
706000,0.17720205487760832
707000,0.17747085148501987
708000,0.17708704595649294
709000,0.17871137727599404
710000,0.1775538992666911
711000,0.17852678985996015
712000,0.17970077595814873
713000,0.18016090183628644
714000,0.1801667060513348
715000,0.17983212702821516
716000,0.1799283486339288
717000,0.17923437968372094
718000,0.181729930941007
719000,0.1809500575611606
720000,0.18132244498787076
721000,0.18189119461342523
722000,0.18078457254483624
723000,0.18057380314320018
724000,0.1812693461452887
725000,0.1813660729880688
726000,0.1803610861006439
727000,0.1808235745773818
728000,0.1832652961451185
729000,0.18456430989601497
730000,0.18155813004345026
731000,0.18092154936853835
732000,0.18037908902795483
733000,0.1816477391151527
734000,0.1824265860175667
735000,0.1811055380072187
736000,0.1766029638611026
737000,0.17490357856402536
738000,0.1746996825841658
739000,0.1749022664076588
740000,0.17618633570560974
741000,0.17793309341094538
742000,0.1792701827795837
743000,0.1796015208484028
744000,0.17959984132730625
745000,0.1797890909746527
746000,0.1779658441945963
747000,0.1777199133796707
748000,0.17717566563078038
749000,0.1780171256331533
750000,0.17686404583449353
751000,0.17714118029899112
752000,0.1774956425386227
753000,0.177324489588078
754000,0.1770680058090532
755000,0.17596824741993897
756000,0.17717246732759132
757000,0.17803342215744897
758000,0.1766543738157139
759000,0.17520933039383696
760000,0.17371447014583777
761000,0.17428654798572393
762000,0.17435948486832403
763000,0.17445613312388095
764000,0.1751887951895331
765000,0.17627822925427764
766000,0.17662213024702825
767000,0.17459641099473316
768000,0.17431022641651228
769000,0.17470438500788796
770000,0.17311812219498318
771000,0.1737144693497874
772000,0.17529030008175647
773000,0.1733589348950504
774000,0.17312403635938262
775000,0.17374424227810897
776000,0.17246364050662347
777000,0.17352594405305116
778000,0.17166122068291367
779000,0.17566172541889194
780000,0.17768158037477425
781000,0.17754239813902903
782000,0.1772756331085016
783000,0.1769605416584505
784000,0.17830997441011975
785000,0.17782629204080586
786000,0.1773313654615506
787000,0.17715735164393823
788000,0.1783216601982743
789000,0.17806051201170742
790000,0.17991191592273417
791000,0.1794241433809518
792000,0.18035242061175447
793000,0.18270924019488108
794000,0.18303411611220372
795000,0.18339577132481627
796000,0.1823498996402086
797000,0.18149187832704025
798000,0.18097807220027362
799000,0.18085052458308323
800000,0.17926358040012327
801000,0.17985333346295584
802000,0.18018806453751485
803000,0.17937019206244384
804000,0.1798211638168733
805000,0.18012158425276625
806000,0.18044313507996984
807000,0.17975802367464602
808000,0.17889608236150598
