18000,0.34907392678692206
18000,0.34907392678692206
18000,0.34907392678692206
18000,0.34907392678692206
18000,0.34907392678692206
18000,0.34907392678692206
18000,0.34907392678692206
18000,0.34907392678692206
18000,0.34907392678692206
18000,0.34907392678692206
18000,0.34907392678692206
18000,0.34907392678692206
18000,0.34907392678692206
18000,0.34907392678692206
18000,0.34907392678692206
18000,0.34907392678692206
18000,0.34907392678692206
18000,0.34907392678692206
18000,0.34907392678692206
18000,0.34907392678692206
18000,0.34907392678692206
18000,0.34907392678692206
18000,0.34907392678692206
18000,0.34907392678692206
18000,0.34907392678692206
18000,0.34907392678692206
18000,0.34907392678692206
18000,0.34907392678692206
18000,0.34907392678692206
47000,0.19332463363349928
47000,0.19332463363349928
47000,0.19332463363349928
47000,0.19332463363349928
47000,0.19332463363349928
47000,0.19332463363349928
47000,0.19332463363349928
47000,0.19332463363349928
47000,0.19332463363349928
47000,0.19332463363349928
47000,0.19332463363349928
47000,0.19332463363349928
47000,0.19332463363349928
47000,0.19332463363349928
47000,0.19332463363349928
47000,0.19332463363349928
47000,0.19332463363349928
47000,0.19332463363349928
47000,0.19332463363349928
47000,0.19332463363349928
47000,0.19332463363349928
47000,0.19332463363349928
47000,0.19332463363349928
47000,0.19332463363349928
47000,0.19332463363349928
47000,0.19332463363349928
47000,0.19332463363349928
47000,0.19332463363349928
47000,0.19332463363349928
47000,0.19332463363349928
47000,0.19332463363349928
47000,0.19332463363349928
47000,0.19332463363349928
47000,0.19332463363349928
47000,0.19332463363349928
47000,0.19332463363349928
47000,0.19332463363349928
47000,0.19332463363349928
47000,0.19332463363349928
47000,0.19332463363349928
47000,0.19332463363349928
47000,0.19332463363349928
47000,0.19332463363349928
47000,0.19332463363349928
47000,0.19332463363349928
47000,0.19332463363349928
47000,0.19332463363349928
47000,0.19332463363349928
47000,0.19332463363349928
47000,0.19332463363349928
47000,0.19332463363349928
47000,0.19332463363349928
47000,0.19332463363349928
47000,0.19332463363349928
47000,0.19332463363349928
47000,0.19332463363349928
47000,0.19332463363349928
47000,0.19332463363349928
47000,0.19332463363349928
47000,0.19332463363349928
47000,0.19332463363349928
47000,0.19332463363349928
47000,0.19332463363349928
47000,0.19332463363349928
47000,0.19332463363349928
47000,0.19332463363349928
47000,0.19332463363349928
47000,0.19332463363349928
47000,0.19332463363349928
47000,0.19332463363349928
47000,0.19332463363349928
47000,0.19332463363349928
47000,0.19332463363349928
47000,0.19332463363349928
47000,0.19332463363349928
47000,0.19332463363349928
47000,0.19332463363349928
47000,0.19332463363349928
47000,0.19332463363349928
47000,0.19332463363349928
47000,0.19332463363349928
47000,0.19332463363349928
47000,0.19332463363349928
47000,0.19332463363349928
47000,0.19332463363349928
47000,0.19332463363349928
133000,0.17958336141807527
133000,0.17958336141807527
133000,0.17958336141807527
133000,0.17958336141807527
133000,0.17958336141807527
133000,0.17958336141807527
133000,0.17958336141807527
133000,0.17958336141807527
133000,0.17958336141807527
133000,0.17958336141807527
143000,0.15492853057203795
143000,0.15492853057203795
143000,0.15492853057203795
143000,0.15492853057203795
143000,0.15492853057203795
143000,0.15492853057203795
143000,0.15492853057203795
143000,0.15492853057203795
143000,0.15492853057203795
143000,0.15492853057203795
143000,0.15492853057203795
143000,0.15492853057203795
143000,0.15492853057203795
143000,0.15492853057203795
143000,0.15492853057203795
143000,0.15492853057203795
143000,0.15492853057203795
143000,0.15492853057203795
143000,0.15492853057203795
143000,0.15492853057203795
143000,0.15492853057203795
143000,0.15492853057203795
143000,0.15492853057203795
143000,0.15492853057203795
143000,0.15492853057203795
168000,0.15816776454421552
168000,0.15816776454421552
168000,0.15816776454421552
168000,0.15816776454421552
168000,0.15816776454421552
168000,0.15816776454421552
168000,0.15816776454421552
168000,0.15816776454421552
168000,0.15816776454421552
168000,0.15816776454421552
168000,0.15816776454421552
168000,0.15816776454421552
168000,0.15816776454421552
168000,0.15816776454421552
168000,0.15816776454421552
168000,0.15816776454421552
168000,0.15816776454421552
168000,0.15816776454421552
168000,0.15816776454421552
168000,0.15816776454421552
168000,0.15816776454421552
168000,0.15816776454421552
168000,0.15816776454421552
168000,0.15816776454421552
168000,0.15816776454421552
168000,0.15816776454421552
194000,0.14096439718973147
194000,0.14096439718973147
194000,0.14096439718973147
194000,0.14096439718973147
194000,0.14096439718973147
194000,0.14096439718973147
194000,0.14096439718973147
194000,0.14096439718973147
194000,0.14096439718973147
194000,0.14096439718973147
194000,0.14096439718973147
194000,0.14096439718973147
194000,0.14096439718973147
207000,0.14902183676194422
207000,0.14902183676194422
207000,0.14902183676194422
210000,0.13745970011544462
210000,0.13745970011544462
210000,0.13745970011544462
210000,0.13745970011544462
210000,0.13745970011544462
210000,0.13745970011544462
210000,0.13745970011544462
210000,0.13745970011544462
210000,0.13745970011544462
210000,0.13745970011544462
210000,0.13745970011544462
210000,0.13745970011544462
210000,0.13745970011544462
210000,0.13745970011544462
210000,0.13745970011544462
210000,0.13745970011544462
226000,0.12480794102229195
226000,0.12480794102229195
226000,0.12480794102229195
226000,0.12480794102229195
226000,0.12480794102229195
226000,0.12480794102229195
226000,0.12480794102229195
226000,0.12480794102229195
226000,0.12480794102229195
226000,0.12480794102229195
226000,0.12480794102229195
226000,0.12480794102229195
226000,0.12480794102229195
226000,0.12480794102229195
226000,0.12480794102229195
226000,0.12480794102229195
226000,0.12480794102229195
226000,0.12480794102229195
226000,0.12480794102229195
226000,0.12480794102229195
226000,0.12480794102229195
226000,0.12480794102229195
226000,0.12480794102229195
226000,0.12480794102229195
226000,0.12480794102229195
226000,0.12480794102229195
226000,0.12480794102229195
226000,0.12480794102229195
226000,0.12480794102229195
226000,0.12480794102229195
226000,0.12480794102229195
257000,0.11574357556718376
257000,0.11574357556718376
257000,0.11574357556718376
257000,0.11574357556718376
257000,0.11574357556718376
257000,0.11574357556718376
257000,0.11574357556718376
257000,0.11574357556718376
257000,0.11574357556718376
257000,0.11574357556718376
257000,0.11574357556718376
257000,0.11574357556718376
257000,0.11574357556718376
257000,0.11574357556718376
257000,0.11574357556718376
257000,0.11574357556718376
257000,0.11574357556718376
257000,0.11574357556718376
257000,0.11574357556718376
257000,0.11574357556718376
257000,0.11574357556718376
257000,0.11574357556718376
257000,0.11574357556718376
257000,0.11574357556718376
281000,0.10629079400008191
281000,0.10629079400008191
281000,0.10629079400008191
281000,0.10629079400008191
281000,0.10629079400008191
281000,0.10629079400008191
281000,0.10629079400008191
281000,0.10629079400008191
281000,0.10629079400008191
281000,0.10629079400008191
281000,0.10629079400008191
281000,0.10629079400008191
293000,0.09917134031682555
294000,0.10471533424564283
294000,0.10471533424564283
294000,0.10471533424564283
294000,0.10471533424564283
294000,0.10471533424564283
294000,0.10471533424564283
294000,0.10471533424564283
294000,0.10471533424564283
294000,0.10471533424564283
294000,0.10471533424564283
294000,0.10471533424564283
294000,0.10471533424564283
294000,0.10471533424564283
294000,0.10471533424564283
294000,0.10471533424564283
294000,0.10471533424564283
294000,0.10471533424564283
294000,0.10471533424564283
294000,0.10471533424564283
294000,0.10471533424564283
294000,0.10471533424564283
294000,0.10471533424564283
294000,0.10471533424564283
294000,0.10471533424564283
294000,0.10471533424564283
294000,0.10471533424564283
294000,0.10471533424564283
321000,0.09964631064502462
321000,0.09964631064502462
321000,0.09964631064502462
321000,0.09964631064502462
325000,0.09436111895478509
325000,0.09436111895478509
325000,0.09436111895478509
325000,0.09436111895478509
325000,0.09436111895478509
325000,0.09436111895478509
325000,0.09436111895478509
325000,0.09436111895478509
333000,0.08988564952165676
333000,0.08988564952165676
333000,0.08988564952165676
333000,0.08988564952165676
337000,0.08521122829156857
337000,0.08521122829156857
337000,0.08521122829156857
337000,0.08521122829156857
337000,0.08521122829156857
337000,0.08521122829156857
337000,0.08521122829156857
337000,0.08521122829156857
345000,0.08285427057967903
345000,0.08285427057967903
345000,0.08285427057967903
345000,0.08285427057967903
345000,0.08285427057967903
345000,0.08285427057967903
345000,0.08285427057967903
345000,0.08285427057967903
345000,0.08285427057967903
345000,0.08285427057967903
345000,0.08285427057967903
345000,0.08285427057967903
345000,0.08285427057967903
345000,0.08285427057967903
345000,0.08285427057967903
360000,0.07948942446580651
360000,0.07948942446580651
360000,0.07948942446580651
360000,0.07948942446580651
360000,0.07948942446580651
360000,0.07948942446580651
360000,0.07948942446580651
360000,0.07948942446580651
360000,0.07948942446580651
360000,0.07948942446580651
370000,0.07729066849018096
370000,0.07729066849018096
370000,0.07729066849018096
370000,0.07729066849018096
370000,0.07729066849018096
370000,0.07729066849018096
370000,0.07729066849018096
370000,0.07729066849018096
370000,0.07729066849018096
370000,0.07729066849018096
370000,0.07729066849018096
370000,0.07729066849018096
370000,0.07729066849018096
370000,0.07729066849018096
370000,0.07729066849018096
370000,0.07729066849018096
370000,0.07729066849018096
387000,0.0753360285188943
387000,0.0753360285188943
387000,0.0753360285188943
387000,0.0753360285188943
387000,0.0753360285188943
387000,0.0753360285188943
387000,0.0753360285188943
394000,0.07204376498735755
395000,0.07050492411457333
395000,0.07050492411457333
395000,0.07050492411457333
395000,0.07050492411457333
395000,0.07050492411457333
395000,0.07050492411457333
395000,0.07050492411457333
395000,0.07050492411457333
395000,0.07050492411457333
395000,0.07050492411457333
395000,0.07050492411457333
406000,0.06830710035256017
406000,0.06830710035256017
406000,0.06830710035256017
409000,0.07111393096062701
409000,0.07111393096062701
409000,0.07111393096062701
409000,0.07111393096062701
409000,0.07111393096062701
409000,0.07111393096062701
409000,0.07111393096062701
409000,0.07111393096062701
409000,0.07111393096062701
409000,0.07111393096062701
409000,0.07111393096062701
409000,0.07111393096062701
409000,0.07111393096062701
409000,0.07111393096062701
409000,0.07111393096062701
409000,0.07111393096062701
409000,0.07111393096062701
426000,0.07008106685636892
426000,0.07008106685636892
426000,0.07008106685636892
426000,0.07008106685636892
426000,0.07008106685636892
426000,0.07008106685636892
426000,0.07008106685636892
426000,0.07008106685636892
426000,0.07008106685636892
426000,0.07008106685636892
426000,0.07008106685636892
426000,0.07008106685636892
426000,0.07008106685636892
426000,0.07008106685636892
426000,0.07008106685636892
441000,0.06844141222029687
441000,0.06844141222029687
441000,0.06844141222029687
441000,0.06844141222029687
441000,0.06844141222029687
441000,0.06844141222029687
447000,0.06719378490392854
447000,0.06719378490392854
447000,0.06719378490392854
450000,0.0689805290814555
450000,0.0689805290814555
450000,0.0689805290814555
450000,0.0689805290814555
450000,0.0689805290814555
450000,0.0689805290814555
450000,0.0689805290814555
450000,0.0689805290814555
450000,0.0689805290814555
450000,0.0689805290814555
460000,0.07645469786962435
460000,0.07645469786962435
460000,0.07645469786962435
460000,0.07645469786962435
464000,0.07900824332861318
464000,0.07900824332861318
464000,0.07900824332861318
464000,0.07900824332861318
464000,0.07900824332861318
464000,0.07900824332861318
464000,0.07900824332861318
464000,0.07900824332861318
464000,0.07900824332861318
464000,0.07900824332861318
464000,0.07900824332861318
464000,0.07900824332861318
464000,0.07900824332861318
464000,0.07900824332861318
464000,0.07900824332861318
464000,0.07900824332861318
464000,0.07900824332861318
481000,0.07882469273273554
481000,0.07882469273273554
483000,0.07688521106808306
483000,0.07688521106808306
483000,0.07688521106808306
483000,0.07688521106808306
483000,0.07688521106808306
483000,0.07688521106808306
489000,0.07537266514107589
489000,0.07537266514107589
489000,0.07537266514107589
492000,0.07334170125206216
492000,0.07334170125206216
492000,0.07334170125206216
492000,0.07334170125206216
492000,0.07334170125206216
492000,0.07334170125206216
492000,0.07334170125206216
492000,0.07334170125206216
492000,0.07334170125206216
492000,0.07334170125206216
492000,0.07334170125206216
492000,0.07334170125206216
492000,0.07334170125206216
492000,0.07334170125206216
492000,0.07334170125206216
492000,0.07334170125206216
492000,0.07334170125206216
492000,0.07334170125206216
510000,0.07367285275999676
510000,0.07367285275999676
510000,0.07367285275999676
510000,0.07367285275999676
510000,0.07367285275999676
515000,0.07258727228983908
515000,0.07258727228983908
515000,0.07258727228983908
515000,0.07258727228983908
515000,0.07258727228983908
515000,0.07258727228983908
515000,0.07258727228983908
515000,0.07258727228983908
515000,0.07258727228983908
515000,0.07258727228983908
515000,0.07258727228983908
526000,0.07107752073512655
526000,0.07107752073512655
528000,0.07336767420257777
528000,0.07336767420257777
528000,0.07336767420257777
528000,0.07336767420257777
528000,0.07336767420257777
528000,0.07336767420257777
528000,0.07336767420257777
528000,0.07336767420257777
528000,0.07336767420257777
528000,0.07336767420257777
538000,0.07559693355056536
539000,0.07548901262738812
539000,0.07548901262738812
539000,0.07548901262738812
539000,0.07548901262738812
539000,0.07548901262738812
539000,0.07548901262738812
539000,0.07548901262738812
539000,0.07548901262738812
539000,0.07548901262738812
539000,0.07548901262738812
539000,0.07548901262738812
539000,0.07548901262738812
539000,0.07548901262738812
539000,0.07548901262738812
539000,0.07548901262738812
539000,0.07548901262738812
539000,0.07548901262738812
539000,0.07548901262738812
539000,0.07548901262738812
539000,0.07548901262738812
539000,0.07548901262738812
539000,0.07548901262738812
539000,0.07548901262738812
539000,0.07548901262738812
539000,0.07548901262738812
539000,0.07548901262738812
565000,0.07472286852534218
565000,0.07472286852534218
565000,0.07472286852534218
565000,0.07472286852534218
565000,0.07472286852534218
570000,0.07770347653487217
570000,0.07770347653487217
570000,0.07770347653487217
570000,0.07770347653487217
570000,0.07770347653487217
570000,0.07770347653487217
570000,0.07770347653487217
570000,0.07770347653487217
570000,0.07770347653487217
579000,0.07849245848368827
579000,0.07849245848368827
579000,0.07849245848368827
582000,0.07768962650022687
582000,0.07768962650022687
582000,0.07768962650022687
582000,0.07768962650022687
582000,0.07768962650022687
582000,0.07768962650022687
582000,0.07768962650022687
582000,0.07768962650022687
582000,0.07768962650022687
582000,0.07768962650022687
582000,0.07768962650022687
582000,0.07768962650022687
582000,0.07768962650022687
582000,0.07768962650022687
582000,0.07768962650022687
582000,0.07768962650022687
582000,0.07768962650022687
582000,0.07768962650022687
582000,0.07768962650022687
582000,0.07768962650022687
602000,0.07685437940869581
602000,0.07685437940869581
602000,0.07685437940869581
602000,0.07685437940869581
602000,0.07685437940869581
602000,0.07685437940869581
602000,0.07685437940869581
602000,0.07685437940869581
602000,0.07685437940869581
602000,0.07685437940869581
602000,0.07685437940869581
602000,0.07685437940869581
602000,0.07685437940869581
602000,0.07685437940869581
602000,0.07685437940869581
617000,0.07588158821610912
617000,0.07588158821610912
617000,0.07588158821610912
617000,0.07588158821610912
617000,0.07588158821610912
617000,0.07588158821610912
617000,0.07588158821610912
617000,0.07588158821610912
617000,0.07588158821610912
617000,0.07588158821610912
617000,0.07588158821610912
628000,0.07473887983542726
628000,0.07473887983542726
628000,0.07473887983542726
628000,0.07473887983542726
628000,0.07473887983542726
628000,0.07473887983542726
628000,0.07473887983542726
635000,0.07425186412860722
635000,0.07425186412860722
635000,0.07425186412860722
638000,0.07302986629111854
638000,0.07302986629111854
638000,0.07302986629111854
641000,0.07516000328701715
641000,0.07516000328701715
641000,0.07516000328701715
641000,0.07516000328701715
641000,0.07516000328701715
641000,0.07516000328701715
641000,0.07516000328701715
641000,0.07516000328701715
641000,0.07516000328701715
641000,0.07516000328701715
651000,0.07789612831117977
651000,0.07789612831117977
651000,0.07789612831117977
651000,0.07789612831117977
651000,0.07789612831117977
651000,0.07789612831117977
651000,0.07789612831117977
651000,0.07789612831117977
651000,0.07789612831117977
651000,0.07789612831117977
651000,0.07789612831117977
651000,0.07789612831117977
651000,0.07789612831117977
651000,0.07789612831117977
651000,0.07789612831117977
651000,0.07789612831117977
651000,0.07789612831117977
651000,0.07789612831117977
651000,0.07789612831117977
651000,0.07789612831117977
671000,0.07648081364428867
671000,0.07648081364428867
671000,0.07648081364428867
671000,0.07648081364428867
671000,0.07648081364428867
671000,0.07648081364428867
671000,0.07648081364428867
671000,0.07648081364428867
671000,0.07648081364428867
671000,0.07648081364428867
681000,0.07743366799861763
681000,0.07743366799861763
681000,0.07743366799861763
681000,0.07743366799861763
681000,0.07743366799861763
681000,0.07743366799861763
681000,0.07743366799861763
681000,0.07743366799861763
689000,0.07923244031593427
690000,0.07714624618568951
691000,0.07841076608209258
691000,0.07841076608209258
691000,0.07841076608209258
691000,0.07841076608209258
691000,0.07841076608209258
691000,0.07841076608209258
697000,0.08058380218279536
697000,0.08058380218279536
697000,0.08058380218279536
697000,0.08058380218279536
697000,0.08058380218279536
702000,0.07993640851078265
702000,0.07993640851078265
702000,0.07993640851078265
702000,0.07993640851078265
702000,0.07993640851078265
702000,0.07993640851078265
702000,0.07993640851078265
702000,0.07993640851078265
702000,0.07993640851078265
711000,0.07883956483860627
711000,0.07883956483860627
711000,0.07883956483860627
711000,0.07883956483860627
715000,0.0797001477824581
716000,0.08125237316406285
716000,0.08125237316406285
716000,0.08125237316406285
716000,0.08125237316406285
716000,0.08125237316406285
716000,0.08125237316406285
716000,0.08125237316406285
716000,0.08125237316406285
716000,0.08125237316406285
716000,0.08125237316406285
716000,0.08125237316406285
716000,0.08125237316406285
716000,0.08125237316406285
716000,0.08125237316406285
716000,0.08125237316406285
731000,0.08069421739991564
731000,0.08069421739991564
731000,0.08069421739991564
731000,0.08069421739991564
731000,0.08069421739991564
731000,0.08069421739991564
737000,0.07958822962125911
737000,0.07958822962125911
739000,0.07888560694485082
739000,0.07888560694485082
739000,0.07888560694485082
742000,0.07802036759194343
743000,0.07923828738746463
743000,0.07923828738746463
743000,0.07923828738746463
746000,0.07851282796556931
746000,0.07851282796556931
746000,0.07851282796556931
746000,0.07851282796556931
750000,0.07745018815052765
750000,0.07745018815052765
750000,0.07745018815052765
750000,0.07745018815052765
750000,0.07745018815052765
750000,0.07745018815052765
750000,0.07745018815052765
750000,0.07745018815052765
750000,0.07745018815052765
750000,0.07745018815052765
750000,0.07745018815052765
750000,0.07745018815052765
750000,0.07745018815052765
763000,0.07864255392599875
764000,0.07771507079469343
764000,0.07771507079469343
764000,0.07771507079469343
764000,0.07771507079469343
764000,0.07771507079469343
764000,0.07771507079469343
764000,0.07771507079469343
771000,0.07882866703863006
771000,0.07882866703863006
771000,0.07882866703863006
771000,0.07882866703863006
775000,0.07797499124555238
775000,0.07797499124555238
777000,0.0810670217758732
777000,0.0810670217758732
777000,0.0810670217758732
777000,0.0810670217758732
777000,0.0810670217758732
777000,0.0810670217758732
783000,0.08078864610288317
783000,0.08078864610288317
783000,0.08078864610288317
783000,0.08078864610288317
783000,0.08078864610288317
783000,0.08078864610288317
783000,0.08078864610288317
790000,0.08258006990051522
790000,0.08258006990051522
790000,0.08258006990051522
790000,0.08258006990051522
790000,0.08258006990051522
790000,0.08258006990051522
790000,0.08258006990051522
790000,0.08258006990051522
790000,0.08258006990051522
790000,0.08258006990051522
790000,0.08258006990051522
790000,0.08258006990051522
790000,0.08258006990051522
790000,0.08258006990051522
804000,0.08217881306303301
804000,0.08217881306303301
804000,0.08217881306303301
804000,0.08217881306303301
804000,0.08217881306303301
