1000,0.2697722133647
2000,0.15518953907674457
3000,0.1493981547695069
4000,0.17521368700325013
5000,0.18286569505197067
6000,0.21580461349558153
7000,0.24233139814146518
8000,0.24821025617996675
9000,0.24125477902696646
10000,0.24092740455929393
11000,0.23559495255620583
12000,0.22294754613030454
13000,0.2140493522289245
14000,0.21385229569774858
15000,0.21470563510338533
16000,0.2202046193912475
17000,0.21953363570560427
18000,0.23545060229775952
19000,0.23116263068784015
20000,0.23098759368571786
21000,0.2357596535180697
22000,0.23529928846266315
23000,0.23182685602248135
24000,0.22986923960288358
25000,0.2304802557034433
26000,0.22779625317572363
27000,0.23313362808891
28000,0.2296428126500319
29000,0.22912243126575682
30000,0.2262502307239985
31000,0.21895442327023512
32000,0.21963294119288893
33000,0.2180591449256252
34000,0.2174891938124727
35000,0.2151497187104511
36000,0.21600563550130183
37000,0.21415621263268653
38000,0.21472158139982767
39000,0.2184137445835607
40000,0.21971473099708888
41000,0.2200630209416892
42000,0.2184338232981742
43000,0.22037476992046315
44000,0.21923258164217313
45000,0.21695937335859344
46000,0.21481560776840447
47000,0.21518709431273805
48000,0.21658407891595774
49000,0.21517435998001386
50000,0.21747114623570116
51000,0.21934994407282546
52000,0.2199694780156497
53000,0.2208823751706204
54000,0.22175773245142327
55000,0.21849102740514306
56000,0.21789541892855402
57000,0.21754719330846464
58000,0.21798790815789304
59000,0.21716239239682164
60000,0.21686944072782224
61000,0.2152900466859409
62000,0.2152457172491697
63000,0.21307879064386928
64000,0.21266760923926784
65000,0.21292357235222115
66000,0.21403595807926304
67000,0.21489343581239911
68000,0.21420438071679848
69000,0.21241039408088433
70000,0.21486667503261236
71000,0.21611309759603048
72000,0.21568610545148537
73000,0.2181719993357813
74000,0.21674978727682592
75000,0.2173421341226952
76000,0.21646879981745693
77000,0.2161101197047069
78000,0.2160203469671332
79000,0.21546687101640974
80000,0.2155562676800822
81000,0.21575162565879413
82000,0.2146300487583947
83000,0.21467451229942947
84000,0.21486948125499525
85000,0.21569836077974458
86000,0.21371956605454406
87000,0.2147468739753016
88000,0.21329097335488043
89000,0.21341777337469733
90000,0.2130829788781614
91000,0.21262733335159756
92000,0.21239005513041687
93000,0.21127670049446182
94000,0.21032220447428235
95000,0.20942247646841275
96000,0.20903254974175473
97000,0.20879170555241436
98000,0.20826742379966878
99000,0.2083924516555726
100000,0.2078977118220513
101000,0.2073224822448533
102000,0.20769014260895768
103000,0.20559699711898838
104000,0.20498029748753296
105000,0.20572230415479317
106000,0.20535615523863368
107000,0.20521827781752466
108000,0.20494833259271933
109000,0.2051324512960869
110000,0.2040832087297572
111000,0.2043548602794905
112000,0.20451939484112092
113000,0.2043944530887015
114000,0.20405589055203577
115000,0.20404484762779748
116000,0.20405866785552382
117000,0.2026473432449468
118000,0.20252861657336454
119000,0.20221937044387897
120000,0.20150997536617973
121000,0.2015158698752001
122000,0.2023476291164958
123000,0.20188433690444635
124000,0.20192761332310383
125000,0.2020641033182137
126000,0.2008777691521489
127000,0.1994336217295997
128000,0.19967090425865713
129000,0.19850266618770737
130000,0.1976542804118762
131000,0.19688335664744883
132000,0.19761202782760576
133000,0.1980422944925769
134000,0.19830757351037132
135000,0.19943945759815057
136000,0.2001259540889572
137000,0.19991932654143713
138000,0.20018569994755975
139000,0.2017004509404369
140000,0.20306795151421317
141000,0.20135336632063813
142000,0.20126810657501462
143000,0.19923841606793236
144000,0.19934919038645213
145000,0.19903503961751073
146000,0.19846167771354042
147000,0.2000029517435143
148000,0.2008289040475915
149000,0.20018261744174046
150000,0.19924544319498233
151000,0.19685526864793484
152000,0.19646438377287118
153000,0.19675497538741038
154000,0.1952894360097987
155000,0.19518143646966993
156000,0.19457608918483688
157000,0.195388354768308
158000,0.1946573486767902
159000,0.1962233837098975
160000,0.1938199866766182
161000,0.19404266693121108
162000,0.19403549182602572
163000,0.19388614741767646
164000,0.19442334072859763
165000,0.19537477366368972
166000,0.19436788590039875
167000,0.19446690877941744
168000,0.19437510963833732
169000,0.19505615997963038
170000,0.1937547222847719
171000,0.19328841991089576
172000,0.19214909616129683
173000,0.19128866779604142
174000,0.19150684544975866
175000,0.19137608656556643
176000,0.19263804744363283
177000,0.19391367821320318
178000,0.19459481408139778
179000,0.19358055157559023
180000,0.19354537879243733
181000,0.1938649708408992
182000,0.19282049121944328
183000,0.1923468941476292
184000,0.19149742565420627
185000,0.19185959375452552
186000,0.19175240291914328
187000,0.1912813516442266
188000,0.19149690785186807
189000,0.19076379542798372
190000,0.19073053369959833
191000,0.1909434945942438
192000,0.19148792896945496
193000,0.19131912798794568
194000,0.19150968042891084
195000,0.19144037329081423
196000,0.190075239428136
197000,0.18996735517046937
198000,0.19048053161510636
199000,0.1891928554753932
200000,0.1889732308326446
201000,0.18876854918354632
202000,0.18817233987322107
203000,0.18751420604392785
204000,0.18797427144166667
205000,0.18855962457515696
206000,0.18915127892156028
207000,0.188682424057598
208000,0.18908917410191065
209000,0.1880123568107357
210000,0.18750161350515396
211000,0.1869774164566316
212000,0.18670550679060585
213000,0.1863958377168617
214000,0.18597285083007112
215000,0.18569883925750827
216000,0.18551689058942925
217000,0.18592862979211872
218000,0.18668292594262909
219000,0.18740816675789382
220000,0.18689974852754918
221000,0.1860776788901815
222000,0.185833464430141
223000,0.1853446139920282
224000,0.1860065649225866
225000,0.18677578719610655
226000,0.1861967434974183
227000,0.18691646988252145
228000,0.18661763782805252
229000,0.18736116318382648
230000,0.1869410466579552
231000,0.18670541068581997
232000,0.18673592312259926
233000,0.18754784529350382
234000,0.1882024359092432
235000,0.18846901663604315
236000,0.18817696589391988
237000,0.18791444119258044
238000,0.18808891160360586
239000,0.18856274899723663
240000,0.18983022225118237
241000,0.1899896612774517
242000,0.19023143904842102
243000,0.19008176856502404
244000,0.19035561636507065
245000,0.1905018760106006
246000,0.1890609140852031
247000,0.1897187894939746
248000,0.1908302491147195
249000,0.1914303866367782
250000,0.19177667572736473
251000,0.19144912420444338
252000,0.1904119568322605
253000,0.19079066229046748
254000,0.1902515799143755
255000,0.19027637540358494
256000,0.19053430348999578
257000,0.1906538967370124
258000,0.19325454506406528
259000,0.19338164047920572
260000,0.19291934057494375
261000,0.19403459540217632
262000,0.19389098714771796
263000,0.19278452986570196
264000,0.192677672478356
265000,0.1929481183376174
266000,0.19344694450546263
267000,0.19216082071368407
268000,0.19367328509893111
269000,0.1922835809010663
270000,0.1918940857446346
271000,0.19080615690272854
272000,0.1901786628065085
273000,0.19258252716476063
274000,0.19345440646610462
275000,0.1930133260462869
276000,0.1925496940930179
277000,0.19231847512672784
278000,0.19271398503709214
279000,0.1923990157905888
280000,0.19359426508070346
281000,0.1935100729785912
282000,0.19348395041750704
283000,0.19401161818902057
284000,0.19438595652803078
285000,0.1948647728899251
286000,0.19381191810052872
287000,0.19365352672583855
288000,0.19361639077144707
289000,0.19448755475677468
290000,0.19367146863043133
291000,0.1944068849276871
292000,0.19369775816649
293000,0.19294215317740265
294000,0.19365856475932633
295000,0.19450641099917368
296000,0.19497085783215917
297000,0.1946829767711237
298000,0.1945002693886243
299000,0.19456046256957535
300000,0.1952605593716135
301000,0.19578013704050415
302000,0.1954090568319952
303000,0.19519256237815455
304000,0.1960822331574403
305000,0.19443307620493347
306000,0.19370637443302804
307000,0.19490244121766465
308000,0.19354616003785668
309000,0.19305980024835118
310000,0.19317300453431765
311000,0.1936417687728162
312000,0.19416439760612053
313000,0.19400707607792095
314000,0.19467957195559477
315000,0.19650529540528755
316000,0.1957750588837675
317000,0.19554964838045538
318000,0.1962333437357918
319000,0.19660584282201693
320000,0.19647593714921374
321000,0.1966147830371151
322000,0.1972346574225738
323000,0.19714804547462336
324000,0.19802263518231605
325000,0.19813269547158935
326000,0.19712446776518322
327000,0.19813025639974188
328000,0.198159568592952
329000,0.19754729134279703
330000,0.19747226016211772
331000,0.19828528321797073
332000,0.19700709010656947
333000,0.19664445105726805
334000,0.1972724265121301
335000,0.1967573017117828
336000,0.19828079488586145
337000,0.1975883365478362
338000,0.19722182459683898
339000,0.19851947984576004
340000,0.19662798826880942
341000,0.19816048551931828
342000,0.19838210242092186
343000,0.1979977431669732
344000,0.19731902859068168
345000,0.19739669478339858
346000,0.1993242973638613
347000,0.20108101037358636
348000,0.19956384188146023
349000,0.20058588055152948
350000,0.20047678466800203
351000,0.2009456822001955
352000,0.20110641812086733
353000,0.20182719397025387
354000,0.20287423451062783
355000,0.2028258901445897
356000,0.20339501218472203
357000,0.20286914582081922
358000,0.203329863806091
359000,0.20377794157250287
360000,0.20339278045284764
361000,0.20262539165853616
362000,0.20181753513589887
363000,0.20121405877216977
364000,0.2008912213478423
365000,0.20029948596468605
366000,0.20003952249234463
367000,0.20004903524749676
368000,0.19852340851099332
369000,0.19841053174680384
370000,0.19885618144498546
371000,0.19865725510971038
372000,0.1976670976587955
373000,0.1965732624175168
374000,0.19716670319164298
375000,0.19722135473499572
376000,0.1969058954862705
377000,0.19794632698136527
378000,0.19878522392048242
379000,0.1990576942203982
380000,0.19906039942528156
381000,0.19851435024095332
382000,0.19749535124910966
383000,0.19769479357222314
384000,0.19805577596505825
385000,0.1992449706461263
386000,0.19886511497271495
387000,0.1990972538422632
388000,0.19782570811766734
389000,0.1986895092532033
390000,0.19791065614511427
391000,0.19856039548041884
392000,0.19929791041696637
393000,0.1995007376139001
394000,0.1999703077030916
395000,0.19867737065044896
396000,0.1977242290794489
397000,0.19785676540456795
398000,0.19794559821842744
399000,0.19841459172788434
400000,0.1984349021134147
401000,0.19850275449790308
402000,0.1976635962791653
403000,0.1982377503232754
404000,0.19697158608436183
405000,0.1971551253470552
406000,0.1971274887890362
407000,0.19707794191387204
408000,0.19689958693359125
409000,0.1965507722713507
410000,0.1965112548037827
411000,0.1959756204077608
412000,0.19550259309268953
413000,0.1964609811238113
414000,0.19589916727970927
415000,0.19692963842706274
416000,0.19839849304875348
417000,0.19812350238679693
418000,0.19813549664586264
419000,0.1985264374635125
420000,0.19830442222508682
421000,0.19722969251314817
422000,0.1961138524091938
423000,0.19615370705722449
424000,0.19614532399735157
425000,0.19640544873782506
426000,0.19420278660652535
427000,0.19344546893993095
428000,0.1924297149363592
429000,0.19231678133625166
430000,0.19227607447766615
431000,0.19296060146811064
432000,0.19374357314346038
433000,0.19380467997220216
434000,0.19405379341940443
435000,0.19522326787402386
436000,0.1948387095604349
437000,0.19293858294403293
438000,0.19282337728874152
439000,0.1944750051503687
440000,0.19520168103735439
441000,0.1945974480159525
442000,0.19461680301789314
443000,0.19481805863393378
444000,0.19449661973700227
445000,0.19491939776137818
446000,0.19572260381902293
447000,0.19609374331461923
448000,0.19626849100762195
449000,0.19794344539564004
450000,0.1984718810025587
451000,0.1972012539236702
452000,0.19604950223956133
453000,0.19636771185582702
454000,0.1959674871950582
455000,0.19605508961471974
456000,0.19769854979234844
457000,0.19740135402437908
458000,0.19695216541554558
459000,0.19841520554316647
460000,0.1998123879554543
461000,0.19864716910651953
462000,0.19948892202613075
463000,0.19921876265770247
464000,0.19845352167318223
465000,0.1993778353093773
466000,0.1982994997824884
467000,0.1987777056443216
468000,0.1981668386765274
469000,0.19745354478761065
470000,0.1993891021462735
471000,0.19966498779562916
472000,0.19987526868257693
473000,0.20049595017420557
474000,0.20031987374913623
475000,0.19914008336707673
476000,0.197599188720841
477000,0.19718902959510703
478000,0.19789088064413735
479000,0.19762776753348163
480000,0.19813078364127576
481000,0.19688615167898632
482000,0.19720820542251502
483000,0.19729096877157523
484000,0.19859250579978435
485000,0.1981265055406059
486000,0.19995880185774037
487000,0.1986733286255731
488000,0.19948452757993637
489000,0.19982265857096335
490000,0.2003454434450531
491000,0.20125211756933653
492000,0.20124437973719012
493000,0.20216312715443777
494000,0.2022939903257564
495000,0.20315497704893767
496000,0.20207187134091623
497000,0.20286978577323547
498000,0.20367373818143356
499000,0.20127589536073742
500000,0.20122210764519338
501000,0.20139998239207865
502000,0.20083406556475292
503000,0.20083182557287219
504000,0.2009510494146919
505000,0.20239164788233494
506000,0.20417636823377097
507000,0.20481035296902148
508000,0.20466655368827713
509000,0.20375642448567077
510000,0.2036312880612551
511000,0.20407589573414583
512000,0.20300639160845632
513000,0.20364277234747272
514000,0.20270048776028407
515000,0.2024087002674769
516000,0.20143485374933243
517000,0.20067307905749518
518000,0.19989906828001813
519000,0.1993760190159251
520000,0.19935316570572473
521000,0.19864021925360745
522000,0.19770851780273607
523000,0.19861544349767768
524000,0.19899868051213723
525000,0.19863997139690623
526000,0.19885970851550525
527000,0.19929409045499225
528000,0.19932477790497338
529000,0.19875823333571485
530000,0.19801826633221714
531000,0.19859914516371766
532000,0.19848115978913541
533000,0.1977570525715152
534000,0.1986362041099425
535000,0.1994015187416396
536000,0.2004077590102766
537000,0.20064084577705624
538000,0.199062255746759
539000,0.19981768925089785
540000,0.19943491803500035
541000,0.19878108249123244
542000,0.19992994865193864
543000,0.20070370181222313
544000,0.2005144228632067
545000,0.201655370277627
546000,0.20168132316046958
547000,0.20106981553351164
548000,0.20152698288150334
549000,0.20145864237907035
550000,0.20157591361323168
551000,0.20324511791157845
552000,0.2039489591167243
553000,0.2038753607055371
554000,0.20453800878973435
555000,0.20331379190391058
556000,0.20315531955206356
557000,0.20277977087615368
558000,0.2024842482767354
559000,0.20156017673879625
560000,0.20233558201385834
561000,0.20205957324427193
562000,0.20090582897305553
563000,0.2015731059585205
564000,0.19973080131538073
565000,0.19962434810062926
566000,0.20011736166236915
567000,0.2017743147796785
568000,0.2025279718710191
569000,0.2033416310107162
570000,0.20311798612420848
571000,0.2038218242187831
572000,0.20166804109271555
573000,0.20160674551541127
574000,0.2019277673736245
575000,0.20266506980643786
576000,0.20080806916943356
577000,0.2013410410226569
578000,0.20066943418488703
579000,0.20159125538001785
580000,0.20106596289952858
581000,0.2001578577915405
582000,0.20012959888843204
583000,0.2004010235515855
584000,0.2012026238159959
585000,0.20028926554275592
586000,0.200327353069921
587000,0.1995044425111728
588000,0.19945554854319453
589000,0.20104381189994797
590000,0.20113428246215204
591000,0.20124958611749225
592000,0.20112996156566953
593000,0.19970758679159703
594000,0.20022483637189611
595000,0.20042243363090148
596000,0.1993867191106126
597000,0.19920788546366675
598000,0.19880819728031907
599000,0.1987491039641576
600000,0.19687348773712948
601000,0.19839089075061808
602000,0.19836064750216315
603000,0.19761475452085436
604000,0.19922810612444963
605000,0.19986732186567344
606000,0.2000094625283367
607000,0.19954948765389138
608000,0.1980058558828197
609000,0.19618064620474474
610000,0.19685801110263015
611000,0.19573735656399013
612000,0.19627715822479705
613000,0.19469666625505788
614000,0.19551933907624344
615000,0.19631079721155859
616000,0.19505383116168434
617000,0.19513800384845287
618000,0.19615718128453005
619000,0.1968872260901398
620000,0.19721813602129754
621000,0.19702439150671297
622000,0.1966473474446454
623000,0.1979588378290009
624000,0.19582774808575465
625000,0.19699875888624305
626000,0.1962614446926735
627000,0.1947291930776539
628000,0.193655187667625
629000,0.19304928696750057
630000,0.19391469620223106
631000,0.1935633626087447
632000,0.19339677906477803
633000,0.19208175378482878
634000,0.19351888160801814
635000,0.19230725544738791
636000,0.19469648553242017
637000,0.19405493091268103
638000,0.19503444517688256
639000,0.1951743333362196
640000,0.19658544473015976
641000,0.1971463393843495
642000,0.1975128543300894
643000,0.1971900786096153
644000,0.19734492075360605
645000,0.19772335820118156
646000,0.1976088343667056
647000,0.1984425960801559
648000,0.19756522133740018
649000,0.19770498411372844
650000,0.197690113797803
651000,0.1982485409863417
652000,0.19906386484009425
653000,0.19966183839058352
654000,0.20083802135924111
655000,0.200771887106061
656000,0.20084054109924035
657000,0.199152913231328
658000,0.19982848708010403
659000,0.19978466556712976
660000,0.20023703774920756
661000,0.2006672389100678
662000,0.20085158227564373
663000,0.20159435965854983
664000,0.2014484705372412
665000,0.20005444963042734
666000,0.20024070054735926
667000,0.19998209644757367
668000,0.2008719065782335
669000,0.201437194549843
670000,0.20233666469991152
671000,0.20324404894131823
672000,0.20239130818721526
673000,0.2036676299101946
674000,0.20490788289533013
675000,0.2041090779904713
676000,0.2052364821763468
677000,0.20589729190448794
678000,0.20631953496133074
679000,0.20626583165291756
680000,0.2061533951592388
681000,0.20556468950466747
682000,0.20630981554972785
683000,0.20463279271060691
684000,0.20492173527285973
685000,0.20680614992746904
686000,0.20652793426083196
687000,0.20553354834784215
688000,0.20362711509949913
689000,0.20240082359184103
690000,0.19948417738823843
691000,0.19926761857265707
692000,0.199270373783031
693000,0.1987524582536714
694000,0.19960331862423283
695000,0.19943072226279526
696000,0.19858443535517736
697000,0.19997948752250141
698000,0.2000805647195631
699000,0.20045809013917942
700000,0.19984413603979792
701000,0.20068754159396848
702000,0.1991128768212742
703000,0.19948150911777565
704000,0.19951923174947878
705000,0.1996696096670339
706000,0.19995507355367387
707000,0.20043433878781525
708000,0.20033199860331635
709000,0.20084739524992876
710000,0.19904861407437976
711000,0.19836333768868222
712000,0.19861953298971594
713000,0.19912296400633436
714000,0.19945481455275008
715000,0.1987092196124819
716000,0.1990720725339964
717000,0.19997306698376502
718000,0.20074691091797997
719000,0.20108945997610442
720000,0.20275284191217072
721000,0.20132517682834178
722000,0.20040647635664233
723000,0.20057888720749323
724000,0.2013899217005505
725000,0.2010111453770892
726000,0.1995442900384065
727000,0.20011889363450136
728000,0.2005914819922225
729000,0.20220299604734798
730000,0.2023936225253646
731000,0.2039292549713813
732000,0.20322592458782088
733000,0.20516509019250906
734000,0.20446316240049187
735000,0.20458534874949408
736000,0.20374312482369433
737000,0.2040215474885222
738000,0.20252852324395948
739000,0.2030270438617684
740000,0.20352188091944498
741000,0.20412123827525608
742000,0.2040778402461404
743000,0.20468927421827332
744000,0.20555636947591702
745000,0.205560843061451
746000,0.20606931295818054
747000,0.20623018056716372
748000,0.20700372576611148
749000,0.20655676881259025
750000,0.20675019550604748
751000,0.20579089208880738
752000,0.20596124110176936
753000,0.2058011784268064
754000,0.20351255315456732
755000,0.20466004994354922
756000,0.20516677982110423
757000,0.2061505960732892
758000,0.2053339332608483
759000,0.2056633039434272
760000,0.20697761196894313
761000,0.20586076846022233
762000,0.20597931654423998
763000,0.20490991523667582
764000,0.20546627250856064
765000,0.20558579929980708
766000,0.20545622284300863
767000,0.20543455857583445
768000,0.204040602687901
769000,0.2040336285904084
770000,0.20325607500672835
771000,0.20415634496066645
772000,0.2041519208319918
773000,0.20439363694503743
774000,0.20254900887019278
775000,0.2023243172861201
776000,0.20213180223938954
777000,0.20156152091207974
778000,0.20151425617431404
779000,0.2039817690430011
780000,0.20605933917352662
781000,0.20676420430933
782000,0.2067333484023772
783000,0.20573831754395494
784000,0.20638737315381495
785000,0.20631515387467853
786000,0.20448801699852795
787000,0.2041036198905246
788000,0.2028088915007182
789000,0.20100000564533213
790000,0.20167340381439766
791000,0.199762236745667
792000,0.20015680795897162
793000,0.199342619891063
794000,0.1992744881704396
795000,0.19834267196116948
796000,0.1975427764137248
797000,0.19873052160221827
798000,0.19824216293393204
799000,0.19919665509956647
800000,0.2001535998783516
801000,0.20036777903251254
802000,0.19915037116170248
803000,0.19860366796508738
804000,0.19941315096362608
805000,0.19911877827352162
806000,0.20133128109461235
807000,0.20185821016459093
808000,0.20231204481181722
