1000,0.3441829163457204
2000,0.27822477581726074
3000,0.2680590766284434
4000,0.2935087440942697
5000,0.32963143949627133
6000,0.3339527038816586
7000,0.33216839346670807
8000,0.33119092497214503
9000,0.3460790757702602
10000,0.3410294761466556
11000,0.3411879304197756
12000,0.3339052331360439
13000,0.3283817680254047
14000,0.3231587567080189
15000,0.3295929187929626
16000,0.3236977656109262
17000,0.3238873258320774
18000,0.3337515541158147
19000,0.3269286150995899
20000,0.32559377015130636
21000,0.33258816849349754
22000,0.33436586138811947
23000,0.3276108727061566
24000,0.3170976292006683
25000,0.3124509864411625
26000,0.31239909869077437
27000,0.3134742833450863
28000,0.3072552385294975
29000,0.3053610852000713
30000,0.3052507350595529
31000,0.3022645173263633
32000,0.30208508153916924
33000,0.29715852102866885
34000,0.295863387749934
35000,0.2953804527946636
36000,0.2958505234105969
37000,0.29421415007540014
38000,0.291091440238953
39000,0.2942846451574754
40000,0.29563583537662225
41000,0.2957225764394248
42000,0.29455339437986755
43000,0.2973974868192158
44000,0.29549602577762785
45000,0.2938884767172807
46000,0.2923594856189663
47000,0.2932139302543601
48000,0.29404700616642787
49000,0.29188676149267767
50000,0.29364350498950526
51000,0.2952517736522658
52000,0.29450933954734637
53000,0.2927709271554478
54000,0.294547411242952
55000,0.293035545166994
56000,0.29295291718748806
57000,0.2925993456578773
58000,0.29271507577132694
59000,0.29098488275211454
60000,0.2908620271974354
61000,0.2897020166894367
62000,0.2882066780177444
63000,0.28671754451774595
64000,0.2886039596015114
65000,0.287576764622442
66000,0.28655318430838916
67000,0.2856324953486059
68000,0.2858152859583789
69000,0.2848069658738555
70000,0.2887491097696927
71000,0.2889150370710405
72000,0.289463683916935
73000,0.2900152527372678
74000,0.29103984125878796
75000,0.29409506784922956
76000,0.29304115547532905
77000,0.2926892212478687
78000,0.2925929094977888
79000,0.29096541628571737
80000,0.2908459536726312
81000,0.2912243749823376
82000,0.2913822818471994
83000,0.293401562782137
84000,0.2937720090065052
85000,0.2961059412094697
86000,0.2939057179536523
87000,0.29563457025544354
88000,0.2928736086222194
89000,0.29378363996954815
90000,0.29432032530473373
91000,0.29256853771782143
92000,0.29293653796288466
93000,0.29281730660084365
94000,0.2918118997986701
95000,0.2899537465915875
96000,0.2898167927675147
97000,0.2895573848000504
98000,0.2886906377713246
99000,0.29005891328164873
100000,0.28898206017310835
101000,0.28910587776117547
102000,0.2886619950711028
103000,0.28691503455781675
104000,0.2860689098185662
105000,0.28609622009826835
106000,0.2851883810215603
107000,0.2846697038009875
108000,0.285709214387708
109000,0.2862245051235102
110000,0.28470383636709184
111000,0.2831474598940016
112000,0.28410153029674495
113000,0.2839862176982028
114000,0.28389170343888
115000,0.2811814494228661
116000,0.2821990226518853
117000,0.28001550194991615
118000,0.27970525737589697
119000,0.27872360826700676
120000,0.27853976664724245
121000,0.27798308942576605
122000,0.27737216127785985
123000,0.2776763221625271
124000,0.2741680542659244
125000,0.2743777911312002
126000,0.2744329586117127
127000,0.2725994838356304
128000,0.2724584560497202
129000,0.2712485176975392
130000,0.2725419449579788
131000,0.27236211937676363
132000,0.27128256169470194
133000,0.2714675064753535
134000,0.2726312254536988
135000,0.27444118290345354
136000,0.2758260983956067
137000,0.27594897946739033
138000,0.27538331819220413
139000,0.2785531969320427
140000,0.2792198944288082
141000,0.2784610899497354
142000,0.27961643876273284
143000,0.2789138278596944
144000,0.2790393096896242
145000,0.2782305265215063
146000,0.27863111521551526
147000,0.2807999669868227
148000,0.2798696482890724
149000,0.27947412453081394
150000,0.2795677669868278
151000,0.27974567544212486
152000,0.28012539923575974
153000,0.27941966215205766
154000,0.27876047113226576
155000,0.2786099838087633
156000,0.27954758743243346
157000,0.2786314992337193
158000,0.2794696545600855
159000,0.2808980965926914
160000,0.279490700328647
161000,0.2779426682527396
162000,0.27865351889948786
163000,0.27713440984189835
164000,0.2762887348105829
165000,0.27814278176917084
166000,0.27678799296746215
167000,0.2769496641114232
168000,0.27715889549121725
169000,0.2791702050035865
170000,0.2760765803883756
171000,0.27645177221256767
172000,0.27598600886704666
173000,0.2761756824139696
174000,0.2779275037607939
175000,0.27930218941892565
176000,0.2759810110617014
177000,0.2756457403604845
178000,0.274989600869226
179000,0.27248285126583993
180000,0.2726823529730856
181000,0.27160129968150365
182000,0.2708085526734207
183000,0.2698831368833667
184000,0.26891009712680775
185000,0.2706184012063506
186000,0.26961068406147465
187000,0.2689263230021313
188000,0.269392298819298
189000,0.26837054470393273
190000,0.26817349138800056
191000,0.26725859922284717
192000,0.26599753709176993
193000,0.2670564841173718
194000,0.26649218892945065
195000,0.2682647353416352
196000,0.2659384287076502
197000,0.26626676461076465
198000,0.26678541267061323
199000,0.2647181305600946
200000,0.2656335468954885
201000,0.2665528868367762
202000,0.2689146759749066
203000,0.26908330017881904
204000,0.2692435463760505
205000,0.2701020573179002
206000,0.26915033466394017
207000,0.2698979233954134
208000,0.27028890344328
209000,0.2690638607178537
210000,0.2702698182827886
211000,0.2701249404255159
212000,0.26985550041610146
213000,0.2697388399311863
214000,0.269710403233756
215000,0.2697726452015728
216000,0.2702688214136514
217000,0.27063195046112115
218000,0.2696154883661742
219000,0.2720836363098122
220000,0.27115762391014314
221000,0.2706719494096469
222000,0.2694427095202749
223000,0.2686284573115062
224000,0.27058644903782514
225000,0.27106040853643687
226000,0.27087945874458086
227000,0.26997297219977623
228000,0.26899203281751083
229000,0.27019311056091433
230000,0.2691740060677422
231000,0.2698212451359296
232000,0.2689692685542268
233000,0.26854139972672847
234000,0.26825449496617665
235000,0.26816828137938
236000,0.26943438432511096
237000,0.26986446748236564
238000,0.271878341421027
239000,0.27150998352229466
240000,0.27198132604777
241000,0.27096720416507913
242000,0.2690459421059545
243000,0.2696553049927676
244000,0.2705865823003501
245000,0.26894074152340247
246000,0.26689119525485944
247000,0.26717275041464295
248000,0.26514128933594866
249000,0.26695703643380425
250000,0.2665426554518158
251000,0.26535271402914723
252000,0.2641965725330611
253000,0.2621089963915081
254000,0.2635008354338636
255000,0.26410401035946174
256000,0.26201679652156873
257000,0.2629285747789658
258000,0.26355937111042754
259000,0.2635573097069869
260000,0.2647965067170235
261000,0.2638312208359323
262000,0.26212401305753813
263000,0.2620076439950487
264000,0.26211306340419666
265000,0.26276403082079686
266000,0.2635788797718578
267000,0.2639611912201972
268000,0.26613424716580947
269000,0.2670564183420089
270000,0.26942068007624864
271000,0.2687550929208268
272000,0.26983710300597324
273000,0.2725842676455216
274000,0.2726805635180992
275000,0.27175287197877956
276000,0.27339041923170976
277000,0.2758717369635896
278000,0.2759318058603685
279000,0.2736656130287301
280000,0.274224411722307
281000,0.2745469261103093
282000,0.2750335618658626
283000,0.2771623737743307
284000,0.2782659966092511
285000,0.27865190316864913
286000,0.2777974285783888
287000,0.27908101559955295
288000,0.280806162347021
289000,0.28091270527089285
290000,0.2818400738836606
291000,0.28482979916714835
292000,0.2846500387602336
293000,0.2837140913476818
294000,0.2830848735159507
295000,0.28317775225047326
296000,0.28311147478052956
297000,0.28243756047515434
298000,0.2833288364092615
299000,0.28209696088364195
300000,0.28357822170330665
301000,0.28375339023065205
302000,0.2845404830097876
303000,0.28460416040520947
304000,0.2875581397228041
305000,0.2874733801611152
306000,0.2852381921221429
307000,0.28545585678942353
308000,0.2845586399389985
309000,0.2845482722483453
310000,0.28426938978185795
311000,0.2835253942911344
312000,0.28465451637717887
313000,0.2853175525963994
314000,0.28609937593269236
315000,0.28698646942822886
316000,0.2879865394892317
317000,0.287603431541762
318000,0.2879672686840993
319000,0.2867233453837783
320000,0.28602263368703573
321000,0.28505774434384795
322000,0.2832593279664896
323000,0.28211558273149706
324000,0.28468579902325725
325000,0.2859343495191131
326000,0.2849806427785974
327000,0.28796908955499406
328000,0.2881049984983524
329000,0.28770192662271804
330000,0.2892818984049983
331000,0.29161499522857814
332000,0.2923499918347639
333000,0.2921000333232565
334000,0.29205392165052185
335000,0.2913547342618276
336000,0.2932649045742475
337000,0.2919462447111595
338000,0.292156619665614
339000,0.29429915365812154
340000,0.29283353874572554
341000,0.2948790848026374
342000,0.297728268640259
343000,0.2967354988311869
344000,0.2957469019549275
345000,0.29699030467852267
346000,0.2974518705000112
347000,0.29953066681347107
348000,0.29749212314760676
349000,0.2969671828570663
350000,0.29742749646094335
351000,0.298829480247429
352000,0.2984128665442779
353000,0.2998109928637347
354000,0.30083294816530837
355000,0.3016140921871036
356000,0.3017923997668362
357000,0.3030840434582388
358000,0.30181104788728136
359000,0.301167791450505
360000,0.30282789489918926
361000,0.3026554015241262
362000,0.30182742581262506
363000,0.3006462536849115
364000,0.3015220130622616
365000,0.300422223815982
366000,0.30176226308464676
367000,0.30309872145305244
368000,0.30116647301959926
369000,0.2993537460055636
370000,0.2993175816693669
371000,0.3002447624684569
372000,0.2989455367448305
373000,0.2962517602356443
374000,0.2961781108168653
375000,0.29538522192724237
376000,0.2968842081415852
377000,0.2952458041678013
378000,0.29474846964693086
379000,0.2964599397153646
380000,0.2952096083945893
381000,0.2945845251258909
382000,0.2921946292040504
383000,0.2925553425383421
384000,0.29097749072914647
385000,0.2905208955933808
386000,0.289622550392208
387000,0.2903584541885672
388000,0.2892487106014738
389000,0.2895581470274154
390000,0.2899734760379359
391000,0.2904968209526196
392000,0.29120410222412085
393000,0.29136233573699405
394000,0.2932540780416621
395000,0.29120636682462137
396000,0.28767005794740846
397000,0.28917728526186903
398000,0.28904466934356915
399000,0.29000964137844026
400000,0.2900889435213521
401000,0.28981796030452744
402000,0.2892729342920602
403000,0.28896348305180086
404000,0.28884937721317544
405000,0.28828133079815715
406000,0.28865332698748336
407000,0.2876442191273726
408000,0.28636767025931714
409000,0.2845994624731236
410000,0.284376995672112
411000,0.28346581712281654
412000,0.28461120897657977
413000,0.28576044629902553
414000,0.2843571027513117
415000,0.2856504933525043
416000,0.28838619232273677
417000,0.28788965135834005
418000,0.28829924955410136
419000,0.2869310248374598
420000,0.28578038230887737
421000,0.28680926156774056
422000,0.2870554725812358
423000,0.28669596893733745
424000,0.28519729246260545
425000,0.2852686043731808
426000,0.2839517427952105
427000,0.2821019177131736
428000,0.28190522351215563
429000,0.2784882604613083
430000,0.2772743718970492
431000,0.2784043960035335
432000,0.27601986918277155
433000,0.2765292959528552
434000,0.27831830365128696
435000,0.2778331208245011
436000,0.2767900734837382
437000,0.27713225115614637
438000,0.2772014139515321
439000,0.2801834092351384
440000,0.2811946878358934
441000,0.28079592117220076
442000,0.28304904650873325
443000,0.28260929704818
444000,0.2847211119856209
445000,0.28563459907743566
446000,0.2839967858431311
447000,0.2834764891625592
448000,0.2829757558260356
449000,0.2827797371128006
450000,0.2835054379770796
451000,0.2810394173973687
452000,0.2805221753364748
453000,0.2834029657967193
454000,0.28270764133212084
455000,0.2821268548851926
456000,0.28317973005983743
457000,0.2815739264595985
458000,0.28062009972926355
459000,0.2817372742044392
460000,0.2823764880572196
461000,0.28218010538799754
462000,0.28192377177931716
463000,0.28143743616130285
464000,0.2820977579009863
465000,0.28107228802597034
466000,0.2813930054550594
467000,0.28271546756744576
468000,0.2832948383722179
469000,0.2823968089427333
470000,0.28339296227835226
471000,0.28313872595848827
472000,0.28501234991284574
473000,0.2869663509736915
474000,0.28641216384794393
475000,0.2855491903284248
476000,0.28450755396036853
477000,0.2834463292746261
478000,0.28473898031969863
479000,0.2836374703571357
480000,0.28340959628924406
481000,0.2813615965411831
482000,0.28027824275931507
483000,0.27977030457857316
484000,0.28066503003057064
485000,0.2792245779650423
486000,0.2824976075420973
487000,0.2829842209416521
488000,0.2849338737322334
489000,0.28469150755033856
490000,0.2855199344932985
491000,0.28428771966525945
492000,0.28366302416109973
493000,0.2839263629032131
494000,0.2822032124189172
495000,0.2831315330990916
496000,0.28013345886018953
497000,0.2791114212170925
498000,0.27947755744164177
499000,0.27753323457657236
500000,0.27864469063818453
501000,0.28105888370654974
502000,0.27895079354472807
503000,0.27949682377983065
504000,0.27875506935466
505000,0.2782061559604501
506000,0.28084904629255314
507000,0.2822979510588789
508000,0.2817699605456386
509000,0.282245036470846
510000,0.28108836272656706
511000,0.2823059750763941
512000,0.28313720260283215
513000,0.2828245432032897
514000,0.28384059852784616
515000,0.284361974796863
516000,0.2852273195300004
517000,0.28386881173987805
518000,0.2832529039884387
519000,0.2828277111219974
520000,0.2812302096193194
521000,0.2790501293235985
522000,0.2785748112934299
523000,0.28005600534227926
524000,0.28017897311447243
525000,0.28005624948455643
526000,0.28029261460771876
527000,0.28029175910692383
528000,0.2822686965993895
529000,0.28352823464541416
530000,0.2831277279422304
531000,0.284771790346509
532000,0.28538649212191947
533000,0.28655952380372074
534000,0.28877743991558746
535000,0.2906122969972355
536000,0.2922281805594395
537000,0.2925480417671914
538000,0.2899463702350315
539000,0.2906325073003768
540000,0.2885647245218749
541000,0.2879388336760097
542000,0.28913143574672256
543000,0.289035448913912
544000,0.2860395736984058
545000,0.2857992135499897
546000,0.2838326183440021
547000,0.28346223557826444
548000,0.28116499290530045
549000,0.2799234419175641
550000,0.2779966487608399
551000,0.27942540439366803
552000,0.2776982209281333
553000,0.2784930754300672
554000,0.278097896358874
555000,0.27623444776368666
556000,0.2770526542418339
557000,0.27679184769740645
558000,0.2770130284857278
559000,0.2749604127362461
560000,0.2752975416352109
561000,0.2762331306056434
562000,0.27496749036724427
563000,0.2763946639794229
564000,0.2757477301429691
565000,0.2728064461912546
566000,0.27235795456307754
567000,0.2750111368968538
568000,0.27637507026143004
569000,0.2781160579350122
570000,0.27837118406563277
571000,0.27948803888367374
572000,0.27885757101559294
573000,0.27780745508861426
574000,0.27716840002153426
575000,0.2785350715896508
576000,0.2750806836925291
577000,0.2744091952330717
578000,0.27243495340273777
579000,0.27269000567669194
580000,0.2719601117946518
581000,0.2724642982379461
582000,0.2760849346171015
583000,0.27536135720339305
584000,0.27603972113179065
585000,0.2758915688487258
586000,0.27668294954645206
587000,0.2776366340209656
588000,0.27629761655985885
589000,0.27822981113707534
590000,0.2777536011089206
591000,0.2773367870754937
592000,0.2758898416694585
593000,0.2756253534052004
594000,0.2741676366980748
595000,0.2754122835340295
596000,0.274097458143311
597000,0.27533413491763475
598000,0.27563593151503735
599000,0.27569848770403177
600000,0.27374646437139827
601000,0.2771087912689362
602000,0.2776650097650767
603000,0.27653092898681403
604000,0.2780330613863405
605000,0.2767110018235591
606000,0.2757140629275609
607000,0.2767984701555263
608000,0.27524721672039765
609000,0.2753387963641387
610000,0.27655276128213996
611000,0.27271641301718624
612000,0.2703510449477551
613000,0.27147580440531305
614000,0.2712534768734286
615000,0.2706828311766758
616000,0.269318642638586
617000,0.27076360027576846
618000,0.2721399493562096
619000,0.27229932555161745
620000,0.2734641007001652
621000,0.2737558870703223
622000,0.27333778341511755
623000,0.2731615101597632
624000,0.27303712052458307
625000,0.273575691498886
626000,0.2754422708412778
627000,0.276643781303054
628000,0.27683764080406287
629000,0.2752312197781034
630000,0.2768534271287531
631000,0.2758928394352123
632000,0.27718757589303106
633000,0.27598463875627943
634000,0.27697168766142005
635000,0.2778729253330293
636000,0.28110188242411915
637000,0.28084400422757855
638000,0.2800026573472011
639000,0.2807355733067619
640000,0.27950288640773635
641000,0.27783882013441336
642000,0.2776095467751029
643000,0.2764052551120524
644000,0.27526120041996577
645000,0.27618095952772265
646000,0.2781340123091632
647000,0.27781125646257193
648000,0.2769360930342308
649000,0.2769082630571081
650000,0.2770087488033915
651000,0.2783778986635552
652000,0.2786069218727482
653000,0.27931110018023575
654000,0.28028700890359354
655000,0.27968638797720047
656000,0.2808300132880311
657000,0.2810483226574955
658000,0.28274062273575035
659000,0.28269483688256025
660000,0.2818663225885793
661000,0.2842192615092192
662000,0.28469601647668413
663000,0.28477101916957975
664000,0.2846412881604406
665000,0.28182313073874454
666000,0.2825488005508423
667000,0.2820485839910683
668000,0.2811305471126953
669000,0.28334906474729565
670000,0.2842930027118018
671000,0.28294542745433227
672000,0.2803686864467511
673000,0.2790930640971795
674000,0.27931461405890023
675000,0.2778808922575371
676000,0.27995102323825904
677000,0.28108042876658157
678000,0.2837759245525999
679000,0.2827095620522683
680000,0.2841058046801457
681000,0.28351653259507165
682000,0.2854075498273437
683000,0.28491170988771014
684000,0.2842998386240809
685000,0.2859344128358787
686000,0.2837873773949321
687000,0.2840474030581337
688000,0.2831940771115217
689000,0.28281936834621396
690000,0.2814296358190791
691000,0.28215293797527485
692000,0.28284913962998487
693000,0.28213641601109213
694000,0.28231057296194123
695000,0.28228487256985385
696000,0.2811333947803648
697000,0.28113114290174046
698000,0.2817494873102119
699000,0.28059396170772993
700000,0.2805161517065409
701000,0.28038016100729063
702000,0.2786624114919242
703000,0.2815829350483446
704000,0.2835816782976058
705000,0.2815808974554467
706000,0.2819278849931266
707000,0.28490718560398726
708000,0.28485837268169484
709000,0.284776579796699
710000,0.28523943785168837
711000,0.2847814267733645
712000,0.2862827796898947
713000,0.28693651695762307
714000,0.2864731582345656
715000,0.2867351871964258
716000,0.2874985103984798
717000,0.28879647214745546
718000,0.29093284914150397
719000,0.2900414964872164
720000,0.29128190296503687
721000,0.28987680972127905
722000,0.2864057108516918
723000,0.28538006213028494
724000,0.28526113575422996
725000,0.28561644330009966
726000,0.28485548815008793
727000,0.2859878731480276
728000,0.2866712839878248
729000,0.28981440809124775
730000,0.2880963404298529
731000,0.28531379855755123
732000,0.28311469283669183
733000,0.28533545403029154
734000,0.2847677226341815
735000,0.2847491802777522
736000,0.28302094763945257
737000,0.28204643831536375
738000,0.28126752830492147
739000,0.28063966311604965
740000,0.27910711659480847
741000,0.2800619499513498
742000,0.2809853792343259
743000,0.2812629706056329
744000,0.28073868474017555
745000,0.28094191615353326
746000,0.28053249184742507
747000,0.2820958993954191
748000,0.2826154951163479
749000,0.28191100620237536
750000,0.27970924881991605
751000,0.2802709269292269
752000,0.2807270391123013
753000,0.28135441389190746
754000,0.2812845593745957
755000,0.28108124841293425
756000,0.2815892174372191
757000,0.2821992736682471
758000,0.28098485634480014
759000,0.2813217467511005
760000,0.2789892570200378
761000,0.2768499297304949
762000,0.2769732079265141
763000,0.27703071903836485
764000,0.2752502864142467
765000,0.2755542849478738
766000,0.2770131196965971
767000,0.27676030323477474
768000,0.27672206139868855
769000,0.27698186515960926
770000,0.2756320904144973
771000,0.2767712817130389
772000,0.2774209976053046
773000,0.2762002153100543
774000,0.275483088759247
775000,0.27803884502959697
776000,0.2770912394568422
777000,0.27526669960843103
778000,0.27517274111494655
779000,0.2774432549786889
780000,0.2763458822821802
781000,0.2771509994741934
782000,0.2755151913015674
783000,0.274917589436107
784000,0.27661326858800134
785000,0.2768357011337367
786000,0.27396824557173205
787000,0.27595699403165985
788000,0.2761841726046986
789000,0.27603563020539457
790000,0.2779497463966958
791000,0.2773984028633954
792000,0.27907116082611244
793000,0.27931274163549075
794000,0.27754717179672866
795000,0.2768957927565803
796000,0.2766862043303309
797000,0.27569098590239377
798000,0.2767061860572795
799000,0.27783482739117205
800000,0.27946324011209456
801000,0.2790287208938527
802000,0.27855643544368036
803000,0.2791327418327088
804000,0.2796644239726253
805000,0.27922300389961596
806000,0.27962601746908894
807000,0.277993344719465
808000,0.2758189629761504
