1000,0.08568485612049699
2000,0.0716207436285913
3000,0.07805676812616487
4000,0.07660252599744126
5000,0.07715763517655433
6000,0.07503047404655566
7000,0.07255596036224493
8000,0.07095858754473738
9000,0.07161634458332426
10000,0.06965278015937656
11000,0.06900119444101371
12000,0.0675532586678552
13000,0.06533770736020345
14000,0.06408625007939658
15000,0.06440986852782468
16000,0.06191711356805172
17000,0.06106836311245228
18000,0.060595898552694254
19000,0.059335375856608155
20000,0.05865890735760331
21000,0.05848557072735968
22000,0.05858962988819588
23000,0.05783071038515671
24000,0.05650642854549612
25000,0.05552010521478951
26000,0.055278476239002956
27000,0.05574006196542609
28000,0.05496183671805609
29000,0.05432645872331642
30000,0.05430792054006209
31000,0.054271596540967304
32000,0.054167487658560276
33000,0.053692237925574635
34000,0.05353385139092365
35000,0.05376581150506224
36000,0.053962277611976285
37000,0.05348706102577617
38000,0.0532793073155182
39000,0.05320541428593107
40000,0.05372354529099539
41000,0.05378330757886898
42000,0.0536562963632778
43000,0.05367255819268352
44000,0.05424088939431716
45000,0.054361426842709386
46000,0.05427046229293489
47000,0.054027648300843986
48000,0.05393869132482602
49000,0.053658806282684816
50000,0.05366374413017184
51000,0.05358364574392052
52000,0.053402395988814536
53000,0.05305258547272182
54000,0.053163311691713275
55000,0.05296793006106534
56000,0.05298066822495977
57000,0.052597127300727985
58000,0.052527641524071
59000,0.05242116183527919
60000,0.05219637726103732
61000,0.05193399261801549
62000,0.051847977594344785
63000,0.05176163289662716
64000,0.051914813693110774
65000,0.05195378673244984
66000,0.05176851384422855
67000,0.05181470639680499
68000,0.05163897095669253
69000,0.05166009261013022
70000,0.05202887174191086
71000,0.05204277272896946
72000,0.05186370872527025
73000,0.051926517767723245
74000,0.051746949469009915
75000,0.05175985653062041
76000,0.051527916939506355
77000,0.05151976023168702
78000,0.05140536494108323
79000,0.05113705938749746
80000,0.051030467561649855
81000,0.050896159995686446
82000,0.05082345624474195
83000,0.050731638506341006
84000,0.05069346872443843
85000,0.05063584496910848
86000,0.05031803335959287
87000,0.05026379535148648
88000,0.05006091216782806
89000,0.0501658029656784
90000,0.05005789639648153
91000,0.04983808384136205
92000,0.049791879597772926
93000,0.04962434313342636
94000,0.04953179076039034
95000,0.04933754463300207
96000,0.049333403354224474
97000,0.04918437078463144
98000,0.04913786783474688
99000,0.04906922752058811
100000,0.049017941427067856
101000,0.048817067864933054
102000,0.04861534906423185
103000,0.04797345087502618
104000,0.04752527266007382
105000,0.047199894759920424
106000,0.046952311338973235
107000,0.0467813796751434
108000,0.046693611710914414
109000,0.04645074933080468
110000,0.046284918837831354
111000,0.04613551002333406
112000,0.04633781293558423
113000,0.046407109065097756
114000,0.046239221947849726
115000,0.045946087207994424
116000,0.04620738067186903
117000,0.04623955966660287
118000,0.04603907134768087
119000,0.04598508867819328
120000,0.04589888389327098
121000,0.045834323929739185
122000,0.045639124943991194
123000,0.04558997525938321
124000,0.04585194180172402
125000,0.04585623490659054
126000,0.04571339449996594
127000,0.045364983998122624
128000,0.045407068272936155
129000,0.045341611125157215
130000,0.045246800384134984
131000,0.045057383363717236
132000,0.04485156539699529
133000,0.04496813159168232
134000,0.04490101229620632
135000,0.04475603588984813
136000,0.04471481464046519
137000,0.04499839573248755
138000,0.044923244092497046
139000,0.04500279618042987
140000,0.044814570787246336
141000,0.04472122772212606
142000,0.04489474640355911
143000,0.04457450703892391
144000,0.04403971814771648
145000,0.043724364384426735
146000,0.04359288445522543
147000,0.04360595379199367
148000,0.04364805385645013
149000,0.04358582145429682
150000,0.0435054729791591
151000,0.04332616554631386
152000,0.043248953287606126
153000,0.04323154375853483
154000,0.042931433077086696
155000,0.04293270409398246
156000,0.04280970032711048
157000,0.0429933477321174
158000,0.042942064458271485
159000,0.04293315160344355
160000,0.042902961145853624
161000,0.04273827592958696
162000,0.042654695133911444
163000,0.04253346745553426
164000,0.042386403924319895
165000,0.04217143956944346
166000,0.0420185617050156
167000,0.04192968245362863
168000,0.04190413696318865
169000,0.041838177211116996
170000,0.04134450698597357
171000,0.041220987678971144
172000,0.04105358150857501
173000,0.04073274863767438
174000,0.04078973104874604
175000,0.040710382366320116
176000,0.040759699286194516
177000,0.04060947185731493
178000,0.04049128983053379
179000,0.04058368940209039
180000,0.040780141906579956
181000,0.040870220674900336
182000,0.040775251074926924
183000,0.040722143821185455
184000,0.04064131839759648
185000,0.04049730069749057
186000,0.04063429526379332
187000,0.04070592756173574
188000,0.04074782349565066
189000,0.040619378698291256
190000,0.040674332983093336
191000,0.04083992850105278
192000,0.04071452362905256
193000,0.040758485323516655
194000,0.04072844924894162
195000,0.04091568831843324
196000,0.04075741677195765
197000,0.04068825871287845
198000,0.040562357431044804
199000,0.04052469128719531
200000,0.040588848805753516
201000,0.04019998760265298
202000,0.04043146919482388
203000,0.040548317111330105
204000,0.04071421496127732
205000,0.04056729021971114
206000,0.040601196677656846
207000,0.04067224542214535
208000,0.040468614171026276
209000,0.04019121823483147
210000,0.0402095968790818
211000,0.04003789173229597
212000,0.03962846261425875
213000,0.039526696350658315
214000,0.03951888132584281
215000,0.03972619028342888
216000,0.03953191360458732
217000,0.03941403169510886
218000,0.03962976934877224
219000,0.040196984459878876
220000,0.04040102677349933
221000,0.04017912476253696
222000,0.04016841898835264
223000,0.04034710390004329
224000,0.04032247090176679
225000,0.040255353156942876
226000,0.04016907180147246
227000,0.04004553661146201
228000,0.040151526394532996
229000,0.04028566102148034
230000,0.040261100716190414
231000,0.040267032078234476
232000,0.040316657148534434
233000,0.04034839091612957
234000,0.04037425573496148
235000,0.04024890991905704
236000,0.04014892031671479
237000,0.039816319874022156
238000,0.03990643467567861
239000,0.03966212770389393
240000,0.0397108154934831
241000,0.039501142982859165
242000,0.039175588837824765
243000,0.03947502314625308
244000,0.03977489262307063
245000,0.039835307243745774
246000,0.03981601395783946
247000,0.03972493518376723
248000,0.039809875587467104
249000,0.03992206663871184
250000,0.03968904485763051
251000,0.039745746091706675
252000,0.0395200868070242
253000,0.03961270593601512
254000,0.039786597668484316
255000,0.03986155081755714
256000,0.039803594816767145
257000,0.03963564069970744
258000,0.03976363822963322
259000,0.03968554650020087
260000,0.03975079504639143
261000,0.03988408760965103
262000,0.03970544269640232
263000,0.03991191520268331
264000,0.04014630119159119
265000,0.04026305038371356
266000,0.04044017597316997
267000,0.04029667503508972
268000,0.040549813056190036
269000,0.04048591971985297
270000,0.040649235758988655
271000,0.040679150861746165
272000,0.040807966373686215
273000,0.04131733864248963
274000,0.04125207716721343
275000,0.04107331669452833
276000,0.04127671285282122
277000,0.041393517336633524
278000,0.04162063413747819
279000,0.04152438259107293
280000,0.0413434547635843
281000,0.04129200102511095
282000,0.04124567634967389
283000,0.04132471545255976
284000,0.041325243432132994
285000,0.041583074513881005
286000,0.041539774674980434
287000,0.04146197187813232
288000,0.04144684282649541
289000,0.04134738843567902
290000,0.04139597380027408
291000,0.041514234661182856
292000,0.041653192254772875
293000,0.04178260498313466
294000,0.04207833206566283
295000,0.041789968397526536
296000,0.041926391037239226
297000,0.0421048430861556
298000,0.042309464080550245
299000,0.042274191692762544
300000,0.04230172674107598
301000,0.042410645065654534
302000,0.04248942817962961
303000,0.04231624671659665
304000,0.04231599529326195
305000,0.04238590712432051
306000,0.042359147446753925
307000,0.042257592431327796
308000,0.042453066610323734
309000,0.04271366489963839
310000,0.04266023493424291
311000,0.04269154856266687
312000,0.04275745407125214
313000,0.042708930678258185
314000,0.04293407139234478
315000,0.04275970247254009
316000,0.04277908098330954
317000,0.042871695617272054
318000,0.0428260254925699
319000,0.042206641076656524
320000,0.04210425429657334
321000,0.04214878962893272
322000,0.042220596018305516
323000,0.042018536930962
324000,0.041784352109360046
325000,0.042041294410417325
326000,0.042284577487560454
327000,0.042504465647565666
328000,0.042479151970299424
329000,0.04265269056294346
330000,0.04270299908338347
331000,0.04276594210002804
332000,0.04271027857629815
333000,0.04242353832448134
334000,0.04227134233905235
335000,0.04216351920604939
336000,0.04225231861748034
337000,0.04212290557922097
338000,0.04207182399538578
339000,0.04227673757105367
340000,0.04192865781235741
341000,0.04212724627024727
342000,0.04227066558349179
343000,0.042056517214805356
344000,0.04198144305247115
345000,0.042041142361529636
346000,0.042102533241559284
347000,0.0420912612726097
348000,0.0417961521561374
349000,0.0417794469090295
350000,0.04198793013748946
351000,0.04196596683218377
352000,0.042329942545620725
353000,0.0423432828115765
354000,0.0421751959042158
355000,0.04204451928823255
356000,0.04219221568549983
357000,0.04237154422397725
358000,0.04221503473818302
359000,0.042130381433758884
360000,0.04211173058953136
361000,0.04218614535080269
362000,0.042403296957723796
363000,0.042285876983776685
364000,0.04203741834824905
365000,0.04194088305160403
366000,0.042013858761172744
367000,0.04201679956773296
368000,0.04167218223074451
369000,0.0415271921204403
370000,0.041536150492029265
371000,0.04144597367173992
372000,0.04146516955061816
373000,0.04095149092259817
374000,0.04115768176852726
375000,0.041234207491157575
376000,0.04109431401430629
377000,0.04099416965083219
378000,0.04101504903449677
379000,0.041090394330909476
380000,0.04103720681066625
381000,0.040895822016289454
382000,0.040813900418346746
383000,0.04061968103959225
384000,0.04053277866053395
385000,0.0403789964185562
386000,0.04038339706300758
387000,0.04044166022888385
388000,0.04038592410995625
389000,0.04060258230869658
390000,0.04042186184064485
391000,0.0402224625593517
392000,0.04022407875140198
393000,0.04014706534310244
394000,0.03987897173524834
395000,0.040060807773610575
396000,0.03999191880575381
397000,0.03990324385627173
398000,0.03968411525571719
399000,0.039646729103755204
400000,0.03959683988941833
401000,0.03953296078788117
402000,0.03901808928884566
403000,0.03922998834308237
404000,0.039213832165813076
405000,0.039166051052277905
406000,0.03911159961274825
407000,0.03902639916515909
408000,0.03885919671715237
409000,0.038717820537742226
410000,0.03871417481638491
411000,0.038617825558874753
412000,0.038631810122169555
413000,0.03886839940026403
414000,0.03861324610374868
415000,0.03850854599010199
416000,0.03861475949594751
417000,0.038570280407555405
418000,0.03839416699623689
419000,0.038523464765399695
420000,0.03843551562866196
421000,0.03855230228696018
422000,0.038496740483213214
423000,0.038556803033221516
424000,0.038532063866499815
425000,0.03837292477488518
426000,0.03813993181101978
427000,0.03799712513573468
428000,0.03794748221989721
429000,0.03766370785282925
430000,0.037357789092697206
431000,0.03726209300383925
432000,0.037337498250883075
433000,0.03762554820301011
434000,0.03779665585793555
435000,0.037962500501889734
436000,0.03773011096892878
437000,0.03792901934334077
438000,0.037883857262553645
439000,0.037947599780978634
440000,0.03812797593441792
441000,0.038070470473496244
442000,0.03801814794889651
443000,0.038218850469915196
444000,0.03837555517838336
445000,0.038265796460909766
446000,0.03830457287677564
447000,0.038256517429603266
448000,0.03830182125954889
449000,0.03820521218818612
450000,0.038133694544201714
451000,0.038129215658875185
452000,0.037961720592575146
453000,0.03798427122295834
454000,0.0381292761627119
455000,0.03800939554558135
456000,0.037963298828573896
457000,0.037753810527501624
458000,0.03774924018513411
459000,0.037848147894721476
460000,0.03774903305713087
461000,0.0377090419777669
462000,0.03767109620478004
463000,0.037497206118889154
464000,0.037586399236693976
465000,0.03758767686737701
466000,0.037302216222044084
467000,0.03767202435201034
468000,0.03780320665659383
469000,0.03784813227434643
470000,0.03818001664732583
471000,0.038409666802501304
472000,0.03839782883203589
473000,0.03847751415683888
474000,0.038228249124018475
475000,0.0382253116897773
476000,0.03805795757530723
477000,0.0380090910239378
478000,0.03794725390488748
479000,0.03783502731344197
480000,0.03784422496019397
481000,0.037913500157766976
482000,0.03812679545080755
483000,0.03816843179485295
484000,0.038216005121474154
485000,0.038099430342321286
486000,0.038474180729244835
487000,0.03850831575796474
488000,0.03863719586993102
489000,0.03836553385306615
490000,0.03841429325111676
491000,0.03835279585618991
492000,0.038234457239159386
493000,0.03836304137215484
494000,0.03842037696822081
495000,0.038275084323366175
496000,0.03812052321911324
497000,0.03813676770834718
498000,0.03831469574861694
499000,0.0381323903236771
500000,0.03825755416753236
501000,0.03844146530481521
502000,0.038636158628971316
503000,0.03845005582098383
504000,0.03843665419064928
505000,0.03842198479373474
506000,0.03872930729493965
507000,0.03894820042478386
508000,0.038815449195564726
509000,0.03881293987517711
510000,0.03886409393174108
511000,0.03899076781969052
512000,0.038938771359738895
513000,0.038848428878118284
514000,0.03884821689326782
515000,0.03900415792979766
516000,0.038938205123529766
517000,0.03879951241344679
518000,0.03877440649364144
519000,0.038703007783275095
520000,0.0385657468107529
521000,0.038641577238217
522000,0.03853757514292374
523000,0.03859137035766617
524000,0.038794322414323686
525000,0.038739845512667674
526000,0.0389649192665238
527000,0.039138277021003885
528000,0.03895832661841996
529000,0.039047045784303916
530000,0.03913010150869377
531000,0.03913966288859956
532000,0.039113034383626656
533000,0.038938916949788106
534000,0.0389194378440734
535000,0.03899081475730054
536000,0.03909702119533904
537000,0.03921717996313236
538000,0.039113362519769
539000,0.03897403785190545
540000,0.03883629461261444
541000,0.038800454565091055
542000,0.03897612196835689
543000,0.03880430995882489
544000,0.03842725680139847
545000,0.038359601769829166
546000,0.038201202588388695
547000,0.03812956436933018
548000,0.03803154869447462
549000,0.03797091903281398
550000,0.03794221932743676
551000,0.03808235387247987
552000,0.03835545380064286
553000,0.03847429255885072
554000,0.038408193922368807
555000,0.03859082896844484
556000,0.038354397015413266
557000,0.0383878952965606
558000,0.038427838255185635
559000,0.03849513914203271
560000,0.03846938508190215
561000,0.038414336977526546
562000,0.03834472606237978
563000,0.038601715409196914
564000,0.038365450243931266
565000,0.03821610732492991
566000,0.03852017065905966
567000,0.03829618180997204
568000,0.03818792514025699
569000,0.0384292339758249
570000,0.038036652078968475
571000,0.03789911405474413
572000,0.03773158846853766
573000,0.03760550882632378
574000,0.03759158036124427
575000,0.03770009069342632
576000,0.03761956052668393
577000,0.037764716137200595
578000,0.03767997203301638
579000,0.03785226374678314
580000,0.03779373640194535
581000,0.037884001820348207
582000,0.037818128252401946
583000,0.038061793059110643
584000,0.03813022973900661
585000,0.03808210440073162
586000,0.03766075498517603
587000,0.03744269559159875
588000,0.03724084430746734
589000,0.03743677705898881
590000,0.03746588790975511
591000,0.03744288063142449
592000,0.037381167268380526
593000,0.03728756013326347
594000,0.037162658270914105
595000,0.03734432079084218
596000,0.03749645011033863
597000,0.03742467163549736
598000,0.03734871593071148
599000,0.03773851280286908
600000,0.03752314424328506
601000,0.037488368918187916
602000,0.03745115844253451
603000,0.03754355798568577
604000,0.037532416818197814
605000,0.0375240410817787
606000,0.037193352720933034
607000,0.03700772986677475
608000,0.03706036190711893
609000,0.03694472207245417
610000,0.03706124064535834
611000,0.036930575933074576
612000,0.036817498462274674
613000,0.036705694491975006
614000,0.03685590609535575
615000,0.036781818915624175
616000,0.03684833812946454
617000,0.03692475576745346
618000,0.036987379808095286
619000,0.0370392259034561
620000,0.03721331059245858
621000,0.037100917018600736
622000,0.037119056828902104
623000,0.03699696725478861
624000,0.036784960671444426
625000,0.0368711484054802
626000,0.03677483073517215
627000,0.03665058804710861
628000,0.036791986145894046
629000,0.036640433165594004
630000,0.03691837682982441
631000,0.03701050438673701
632000,0.03701584448420908
633000,0.03693527250585612
634000,0.03700259244523477
635000,0.03712593927246053
636000,0.0374224690614501
637000,0.037314863216714005
638000,0.03733322735375259
639000,0.037169999611214734
640000,0.03731349414831493
641000,0.03743772841256578
642000,0.03723737710167188
643000,0.03716822494717781
644000,0.03716319153981749
645000,0.037313951778342014
646000,0.03741854838712606
647000,0.03757949450111482
648000,0.03759449645515997
649000,0.03767385122657288
650000,0.03771708441257943
651000,0.037577230673399756
652000,0.037340092314756476
653000,0.03716728633909952
654000,0.03713459475885611
655000,0.03710640833515208
656000,0.03723320282308851
657000,0.03737769186554942
658000,0.03735055649804417
659000,0.03748960773053114
660000,0.03760901818622369
661000,0.03766877563728485
662000,0.03764485016616527
663000,0.037596012367052026
664000,0.03751806898892392
665000,0.03752494805573951
666000,0.03733456414740067
667000,0.037288656345801426
668000,0.03739003139198758
669000,0.03712516994238831
670000,0.03702816887409426
671000,0.03693630249076523
672000,0.03697579708485864
673000,0.03727521506207995
674000,0.037299283840460704
675000,0.03728235019813292
676000,0.03751394667243585
677000,0.037322085030376914
678000,0.037372064261231575
679000,0.03727454073028639
680000,0.03743050097534433
681000,0.037309100068174304
682000,0.03727296797372401
683000,0.03699469563970342
684000,0.0368930745893158
685000,0.03702696151426062
686000,0.03706094313645735
687000,0.03716077532293275
688000,0.037311021041590724
689000,0.03712138101854361
690000,0.0369883620927576
691000,0.036977900768397375
692000,0.037028977425070476
693000,0.0368853987987386
694000,0.03687899727805052
695000,0.03664679888088722
696000,0.03653019507660065
697000,0.036492726145894265
698000,0.03653954024065752
699000,0.036431570597109386
700000,0.036422194663551635
701000,0.03618102145532612
702000,0.03603203161631245
703000,0.03611067290825304
704000,0.036036856038379486
705000,0.03601713155664038
706000,0.03601267148333136
707000,0.03605513118545059
708000,0.03608626414986793
709000,0.03631354090629611
710000,0.0362157065483043
711000,0.0362520396792097
712000,0.03648386309470516
713000,0.03641955614124891
714000,0.03629322417115327
715000,0.03624710852641146
716000,0.03623471793474164
717000,0.03606807486282196
718000,0.03618340140569489
719000,0.03611618537304457
720000,0.03610998867673334
721000,0.036121804242138754
722000,0.03607710150827188
723000,0.03612409872247372
724000,0.03622395291936118
725000,0.036192963434034026
726000,0.03599722710938658
727000,0.035947016057441945
728000,0.03613359649933409
729000,0.036305428483407017
730000,0.03605805550690275
731000,0.035919086327659895
732000,0.03576899299735669
733000,0.035908967939787546
734000,0.03584954167075921
735000,0.03556635154050309
736000,0.03512752525846008
737000,0.03495792917639483
738000,0.03488386845367495
739000,0.03485085432382766
740000,0.03489375673106406
741000,0.03493448793760035
742000,0.03487779519858304
743000,0.03488353301852476
744000,0.03496410016145091
745000,0.03488863807788584
746000,0.03489393541507889
747000,0.034810874800314195
748000,0.03479165146977175
749000,0.03490533915080596
750000,0.034781545728561465
751000,0.034742579845362345
752000,0.03480862964352127
753000,0.03475503882195335
754000,0.034723769749864006
755000,0.03456050324009266
756000,0.034629145713639446
757000,0.03451879252877552
758000,0.034412148694624195
759000,0.034161621446837674
760000,0.033999435779755005
761000,0.03395250059652608
762000,0.03400290713168215
763000,0.033923816151334905
764000,0.034032238244428296
765000,0.03426005656353664
766000,0.03436835316836368
767000,0.03432890873856377
768000,0.03428588886035141
769000,0.03430074567056727
770000,0.03433823874394875
771000,0.03427953253162559
772000,0.03444208023732062
773000,0.034223653507768174
774000,0.034231332611641845
775000,0.03417768759315368
776000,0.03409146534220781
777000,0.034174971022526736
778000,0.03397448663588148
779000,0.034236537149990906
780000,0.03427975860459264
781000,0.034408255916903725
782000,0.03431297825637739
783000,0.03431263280042913
784000,0.03439911938307341
785000,0.03427111220394727
786000,0.034220748766209
787000,0.03413173352356534
788000,0.03422193389374297
789000,0.034257668374222706
790000,0.03432881421374623
791000,0.03443912204366643
792000,0.034502145998296326
793000,0.034861209320137275
794000,0.03491183857969008
795000,0.03500066243228503
796000,0.034904703081352635
797000,0.03504290492343716
798000,0.03497639137227088
799000,0.034803625731728974
800000,0.034733958572149275
801000,0.03486337073845789
802000,0.034986636985093356
803000,0.03484357461589389
804000,0.03483631410147064
805000,0.034855148263508454
806000,0.03494960831920616
807000,0.03493697711336426
808000,0.03485726093593985
