47000,0.07240050835039158
47000,0.07240050835039158
47000,0.07240050835039158
47000,0.07240050835039158
47000,0.07240050835039158
47000,0.07240050835039158
47000,0.07240050835039158
47000,0.07240050835039158
47000,0.07240050835039158
47000,0.07240050835039158
47000,0.07240050835039158
47000,0.07240050835039158
47000,0.07240050835039158
47000,0.07240050835039158
47000,0.07240050835039158
47000,0.07240050835039158
47000,0.07240050835039158
47000,0.07240050835039158
47000,0.07240050835039158
47000,0.07240050835039158
47000,0.07240050835039158
47000,0.07240050835039158
47000,0.07240050835039158
47000,0.07240050835039158
47000,0.07240050835039158
47000,0.07240050835039158
47000,0.07240050835039158
47000,0.07240050835039158
47000,0.07240050835039158
47000,0.07240050835039158
47000,0.07240050835039158
47000,0.07240050835039158
47000,0.07240050835039158
47000,0.07240050835039158
47000,0.07240050835039158
47000,0.07240050835039158
47000,0.07240050835039158
47000,0.07240050835039158
47000,0.07240050835039158
47000,0.07240050835039158
47000,0.07240050835039158
47000,0.07240050835039158
47000,0.07240050835039158
47000,0.07240050835039158
47000,0.07240050835039158
47000,0.07240050835039158
47000,0.07240050835039158
47000,0.07240050835039158
47000,0.07240050835039158
47000,0.07240050835039158
47000,0.07240050835039158
47000,0.07240050835039158
47000,0.07240050835039158
47000,0.07240050835039158
47000,0.07240050835039158
47000,0.07240050835039158
47000,0.07240050835039158
47000,0.07240050835039158
47000,0.07240050835039158
47000,0.07240050835039158
47000,0.07240050835039158
47000,0.07240050835039158
47000,0.07240050835039158
47000,0.07240050835039158
47000,0.07240050835039158
47000,0.07240050835039158
47000,0.07240050835039158
47000,0.07240050835039158
47000,0.07240050835039158
47000,0.07240050835039158
47000,0.07240050835039158
47000,0.07240050835039158
47000,0.07240050835039158
47000,0.07240050835039158
47000,0.07240050835039158
47000,0.07240050835039158
47000,0.07240050835039158
47000,0.07240050835039158
47000,0.07240050835039158
47000,0.07240050835039158
47000,0.07240050835039158
47000,0.07240050835039158
47000,0.07240050835039158
47000,0.07240050835039158
47000,0.07240050835039158
47000,0.07240050835039158
47000,0.07240050835039158
47000,0.07240050835039158
47000,0.07240050835039158
47000,0.07240050835039158
47000,0.07240050835039158
47000,0.07240050835039158
47000,0.07240050835039158
47000,0.07240050835039158
47000,0.07240050835039158
47000,0.07240050835039158
143000,0.07369589339812443
143000,0.07369589339812443
143000,0.07369589339812443
143000,0.07369589339812443
143000,0.07369589339812443
143000,0.07369589339812443
143000,0.07369589339812443
143000,0.07369589339812443
143000,0.07369589339812443
143000,0.07369589339812443
143000,0.07369589339812443
143000,0.07369589339812443
143000,0.07369589339812443
143000,0.07369589339812443
143000,0.07369589339812443
143000,0.07369589339812443
143000,0.07369589339812443
143000,0.07369589339812443
143000,0.07369589339812443
143000,0.07369589339812443
143000,0.07369589339812443
143000,0.07369589339812443
143000,0.07369589339812443
143000,0.07369589339812443
143000,0.07369589339812443
168000,0.10678073224404268
168000,0.10678073224404268
168000,0.10678073224404268
168000,0.10678073224404268
168000,0.10678073224404268
168000,0.10678073224404268
168000,0.10678073224404268
168000,0.10678073224404268
168000,0.10678073224404268
168000,0.10678073224404268
168000,0.10678073224404268
168000,0.10678073224404268
168000,0.10678073224404268
168000,0.10678073224404268
168000,0.10678073224404268
168000,0.10678073224404268
168000,0.10678073224404268
168000,0.10678073224404268
168000,0.10678073224404268
168000,0.10678073224404268
168000,0.10678073224404268
168000,0.10678073224404268
168000,0.10678073224404268
168000,0.10678073224404268
168000,0.10678073224404268
168000,0.10678073224404268
194000,0.10001597726143541
194000,0.10001597726143541
194000,0.10001597726143541
194000,0.10001597726143541
194000,0.10001597726143541
194000,0.10001597726143541
194000,0.10001597726143541
194000,0.10001597726143541
194000,0.10001597726143541
194000,0.10001597726143541
194000,0.10001597726143541
194000,0.10001597726143541
194000,0.10001597726143541
194000,0.10001597726143541
194000,0.10001597726143541
194000,0.10001597726143541
194000,0.10001597726143541
194000,0.10001597726143541
194000,0.10001597726143541
194000,0.10001597726143541
194000,0.10001597726143541
194000,0.10001597726143541
194000,0.10001597726143541
194000,0.10001597726143541
194000,0.10001597726143541
194000,0.10001597726143541
194000,0.10001597726143541
194000,0.10001597726143541
194000,0.10001597726143541
194000,0.10001597726143541
194000,0.10001597726143541
194000,0.10001597726143541
226000,0.08791653558119075
226000,0.08791653558119075
226000,0.08791653558119075
226000,0.08791653558119075
226000,0.08791653558119075
226000,0.08791653558119075
226000,0.08791653558119075
226000,0.08791653558119075
226000,0.08791653558119075
226000,0.08791653558119075
226000,0.08791653558119075
226000,0.08791653558119075
226000,0.08791653558119075
226000,0.08791653558119075
226000,0.08791653558119075
226000,0.08791653558119075
226000,0.08791653558119075
226000,0.08791653558119075
226000,0.08791653558119075
226000,0.08791653558119075
226000,0.08791653558119075
226000,0.08791653558119075
226000,0.08791653558119075
226000,0.08791653558119075
226000,0.08791653558119075
226000,0.08791653558119075
226000,0.08791653558119075
226000,0.08791653558119075
226000,0.08791653558119075
226000,0.08791653558119075
226000,0.08791653558119075
226000,0.08791653558119075
226000,0.08791653558119075
226000,0.08791653558119075
226000,0.08791653558119075
226000,0.08791653558119075
226000,0.08791653558119075
226000,0.08791653558119075
226000,0.08791653558119075
226000,0.08791653558119075
226000,0.08791653558119075
226000,0.08791653558119075
226000,0.08791653558119075
226000,0.08791653558119075
226000,0.08791653558119075
226000,0.08791653558119075
226000,0.08791653558119075
226000,0.08791653558119075
226000,0.08791653558119075
226000,0.08791653558119075
226000,0.08791653558119075
226000,0.08791653558119075
226000,0.08791653558119075
226000,0.08791653558119075
226000,0.08791653558119075
281000,0.08116982888585407
281000,0.08116982888585407
281000,0.08116982888585407
281000,0.08116982888585407
281000,0.08116982888585407
281000,0.08116982888585407
281000,0.08116982888585407
281000,0.08116982888585407
281000,0.08116982888585407
281000,0.08116982888585407
281000,0.08116982888585407
281000,0.08116982888585407
281000,0.08116982888585407
281000,0.08116982888585407
281000,0.08116982888585407
281000,0.08116982888585407
281000,0.08116982888585407
281000,0.08116982888585407
281000,0.08116982888585407
281000,0.08116982888585407
281000,0.08116982888585407
281000,0.08116982888585407
281000,0.08116982888585407
281000,0.08116982888585407
281000,0.08116982888585407
281000,0.08116982888585407
281000,0.08116982888585407
281000,0.08116982888585407
281000,0.08116982888585407
281000,0.08116982888585407
281000,0.08116982888585407
281000,0.08116982888585407
281000,0.08116982888585407
281000,0.08116982888585407
281000,0.08116982888585407
281000,0.08116982888585407
281000,0.08116982888585407
281000,0.08116982888585407
281000,0.08116982888585407
281000,0.08116982888585407
281000,0.08116982888585407
281000,0.08116982888585407
281000,0.08116982888585407
281000,0.08116982888585407
281000,0.08116982888585407
281000,0.08116982888585407
281000,0.08116982888585407
281000,0.08116982888585407
281000,0.08116982888585407
281000,0.08116982888585407
281000,0.08116982888585407
281000,0.08116982888585407
333000,0.07265475954169702
333000,0.07265475954169702
333000,0.07265475954169702
333000,0.07265475954169702
333000,0.07265475954169702
333000,0.07265475954169702
333000,0.07265475954169702
333000,0.07265475954169702
333000,0.07265475954169702
333000,0.07265475954169702
333000,0.07265475954169702
333000,0.07265475954169702
333000,0.07265475954169702
333000,0.07265475954169702
333000,0.07265475954169702
333000,0.07265475954169702
333000,0.07265475954169702
333000,0.07265475954169702
333000,0.07265475954169702
333000,0.07265475954169702
333000,0.07265475954169702
333000,0.07265475954169702
333000,0.07265475954169702
333000,0.07265475954169702
333000,0.07265475954169702
333000,0.07265475954169702
333000,0.07265475954169702
333000,0.07265475954169702
333000,0.07265475954169702
333000,0.07265475954169702
333000,0.07265475954169702
333000,0.07265475954169702
333000,0.07265475954169702
333000,0.07265475954169702
333000,0.07265475954169702
333000,0.07265475954169702
333000,0.07265475954169702
333000,0.07265475954169702
333000,0.07265475954169702
333000,0.07265475954169702
333000,0.07265475954169702
333000,0.07265475954169702
333000,0.07265475954169702
333000,0.07265475954169702
333000,0.07265475954169702
333000,0.07265475954169702
333000,0.07265475954169702
333000,0.07265475954169702
333000,0.07265475954169702
333000,0.07265475954169702
333000,0.07265475954169702
333000,0.07265475954169702
333000,0.07265475954169702
333000,0.07265475954169702
387000,0.06360142811681575
387000,0.06360142811681575
387000,0.06360142811681575
387000,0.06360142811681575
387000,0.06360142811681575
387000,0.06360142811681575
387000,0.06360142811681575
394000,0.07324650063147896
395000,0.06945402538212161
395000,0.06945402538212161
395000,0.06945402538212161
395000,0.06945402538212161
395000,0.06945402538212161
395000,0.06945402538212161
395000,0.06945402538212161
395000,0.06945402538212161
395000,0.06945402538212161
395000,0.06945402538212161
395000,0.06945402538212161
406000,0.06480860582633982
406000,0.06480860582633982
406000,0.06480860582633982
406000,0.06480860582633982
406000,0.06480860582633982
406000,0.06480860582633982
406000,0.06480860582633982
406000,0.06480860582633982
406000,0.06480860582633982
406000,0.06480860582633982
406000,0.06480860582633982
406000,0.06480860582633982
406000,0.06480860582633982
406000,0.06480860582633982
406000,0.06480860582633982
406000,0.06480860582633982
406000,0.06480860582633982
406000,0.06480860582633982
406000,0.06480860582633982
406000,0.06480860582633982
406000,0.06480860582633982
406000,0.06480860582633982
406000,0.06480860582633982
406000,0.06480860582633982
406000,0.06480860582633982
406000,0.06480860582633982
406000,0.06480860582633982
406000,0.06480860582633982
406000,0.06480860582633982
406000,0.06480860582633982
406000,0.06480860582633982
406000,0.06480860582633982
406000,0.06480860582633982
406000,0.06480860582633982
406000,0.06480860582633982
406000,0.06480860582633982
406000,0.06480860582633982
406000,0.06480860582633982
406000,0.06480860582633982
406000,0.06480860582633982
406000,0.06480860582633982
447000,0.062052921953909025
447000,0.062052921953909025
447000,0.062052921953909025
450000,0.06675462473174361
450000,0.06675462473174361
450000,0.06675462473174361
450000,0.06675462473174361
450000,0.06675462473174361
450000,0.06675462473174361
450000,0.06675462473174361
450000,0.06675462473174361
450000,0.06675462473174361
450000,0.06675462473174361
460000,0.06685032843698449
460000,0.06685032843698449
460000,0.06685032843698449
460000,0.06685032843698449
460000,0.06685032843698449
460000,0.06685032843698449
460000,0.06685032843698449
460000,0.06685032843698449
460000,0.06685032843698449
460000,0.06685032843698449
460000,0.06685032843698449
460000,0.06685032843698449
460000,0.06685032843698449
460000,0.06685032843698449
460000,0.06685032843698449
460000,0.06685032843698449
460000,0.06685032843698449
460000,0.06685032843698449
460000,0.06685032843698449
460000,0.06685032843698449
460000,0.06685032843698449
481000,0.06642028794696304
481000,0.06642028794696304
483000,0.06452532962634566
483000,0.06452532962634566
483000,0.06452532962634566
483000,0.06452532962634566
483000,0.06452532962634566
483000,0.06452532962634566
483000,0.06452532962634566
483000,0.06452532962634566
483000,0.06452532962634566
492000,0.06143106945287816
492000,0.06143106945287816
492000,0.06143106945287816
492000,0.06143106945287816
492000,0.06143106945287816
492000,0.06143106945287816
492000,0.06143106945287816
492000,0.06143106945287816
492000,0.06143106945287816
492000,0.06143106945287816
492000,0.06143106945287816
492000,0.06143106945287816
492000,0.06143106945287816
492000,0.06143106945287816
492000,0.06143106945287816
492000,0.06143106945287816
492000,0.06143106945287816
492000,0.06143106945287816
510000,0.06209151100359571
510000,0.06209151100359571
510000,0.06209151100359571
510000,0.06209151100359571
510000,0.06209151100359571
510000,0.06209151100359571
510000,0.06209151100359571
510000,0.06209151100359571
510000,0.06209151100359571
510000,0.06209151100359571
510000,0.06209151100359571
510000,0.06209151100359571
510000,0.06209151100359571
510000,0.06209151100359571
510000,0.06209151100359571
510000,0.06209151100359571
510000,0.06209151100359571
510000,0.06209151100359571
528000,0.0656406761619199
528000,0.0656406761619199
528000,0.0656406761619199
528000,0.0656406761619199
528000,0.0656406761619199
528000,0.0656406761619199
528000,0.0656406761619199
528000,0.0656406761619199
528000,0.0656406761619199
528000,0.0656406761619199
538000,0.07371315207729899
539000,0.07383604734005712
539000,0.07383604734005712
539000,0.07383604734005712
539000,0.07383604734005712
539000,0.07383604734005712
539000,0.07383604734005712
539000,0.07383604734005712
539000,0.07383604734005712
539000,0.07383604734005712
539000,0.07383604734005712
539000,0.07383604734005712
539000,0.07383604734005712
539000,0.07383604734005712
539000,0.07383604734005712
539000,0.07383604734005712
539000,0.07383604734005712
539000,0.07383604734005712
539000,0.07383604734005712
539000,0.07383604734005712
539000,0.07383604734005712
539000,0.07383604734005712
539000,0.07383604734005712
539000,0.07383604734005712
539000,0.07383604734005712
539000,0.07383604734005712
539000,0.07383604734005712
539000,0.07383604734005712
539000,0.07383604734005712
539000,0.07383604734005712
539000,0.07383604734005712
539000,0.07383604734005712
539000,0.07383604734005712
539000,0.07383604734005712
539000,0.07383604734005712
539000,0.07383604734005712
539000,0.07383604734005712
539000,0.07383604734005712
539000,0.07383604734005712
539000,0.07383604734005712
539000,0.07383604734005712
579000,0.07476514521996962
579000,0.07476514521996962
579000,0.07476514521996962
579000,0.07476514521996962
579000,0.07476514521996962
579000,0.07476514521996962
579000,0.07476514521996962
579000,0.07476514521996962
579000,0.07476514521996962
579000,0.07476514521996962
579000,0.07476514521996962
579000,0.07476514521996962
579000,0.07476514521996962
579000,0.07476514521996962
579000,0.07476514521996962
579000,0.07476514521996962
579000,0.07476514521996962
579000,0.07476514521996962
579000,0.07476514521996962
579000,0.07476514521996962
579000,0.07476514521996962
579000,0.07476514521996962
579000,0.07476514521996962
579000,0.07476514521996962
579000,0.07476514521996962
579000,0.07476514521996962
579000,0.07476514521996962
579000,0.07476514521996962
579000,0.07476514521996962
579000,0.07476514521996962
579000,0.07476514521996962
579000,0.07476514521996962
579000,0.07476514521996962
579000,0.07476514521996962
579000,0.07476514521996962
579000,0.07476514521996962
579000,0.07476514521996962
579000,0.07476514521996962
579000,0.07476514521996962
579000,0.07476514521996962
579000,0.07476514521996962
579000,0.07476514521996962
579000,0.07476514521996962
579000,0.07476514521996962
579000,0.07476514521996962
579000,0.07476514521996962
579000,0.07476514521996962
579000,0.07476514521996962
579000,0.07476514521996962
628000,0.07263847373617699
628000,0.07263847373617699
628000,0.07263847373617699
628000,0.07263847373617699
628000,0.07263847373617699
628000,0.07263847373617699
628000,0.07263847373617699
635000,0.07056946720622852
635000,0.07056946720622852
635000,0.07056946720622852
638000,0.06892581021522425
638000,0.06892581021522425
638000,0.06892581021522425
638000,0.06892581021522425
638000,0.06892581021522425
638000,0.06892581021522425
638000,0.06892581021522425
638000,0.06892581021522425
638000,0.06892581021522425
638000,0.06892581021522425
638000,0.06892581021522425
638000,0.06892581021522425
638000,0.06892581021522425
651000,0.07131285009421579
651000,0.07131285009421579
651000,0.07131285009421579
651000,0.07131285009421579
651000,0.07131285009421579
651000,0.07131285009421579
651000,0.07131285009421579
651000,0.07131285009421579
651000,0.07131285009421579
651000,0.07131285009421579
651000,0.07131285009421579
651000,0.07131285009421579
651000,0.07131285009421579
651000,0.07131285009421579
651000,0.07131285009421579
651000,0.07131285009421579
651000,0.07131285009421579
651000,0.07131285009421579
651000,0.07131285009421579
651000,0.07131285009421579
671000,0.07011590245938512
671000,0.07011590245938512
671000,0.07011590245938512
671000,0.07011590245938512
671000,0.07011590245938512
671000,0.07011590245938512
671000,0.07011590245938512
671000,0.07011590245938512
671000,0.07011590245938512
671000,0.07011590245938512
671000,0.07011590245938512
671000,0.07011590245938512
671000,0.07011590245938512
671000,0.07011590245938512
671000,0.07011590245938512
671000,0.07011590245938512
671000,0.07011590245938512
671000,0.07011590245938512
671000,0.07011590245938512
690000,0.06844029860066249
690000,0.06844029860066249
690000,0.06844029860066249
690000,0.06844029860066249
690000,0.06844029860066249
690000,0.06844029860066249
690000,0.06844029860066249
690000,0.06844029860066249
690000,0.06844029860066249
690000,0.06844029860066249
690000,0.06844029860066249
690000,0.06844029860066249
702000,0.06725884106837336
702000,0.06725884106837336
702000,0.06725884106837336
702000,0.06725884106837336
702000,0.06725884106837336
702000,0.06725884106837336
702000,0.06725884106837336
702000,0.06725884106837336
702000,0.06725884106837336
711000,0.06568571287654072
711000,0.06568571287654072
711000,0.06568571287654072
711000,0.06568571287654072
711000,0.06568571287654072
711000,0.06568571287654072
711000,0.06568571287654072
711000,0.06568571287654072
711000,0.06568571287654072
711000,0.06568571287654072
711000,0.06568571287654072
711000,0.06568571287654072
711000,0.06568571287654072
711000,0.06568571287654072
711000,0.06568571287654072
711000,0.06568571287654072
711000,0.06568571287654072
711000,0.06568571287654072
711000,0.06568571287654072
711000,0.06568571287654072
711000,0.06568571287654072
711000,0.06568571287654072
711000,0.06568571287654072
711000,0.06568571287654072
711000,0.06568571287654072
711000,0.06568571287654072
711000,0.06568571287654072
711000,0.06568571287654072
711000,0.06568571287654072
711000,0.06568571287654072
711000,0.06568571287654072
711000,0.06568571287654072
711000,0.06568571287654072
711000,0.06568571287654072
711000,0.06568571287654072
746000,0.0645190365121359
746000,0.0645190365121359
746000,0.0645190365121359
746000,0.0645190365121359
750000,0.0633944167767518
750000,0.0633944167767518
750000,0.0633944167767518
750000,0.0633944167767518
750000,0.0633944167767518
750000,0.0633944167767518
750000,0.0633944167767518
750000,0.0633944167767518
750000,0.0633944167767518
750000,0.0633944167767518
750000,0.0633944167767518
750000,0.0633944167767518
750000,0.0633944167767518
750000,0.0633944167767518
764000,0.06284464859278051
764000,0.06284464859278051
764000,0.06284464859278051
764000,0.06284464859278051
764000,0.06284464859278051
764000,0.06284464859278051
764000,0.06284464859278051
764000,0.06284464859278051
764000,0.06284464859278051
764000,0.06284464859278051
764000,0.06284464859278051
764000,0.06284464859278051
764000,0.06284464859278051
764000,0.06284464859278051
764000,0.06284464859278051
764000,0.06284464859278051
764000,0.06284464859278051
764000,0.06284464859278051
764000,0.06284464859278051
783000,0.06181824266945889
783000,0.06181824266945889
783000,0.06181824266945889
783000,0.06181824266945889
783000,0.06181824266945889
783000,0.06181824266945889
783000,0.06181824266945889
790000,0.06480850418474218
790000,0.06480850418474218
790000,0.06480850418474218
790000,0.06480850418474218
790000,0.06480850418474218
790000,0.06480850418474218
790000,0.06480850418474218
790000,0.06480850418474218
790000,0.06480850418474218
790000,0.06480850418474218
790000,0.06480850418474218
790000,0.06480850418474218
790000,0.06480850418474218
790000,0.06480850418474218
790000,0.06480850418474218
790000,0.06480850418474218
790000,0.06480850418474218
790000,0.06480850418474218
790000,0.06480850418474218
