4000,0.016595072527714638
4000,0.016595072527714638
4000,0.016595072527714638
4000,0.016595072527714638
8000,0.1488161174103555
8000,0.1488161174103555
8000,0.1488161174103555
8000,0.1488161174103555
8000,0.1488161174103555
8000,0.1488161174103555
8000,0.1488161174103555
15000,0.10293813412998547
15000,0.10293813412998547
15000,0.10293813412998547
18000,0.22608103744022057
18000,0.22608103744022057
18000,0.22608103744022057
18000,0.22608103744022057
18000,0.22608103744022057
18000,0.22608103744022057
18000,0.22608103744022057
25000,0.22901148887699785
26000,0.1947964928934243
27000,0.1713761005095633
28000,0.15729962084863341
28000,0.15729962084863341
28000,0.15729962084863341
31000,0.14454598363967897
32000,0.13148394610269004
33000,0.14533630185979932
34000,0.12496582597743854
35000,0.1217279960098927
35000,0.1217279960098927
35000,0.1217279960098927
35000,0.1217279960098927
35000,0.1217279960098927
35000,0.1217279960098927
35000,0.1217279960098927
42000,0.1251621483472713
43000,0.14073816715169046
43000,0.14073816715169046
43000,0.14073816715169046
43000,0.14073816715169046
47000,0.1410095507369794
48000,0.14477232341550397
48000,0.14477232341550397
48000,0.14477232341550397
51000,0.15486410908197054
52000,0.14813323605502193
53000,0.15312237977711277
53000,0.15312237977711277
55000,0.14707395030612436
55000,0.14707395030612436
57000,0.1418125173188491
57000,0.1418125173188491
57000,0.1418125173188491
60000,0.13657204487969088
60000,0.13657204487969088
62000,0.13851456171047918
62000,0.13851456171047918
62000,0.13851456171047918
62000,0.13851456171047918
62000,0.13851456171047918
62000,0.13851456171047918
68000,0.1352371266251934
68000,0.1352371266251934
70000,0.13100981508644294
70000,0.13100981508644294
72000,0.12735120951472564
73000,0.12979688277739698
74000,0.12944100632875388
75000,0.13076990314870265
75000,0.13076990314870265
77000,0.12734343151778416
77000,0.12734343151778416
79000,0.13008226067023265
80000,0.12906701812881088
81000,0.12598184931949735
81000,0.12598184931949735
83000,0.1203585701918082
84000,0.12051852356012262
85000,0.12075754081261729
85000,0.12075754081261729
85000,0.12075754081261729
88000,0.12439270294377094
88000,0.12439270294377094
90000,0.1197361681174028
91000,0.1173771071511582
92000,0.11541061470748523
92000,0.11541061470748523
92000,0.11541061470748523
92000,0.11541061470748523
96000,0.11569664029149333
96000,0.11569664029149333
96000,0.11569664029149333
99000,0.11396971834463403
99000,0.11396971834463403
99000,0.11396971834463403
99000,0.11396971834463403
99000,0.11396971834463403
99000,0.11396971834463403
105000,0.11630773474653644
105000,0.11630773474653644
105000,0.11630773474653644
105000,0.11630773474653644
109000,0.11423315788554085
109000,0.11423315788554085
111000,0.11239750523958872
112000,0.11048805359364829
112000,0.11048805359364829
112000,0.11048805359364829
112000,0.11048805359364829
112000,0.11048805359364829
117000,0.10895348447800925
118000,0.10726552659412081
118000,0.10726552659412081
118000,0.10726552659412081
118000,0.10726552659412081
118000,0.10726552659412081
118000,0.10726552659412081
124000,0.10393869295445311
124000,0.10393869295445311
124000,0.10393869295445311
124000,0.10393869295445311
124000,0.10393869295445311
124000,0.10393869295445311
124000,0.10393869295445311
131000,0.1024203586718568
132000,0.1033674163233389
133000,0.10451396406409227
134000,0.10309896806237631
134000,0.10309896806237631
136000,0.10314991379416617
137000,0.10232333476280221
137000,0.10232333476280221
137000,0.10232333476280221
137000,0.10232333476280221
141000,0.1008433811920067
141000,0.1008433811920067
143000,0.09832285993645216
143000,0.09832285993645216
145000,0.09819052088712853
145000,0.09819052088712853
147000,0.10201007751626363
147000,0.10201007751626363
149000,0.10066927410067064
150000,0.10180422450248808
151000,0.10072286211225927
151000,0.10072286211225927
151000,0.10072286211225927
151000,0.10072286211225927
151000,0.10072286211225927
156000,0.10221433802144136
156000,0.10221433802144136
156000,0.10221433802144136
156000,0.10221433802144136
160000,0.1014893537901588
160000,0.1014893537901588
160000,0.1014893537901588
163000,0.10320374534982461
164000,0.10447455470124789
164000,0.10447455470124789
166000,0.10326938355774336
166000,0.10326938355774336
168000,0.1013597310328444
168000,0.1013597310328444
170000,0.09931155106778482
170000,0.09931155106778482
170000,0.09931155106778482
170000,0.09931155106778482
170000,0.09931155106778482
175000,0.09841112538167103
175000,0.09841112538167103
175000,0.09841112538167103
178000,0.09692846191055868
179000,0.09966594965412934
179000,0.09966594965412934
179000,0.09966594965412934
179000,0.09966594965412934
183000,0.09862463192288215
184000,0.09764232181579331
185000,0.09589777979543859
186000,0.0949410761629551
187000,0.0951508000029916
188000,0.09599569273817507
188000,0.09599569273817507
188000,0.09599569273817507
188000,0.09599569273817507
188000,0.09599569273817507
193000,0.09690862807582082
194000,0.09623955364681547
194000,0.09623955364681547
194000,0.09623955364681547
194000,0.09623955364681547
194000,0.09623955364681547
199000,0.09676848532650055
200000,0.09443497026117223
200000,0.09443497026117223
200000,0.09443497026117223
200000,0.09443497026117223
204000,0.0936472829020208
204000,0.0936472829020208
204000,0.0936472829020208
207000,0.09332737019783618
207000,0.09332737019783618
207000,0.09332737019783618
210000,0.09194580075040798
211000,0.0929980225610835
211000,0.0929980225610835
213000,0.09438077075770421
214000,0.09578960747942009
215000,0.09521508157737114
215000,0.09521508157737114
215000,0.09521508157737114
215000,0.09521508157737114
215000,0.09521508157737114
215000,0.09521508157737114
221000,0.09468055340276675
221000,0.09468055340276675
221000,0.09468055340276675
221000,0.09468055340276675
225000,0.093914357466387
226000,0.09317428297280805
226000,0.09317428297280805
226000,0.09317428297280805
229000,0.09247540067760479
230000,0.09180890009011723
230000,0.09180890009011723
232000,0.09117704316129545
233000,0.09200997544869864
233000,0.09200997544869864
233000,0.09200997544869864
233000,0.09200997544869864
233000,0.09200997544869864
238000,0.09150048658214437
239000,0.09151757055642867
239000,0.09151757055642867
241000,0.0919532682107249
242000,0.09127967540221744
243000,0.09166361673353883
243000,0.09166361673353883
243000,0.09166361673353883
243000,0.09166361673353883
247000,0.09191059343279556
248000,0.09135722593440501
248000,0.09135722593440501
250000,0.09069853586448838
250000,0.09069853586448838
252000,0.09192383809249911
253000,0.09074259144360537
253000,0.09074259144360537
253000,0.09074259144360537
256000,0.09053938936976813
257000,0.09007965867527536
257000,0.09007965867527536
259000,0.09042535740284183
260000,0.09067882378339827
261000,0.09140210901156269
261000,0.09140210901156269
261000,0.09140210901156269
261000,0.09140210901156269
265000,0.09084224047365198
265000,0.09084224047365198
267000,0.0902660349618911
268000,0.09072318417390146
268000,0.09072318417390146
270000,0.0901476165427306
271000,0.09129929615227107
271000,0.09129929615227107
273000,0.0925459311065372
273000,0.0925459311065372
275000,0.09287660167239249
276000,0.09232885684810357
276000,0.09232885684810357
278000,0.0920690866097315
278000,0.0920690866097315
280000,0.09296135520430844
281000,0.09218660150819394
282000,0.09133272278082799
282000,0.09133272278082799
282000,0.09133272278082799
282000,0.09133272278082799
286000,0.09083363999797722
287000,0.08985652740080714
288000,0.08970173773496554
288000,0.08970173773496554
290000,0.09071404052156237
291000,0.09021452689623354
291000,0.09021452689623354
293000,0.0896900369283603
294000,0.09020006310716608
295000,0.09075817607603573
296000,0.09029203654181847
296000,0.09029203654181847
298000,0.09073792397010866
299000,0.09118452765586214
300000,0.09074076684837275
300000,0.09074076684837275
302000,0.09094747257364924
303000,0.09034456332141627
303000,0.09034456332141627
305000,0.09060781293487877
306000,0.09024566875962732
306000,0.09024566875962732
308000,0.09057223281141503
308000,0.09057223281141503
310000,0.0901438072997165
311000,0.08975204606949685
312000,0.08947532156965271
312000,0.08947532156965271
312000,0.08947532156965271
315000,0.08996793315362853
316000,0.09053167469978257
317000,0.09054791549345725
317000,0.09054791549345725
319000,0.09008671300176113
319000,0.09008671300176113
321000,0.09003023825923342
322000,0.08921984540074669
323000,0.08835965737330383
323000,0.08835965737330383
325000,0.08801235709158928
326000,0.08758485424485243
326000,0.08758485424485243
326000,0.08758485424485243
326000,0.08758485424485243
330000,0.08856399625547234
331000,0.08916829642591911
331000,0.08916829642591911
333000,0.08847753691502881
334000,0.08809707671556637
334000,0.08809707671556637
336000,0.08933399789269063
337000,0.08892305320304049
338000,0.08823719743824411
339000,0.08868651823729333
340000,0.08916579219072444
340000,0.08916579219072444
342000,0.09191266949555812
342000,0.09191266949555812
342000,0.09191266949555812
345000,0.09173323106074753
345000,0.09173323106074753
347000,0.09096674245574105
348000,0.09172709210159909
348000,0.09172709210159909
350000,0.09249757811281561
350000,0.09249757811281561
350000,0.09249757811281561
350000,0.09249757811281561
350000,0.09249757811281561
355000,0.09252318879080212
356000,0.09217809647631744
357000,0.09177023573301399
357000,0.09177023573301399
357000,0.09177023573301399
360000,0.09136681623459997
361000,0.09107905692786303
361000,0.09107905692786303
363000,0.09078937167591336
363000,0.09078937167591336
365000,0.09046202271178197
365000,0.09046202271178197
367000,0.09149896821054723
368000,0.09117385443717094
368000,0.09117385443717094
370000,0.09131677451012105
370000,0.09131677451012105
372000,0.09115332366741638
372000,0.09115332366741638
374000,0.09084043998229434
375000,0.09053109682023472
376000,0.09017595027922945
376000,0.09017595027922945
376000,0.09017595027922945
379000,0.08987179199155167
380000,0.09008891944100375
381000,0.0898142765554441
382000,0.08959258461236981
383000,0.08924553252616363
384000,0.08976529677006675
384000,0.08976529677006675
386000,0.08921473045504681
387000,0.08843299982165928
387000,0.08843299982165928
387000,0.08843299982165928
390000,0.08901011148241506
390000,0.08901011148241506
392000,0.08950811134154368
393000,0.08916735318817304
394000,0.08886288539319337
395000,0.08857648783339746
396000,0.08829836432574574
396000,0.08829836432574574
398000,0.08806405476222336
399000,0.08794998111887205
399000,0.08794998111887205
399000,0.08794998111887205
399000,0.08794998111887205
399000,0.08794998111887205
404000,0.08768730043895712
405000,0.0884934399932258
406000,0.08817859969229516
406000,0.08817859969229516
408000,0.08786988437019252
409000,0.08790279578481304
410000,0.08821248681565218
410000,0.08821248681565218
412000,0.08792772028650761
413000,0.08771581098511252
413000,0.08771581098511252
415000,0.08771101067732245
416000,0.08818193724890755
416000,0.08818193724890755
416000,0.08818193724890755
419000,0.0878791142601538
420000,0.08766935193264846
420000,0.08766935193264846
422000,0.08723813805830674
423000,0.08688835383589594
423000,0.08688835383589594
423000,0.08688835383589594
426000,0.08686870600800685
427000,0.08721302598207369
427000,0.08721302598207369
429000,0.08702113298841183
429000,0.08702113298841183
429000,0.08702113298841183
429000,0.08702113298841183
429000,0.08702113298841183
434000,0.08672515312022756
434000,0.08672515312022756
436000,0.08604216878748892
437000,0.08579867207969977
438000,0.0860511042318283
438000,0.0860511042318283
440000,0.0857705811853967
441000,0.08550654952262857
442000,0.08522742806761348
442000,0.08522742806761348
444000,0.08615641296641717
444000,0.08615641296641717
446000,0.0866252122936643
447000,0.08677471787943312
447000,0.08677471787943312
447000,0.08677471787943312
450000,0.08691976153230266
451000,0.0869166813340308
451000,0.0869166813340308
451000,0.0869166813340308
454000,0.08785458205941334
454000,0.08785458205941334
456000,0.08820240653304308
456000,0.08820240653304308
458000,0.08793894081994752
458000,0.08793894081994752
460000,0.08862807986596122
461000,0.08887001781532769
462000,0.0890535260031915
462000,0.0890535260031915
464000,0.08948244337525475
465000,0.08992789562191661
465000,0.08992789562191661
465000,0.08992789562191661
468000,0.08967326046687467
468000,0.08967326046687467
470000,0.0901043720913159
471000,0.08982968610425494
472000,0.08963847354381936
473000,0.08942355308034634
474000,0.08915686209410593
475000,0.08902306569940939
475000,0.08902306569940939
477000,0.08876150932583632
478000,0.08897786841632135
479000,0.0885636503005134
480000,0.08906230675531804
481000,0.08869761767179218
482000,0.08864614113401847
483000,0.08851237520631917
483000,0.08851237520631917
485000,0.08904991551716318
485000,0.08904991551716318
485000,0.08904991551716318
488000,0.08882708139235197
489000,0.08861590501726185
489000,0.08861590501726185
489000,0.08861590501726185
492000,0.08850616030253762
493000,0.08825577769272393
494000,0.08801783294473765
494000,0.08801783294473765
494000,0.08801783294473765
494000,0.08801783294473765
498000,0.08840645574824108
498000,0.08840645574824108
500000,0.0881577709658075
501000,0.0888569669108919
502000,0.08895290188088681
503000,0.08875255447432524
503000,0.08875255447432524
505000,0.08853679946514142
506000,0.08870005631061459
506000,0.08870005631061459
506000,0.08870005631061459
509000,0.08845649141816815
510000,0.08842376377330441
510000,0.08842376377330441
512000,0.08893377109665393
513000,0.08934702858924531
513000,0.08934702858924531
515000,0.08912033728504051
515000,0.08912033728504051
515000,0.08912033728504051
515000,0.08912033728504051
519000,0.08899402104154966
520000,0.08878744687919513
521000,0.08857836580572821
522000,0.08842383188147146
523000,0.0888954410605831
524000,0.08866214773207977
525000,0.08912808537607014
526000,0.0892730275362885
526000,0.0892730275362885
528000,0.08966025988234329
529000,0.08944628542518177
529000,0.08944628542518177
531000,0.08948187296419004
532000,0.0892519027051442
532000,0.0892519027051442
534000,0.08948961981096182
535000,0.08927689431857586
536000,0.09103967104263833
537000,0.09134153851907605
538000,0.09118783891866766
539000,0.0912466155718419
540000,0.09103205777750027
541000,0.09117246287093925
541000,0.09117246287093925
541000,0.09117246287093925
544000,0.09137390466737455
545000,0.09114802691748747
546000,0.0912861685940808
546000,0.0912861685940808
548000,0.0910980936275243
549000,0.09092651282942181
549000,0.09092651282942181
551000,0.0909271141451228
551000,0.0909271141451228
551000,0.0909271141451228
554000,0.0911611783178437
554000,0.0911611783178437
554000,0.0911611783178437
557000,0.09095000236723352
557000,0.09095000236723352
557000,0.09095000236723352
560000,0.09056850444279248
561000,0.09048859696070237
562000,0.09098545569317336
563000,0.09155012190537366
564000,0.09153558478726954
565000,0.09158798420939167
565000,0.09158798420939167
567000,0.09180654797470907
568000,0.09238254178895453
569000,0.09245820088800141
570000,0.09329832566311955
570000,0.09329832566311955
572000,0.09364787352381737
573000,0.09345239241494925
573000,0.09345239241494925
575000,0.0932391902839978
576000,0.0929878159929658
576000,0.0929878159929658
578000,0.09277956454765396
579000,0.09281041786674642
579000,0.09281041786674642
579000,0.09281041786674642
582000,0.0933583721305267
583000,0.0941531049176899
583000,0.0941531049176899
585000,0.09445805689970446
585000,0.09445805689970446
587000,0.09425318911508782
588000,0.09406308500056357
589000,0.09434342383328774
590000,0.0943753891681893
591000,0.0949528658470086
592000,0.09533623383939308
593000,0.09562917656143292
594000,0.09591045175390403
595000,0.09584115638437661
596000,0.09530316445985318
596000,0.09530316445985318
598000,0.09515309073417562
599000,0.09536514395316521
600000,0.09497086409528072
601000,0.09499083206025136
602000,0.09482148689839583
603000,0.09563082251077984
604000,0.0957584732939139
605000,0.0959043432761617
605000,0.0959043432761617
605000,0.0959043432761617
608000,0.09620483943225047
608000,0.09620483943225047
608000,0.09620483943225047
608000,0.09620483943225047
608000,0.09620483943225047
613000,0.09608501813578486
614000,0.09596174984386249
615000,0.09643602075211444
616000,0.09661564563007324
617000,0.09624309039527011
618000,0.09632330748999743
619000,0.09652783807281576
619000,0.09652783807281576
621000,0.09622969995846145
621000,0.09622969995846145
623000,0.09640499499966251
624000,0.09602121147612692
625000,0.09585599890790474
626000,0.09549751921844585
627000,0.09514744125730365
628000,0.0950104748421237
629000,0.09483818905234204
629000,0.09483818905234204
631000,0.09510645766783177
632000,0.09494447886979557
633000,0.09479354321050211
634000,0.09461311130370988
635000,0.09451692789879718
635000,0.09451692789879718
637000,0.0946583495083944
638000,0.09431971006751261
639000,0.09415329352245157
640000,0.09448796859176871
641000,0.09471174892739995
641000,0.09471174892739995
643000,0.09455309492543167
643000,0.09455309492543167
645000,0.09437677407965271
645000,0.09437677407965271
645000,0.09437677407965271
648000,0.09436018328783428
649000,0.09454727382449486
650000,0.0942053014249296
651000,0.09457882173504432
652000,0.094418109480659
653000,0.09404286795221459
653000,0.09404286795221459
653000,0.09404286795221459
656000,0.09390586535094961
657000,0.09375012318627246
657000,0.09375012318627246
657000,0.09375012318627246
657000,0.09375012318627246
657000,0.09375012318627246
662000,0.09368106760549642
663000,0.09336601588737527
663000,0.09336601588737527
665000,0.09373152563988985
666000,0.09386005991940885
666000,0.09386005991940885
668000,0.0937160381636991
669000,0.0940092721564837
669000,0.0940092721564837
671000,0.094018355871061
672000,0.09416428990224344
672000,0.09416428990224344
674000,0.09399641504641783
675000,0.09383569069236673
676000,0.09370183162720891
677000,0.0935359402389099
677000,0.0935359402389099
677000,0.0935359402389099
680000,0.09345470195132481
681000,0.093990749598195
682000,0.09390595364113398
683000,0.09377435570303524
684000,0.09362056496314976
685000,0.0934567548573087
686000,0.09347944183633804
687000,0.09360148786431707
687000,0.09360148786431707
689000,0.09359316159441194
690000,0.09327287418005259
691000,0.09301427307937411
691000,0.09301427307937411
693000,0.09285291564675317
694000,0.09276251571666567
695000,0.09260928019269511
696000,0.0927761746990433
697000,0.09291528225275218
697000,0.09291528225275218
699000,0.09295617924338033
699000,0.09295617924338033
701000,0.0932877730963597
702000,0.09297930180873058
703000,0.09370211994728218
704000,0.09356431110557255
705000,0.09340626591852168
706000,0.09381691711607452
706000,0.09381691711607452
708000,0.09366077366686282
709000,0.09380265989071015
709000,0.09380265989071015
711000,0.09339542801747892
712000,0.09327206488554649
712000,0.09327206488554649
714000,0.09354978258594518
715000,0.09389002566980764
716000,0.0938908925747979
717000,0.09400660088440162
718000,0.09407151769398414
719000,0.09392050835221083
720000,0.09418964352251191
721000,0.09409366927865602
722000,0.09426933272357711
723000,0.09412648900693732
723000,0.09412648900693732
723000,0.09412648900693732
726000,0.09403770150487362
726000,0.09403770150487362
728000,0.09365956581805635
728000,0.09365956581805635
730000,0.09388365682898164
731000,0.09403099790311992
731000,0.09403099790311992
733000,0.09392107288678651
734000,0.09410482846555537
735000,0.09438147079703352
736000,0.09458636268423697
737000,0.09483054899894044
738000,0.09522799231710402
739000,0.0950843232839897
739000,0.0950843232839897
741000,0.09505058095214237
742000,0.09516586421129623
743000,0.09508921948302079
744000,0.09484938308453057
745000,0.09522862117509698
746000,0.09508705308742205
747000,0.09499686320681303
747000,0.09499686320681303
749000,0.0951756849283193
750000,0.0952779756087828
751000,0.095058898747265
752000,0.09544842350326536
753000,0.0953688009109664
754000,0.09522326165592652
755000,0.0954203768124856
756000,0.09551462880290686
757000,0.09620139894439876
758000,0.09591244889522939
758000,0.09591244889522939
760000,0.096404859101254
761000,0.09627449496482626
761000,0.09627449496482626
763000,0.09652312475578988
764000,0.0961332382665569
765000,0.09635659753027052
766000,0.09660275139504458
766000,0.09660275139504458
768000,0.09647496207654432
769000,0.09658837248385038
769000,0.09658837248385038
771000,0.09660271589335341
772000,0.09687518531906546
772000,0.09687518531906546
774000,0.09674100485881075
775000,0.09666341993200221
775000,0.09666341993200221
777000,0.09688124176154637
778000,0.09714872518728203
779000,0.09700838962216445
779000,0.09700838962216445
781000,0.0969558943967742
781000,0.0969558943967742
783000,0.09709866308589342
784000,0.0969679379995411
785000,0.09669127270606573
785000,0.09669127270606573
787000,0.09690207583689116
788000,0.09676365516704262
788000,0.09676365516704262
790000,0.09728597147640142
791000,0.09704951473249776
791000,0.09704951473249776
793000,0.09706971666087719
793000,0.09706971666087719
795000,0.09698214732852731
796000,0.09689199064150932
797000,0.09687413242074068
797000,0.09687413242074068
799000,0.09692097955547596
800000,0.09679460512497835
801000,0.09689617719294091
802000,0.09717725427051983
802000,0.09717725427051983
804000,0.09705822025898093
804000,0.09705822025898093
806000,0.0972300146441114
807000,0.09732122613858109
808000,0.09726304494241199
