1000,0.21177913476522328
2000,0.11729474649959434
3000,0.1266471907353338
4000,0.16211487439858854
5000,0.15956091556389557
6000,0.17511636634592526
7000,0.16558475470933762
8000,0.17836128652723582
9000,0.18814931552010575
10000,0.19632798430233897
11000,0.19221813187774073
12000,0.18287787898434746
13000,0.17496927402930362
14000,0.17115432941106826
15000,0.1706606799678254
16000,0.18042192551925765
17000,0.1824306425748822
18000,0.19675566561464614
19000,0.1895904703423055
20000,0.1880205143781986
21000,0.19755731580064553
22000,0.20271757665037116
23000,0.2002713900020206
24000,0.20165735083380773
25000,0.20203923182881062
26000,0.20048647537939016
27000,0.20256659428037907
28000,0.19771261787357608
29000,0.19711137839375067
30000,0.19469163680581283
31000,0.19051775769341636
32000,0.18935095902131802
33000,0.18799253592010653
34000,0.1862501139230791
35000,0.18397575713984446
36000,0.18505288324975244
37000,0.1833207473235939
38000,0.18382012909456874
39000,0.1853400292069705
40000,0.18650953202157455
41000,0.187150054544552
42000,0.18561038250738737
43000,0.1876878911911
44000,0.1873541281425907
45000,0.18432661227560013
46000,0.18121078328727405
47000,0.180797731192784
48000,0.18157362852442005
49000,0.18144638992066703
50000,0.18325102790535538
51000,0.18583858302219536
52000,0.18642337371507567
53000,0.18749234197184558
54000,0.18946781090952616
55000,0.18689237505311848
56000,0.18733091579902988
57000,0.18706858724591563
58000,0.18788744020905235
59000,0.18774898022258907
60000,0.18743370377445778
61000,0.18579789589224643
62000,0.18568516521195133
63000,0.18370756365868543
64000,0.185765878665107
65000,0.18631565339116823
66000,0.1872795838064113
67000,0.18812101637149528
68000,0.18680771889345443
69000,0.18480430437993622
70000,0.18743615579564302
71000,0.1884115323859744
72000,0.1886919773200563
73000,0.19083819272051314
74000,0.1888944348403364
75000,0.18970126731158782
76000,0.188044369777039
77000,0.18786748971882425
78000,0.18763213833214823
79000,0.18682704964214517
80000,0.18698331978763832
81000,0.187485922672007
82000,0.1868156210029181
83000,0.18782048384591837
84000,0.18795112733426955
85000,0.1883281374122891
86000,0.1864981419343795
87000,0.18770928431253356
88000,0.18613496660927123
89000,0.1872660075913125
90000,0.1865981192505564
91000,0.1864318935227239
92000,0.18658053029143482
93000,0.18542835403758942
94000,0.18460510246136672
95000,0.183805091801345
96000,0.18282200899113318
97000,0.18285160246391172
98000,0.1827876454576214
99000,0.18267796576998052
100000,0.18203539658658294
101000,0.18166200801940852
102000,0.1818219328629193
103000,0.17992122856744175
104000,0.17917142388242946
105000,0.17968621173624952
106000,0.17943205785553648
107000,0.17933618220913597
108000,0.1796812389271492
109000,0.1794646902515641
110000,0.1786968250834152
111000,0.17861444071452218
112000,0.17868403538437447
113000,0.17914109128128874
114000,0.17911683591744115
115000,0.17891638989443148
116000,0.1788388181895938
117000,0.17796561276442296
118000,0.17786949581533246
119000,0.1777481591513373
120000,0.17734613401212915
121000,0.17795765492478832
122000,0.17951351694400602
123000,0.17883735893385824
124000,0.17898705804235787
125000,0.17872943013702788
126000,0.17804743359615335
127000,0.17690641256622205
128000,0.17683960910358562
129000,0.17573877569361424
130000,0.17477992541857434
131000,0.17385890527347092
132000,0.17448565825948767
133000,0.17437620688164054
134000,0.1741096733213344
135000,0.1752619389161128
136000,0.17600242207543557
137000,0.1755128207520079
138000,0.1752766267651627
139000,0.17572263067257518
140000,0.17720811628371572
141000,0.17649377260384932
142000,0.1766403509748271
143000,0.17546391694375704
144000,0.1755496340425845
145000,0.17607909984160927
146000,0.17588604120099796
147000,0.17649167065375376
148000,0.17747469817866623
149000,0.17696671619578544
150000,0.17728277308845422
151000,0.17753981030919433
152000,0.17662220966662648
153000,0.1770608571036273
154000,0.17785838903662432
155000,0.17800152692227267
156000,0.1784097310602777
157000,0.1779352753600437
158000,0.17763068366945137
159000,0.178669549400681
160000,0.17776318437997418
161000,0.17768493360388807
162000,0.1773861538773051
163000,0.17743062890943787
164000,0.177305091371399
165000,0.17740421469359433
166000,0.17702860950639118
167000,0.17607719825494586
168000,0.17572502737084528
169000,0.17560947965969928
170000,0.17500185675545765
171000,0.17525707644316516
172000,0.17580232190398767
173000,0.17619957293102204
174000,0.17550677962966077
175000,0.175061214125371
176000,0.17370635827380682
177000,0.1755597504642567
178000,0.17532130015548814
179000,0.17344148536266493
180000,0.1730083533455441
181000,0.17303772072105164
182000,0.17232679032483764
183000,0.17295981391479556
184000,0.17148904321548292
185000,0.17272454768724976
186000,0.17276003111910246
187000,0.1732008383355472
188000,0.1740356785663682
189000,0.17396085250777907
190000,0.17401304844289325
191000,0.1743217852085081
192000,0.17461874667257204
193000,0.17425186314635396
194000,0.17427515531719148
195000,0.1733088574181453
196000,0.172153066302733
197000,0.1726321691205436
198000,0.1715952927877329
199000,0.1725290516270627
200000,0.17344172041216532
201000,0.17291248803558484
202000,0.17295119586667893
203000,0.1718533342508939
204000,0.17189253359822618
205000,0.1720783280825169
206000,0.17213430620655631
207000,0.1721204595661576
208000,0.1715619111979833
209000,0.17133692664670708
210000,0.1701944049459293
211000,0.16973778889887928
212000,0.17043867105203303
213000,0.16993719547306038
214000,0.17030482561597085
215000,0.1704183132223295
216000,0.16993382622271686
217000,0.16950429990364918
218000,0.16967104042659117
219000,0.1694859914040706
220000,0.16960019398379875
221000,0.1690519054379553
222000,0.16767857800396097
223000,0.16790231144155512
224000,0.16725524277942946
225000,0.1659917136495405
226000,0.16593772183928543
227000,0.16599757429755127
228000,0.16567963037576403
229000,0.16582040500674725
230000,0.1666337879308307
231000,0.16627294758546696
232000,0.16481357095973123
233000,0.16490197251567582
234000,0.16465279168285654
235000,0.16399649636943062
236000,0.16424186440972374
237000,0.16386218661364144
238000,0.16407248886245196
239000,0.16383008803344332
240000,0.16551218612404567
241000,0.16500053815402582
242000,0.16446303016606492
243000,0.16536879089664602
244000,0.16518244148927827
245000,0.16605863550930894
246000,0.16554440436760193
247000,0.16626811105088507
248000,0.16691332797348746
249000,0.16740104216467838
250000,0.16740592153106298
251000,0.16711754080487445
252000,0.16647028575343242
253000,0.16620161298320454
254000,0.16632270404472116
255000,0.16646350930010556
256000,0.16630629879074216
257000,0.16647801361162795
258000,0.1681552927423554
259000,0.1672839841345012
260000,0.16756081070690818
261000,0.1681717000320487
262000,0.16703892557696365
263000,0.16771747597660136
264000,0.1683092346056248
265000,0.16892706736538826
266000,0.16935596491320515
267000,0.16922431015852782
268000,0.1697396582295378
269000,0.1699820802753682
270000,0.1697707206415871
271000,0.1703944491128454
272000,0.16956645879384666
273000,0.17089931067431774
274000,0.17094974710749822
275000,0.17113079640731108
276000,0.17101116313943954
277000,0.17193035979963317
278000,0.17223699760415984
279000,0.1740915210855103
280000,0.17393557829938805
281000,0.1758178357873221
282000,0.17650930639113588
283000,0.17651978089096787
284000,0.17623468687298383
285000,0.17671285557663352
286000,0.17524811361939402
287000,0.17500873440449527
288000,0.17474196214340332
289000,0.1745979391002185
290000,0.17394462855802523
291000,0.17389148445376978
292000,0.1740934507413532
293000,0.1740398930753173
294000,0.17423485471044756
295000,0.17392786277029787
296000,0.1740745616077387
297000,0.17337497155915463
298000,0.17329249157246293
299000,0.1739520659104149
300000,0.17440401962184546
301000,0.17312299569352632
302000,0.17338770724012012
303000,0.17285759885703364
304000,0.17346514918478345
305000,0.17316594001361324
306000,0.1728689767126114
307000,0.17376963821638405
308000,0.17228344444761745
309000,0.17289580084630074
310000,0.17336366990763538
311000,0.1739790442815032
312000,0.1741115214427151
313000,0.17404659909612014
314000,0.17474653626233685
315000,0.1769517346309292
316000,0.1765551723513685
317000,0.17573670789350163
318000,0.17638295667557094
319000,0.1765010916250828
320000,0.17719999562269595
321000,0.17767542162515854
322000,0.17779469169043638
323000,0.17750227133484248
324000,0.17646580462508277
325000,0.17755285444418367
326000,0.17733846089232913
327000,0.1781437947037469
328000,0.17810564482515023
329000,0.1785762240613848
330000,0.17891045554037152
331000,0.17891837149330211
332000,0.17831325308937782
333000,0.17723198973502538
334000,0.17804116755891874
335000,0.17745754561571409
336000,0.17834047583025933
337000,0.17778927368865408
338000,0.17754532638941942
339000,0.1779453576477962
340000,0.17700010883271386
341000,0.17858023570179762
342000,0.17976542333571438
343000,0.18039932991746394
344000,0.1794553668620181
345000,0.17966785460983242
346000,0.18054778731931145
347000,0.18173714966847274
348000,0.1818667580098743
349000,0.18168820545960318
350000,0.18208698335664217
351000,0.18158302403041968
352000,0.18116773089948443
353000,0.181985121354221
354000,0.18286066621296693
355000,0.18340715729447662
356000,0.18461564446515238
357000,0.1845257394685355
358000,0.18404074131915138
359000,0.18385164836399548
360000,0.18342224206036678
361000,0.18411135837131526
362000,0.18300351165032008
363000,0.18266237915324593
364000,0.18306856680495712
365000,0.1837715847496621
366000,0.18410389995118198
367000,0.1842379111921999
368000,0.18384731312362987
369000,0.18299128382607677
370000,0.18338379033272445
371000,0.18315696170795043
372000,0.18290150919764214
373000,0.18244505932520735
374000,0.1824891512259394
375000,0.18247924480363592
376000,0.18278660784021628
377000,0.18454190314834518
378000,0.1855493943790661
379000,0.1853641037546684
380000,0.18504070466056682
381000,0.18547739308845906
382000,0.18415810252768094
383000,0.18275849123246507
384000,0.18276965223225658
385000,0.18314218630494053
386000,0.18277762595208702
387000,0.18265471686477927
388000,0.1825857804024519
389000,0.1835581206707436
390000,0.18407816330465113
391000,0.1842542731870015
392000,0.18351594482693664
393000,0.18346415789568252
394000,0.1836763822539093
395000,0.1841260884246524
396000,0.1840730643413914
397000,0.18465721956567047
398000,0.18437906856144184
399000,0.18521853339937538
400000,0.18523186741271838
401000,0.18432066109880355
402000,0.18497329527175255
403000,0.18582245257069535
404000,0.18438734684985103
405000,0.1849701599213269
406000,0.18571144256697053
407000,0.18463042707882787
408000,0.1833756111327507
409000,0.18170926252357794
410000,0.18148342300285758
411000,0.18035145403107986
412000,0.18004593021331927
413000,0.1799923825052917
414000,0.17927766803205886
415000,0.1800915315803125
416000,0.18073071180381567
417000,0.1787523442832689
418000,0.17871513409601325
419000,0.17852872181238236
420000,0.17826350810279126
421000,0.17767228263863621
422000,0.1763406364100301
423000,0.17616610737620028
424000,0.1747458988188237
425000,0.17406788933170883
426000,0.17431113544024945
427000,0.17323130079749316
428000,0.1721173030565765
429000,0.17157770217216262
430000,0.1719417064177847
431000,0.17262784186271596
432000,0.17311555420018387
433000,0.17425094410054856
434000,0.17457119907380791
435000,0.17525335240225876
436000,0.17514282052444982
437000,0.1754456203692789
438000,0.1757307229548342
439000,0.17500260093291511
440000,0.17615702689635276
441000,0.1758447484863609
442000,0.17522085349266542
443000,0.17416568361670148
444000,0.17440665080223455
445000,0.17583506828050008
446000,0.1770017633192921
447000,0.17634209654089422
448000,0.17597854762377635
449000,0.17623363482899504
450000,0.1768851423503323
451000,0.17647058046965478
452000,0.17654573578787086
453000,0.17680300090988346
454000,0.17630763981271008
455000,0.17650807683111502
456000,0.17732042104369752
457000,0.17584681412790493
458000,0.17463094964230522
459000,0.1755120961806457
460000,0.17672011259463621
461000,0.17567560115722086
462000,0.17576082860243514
463000,0.17597413335430348
464000,0.17511790476979866
465000,0.17571350103445144
466000,0.17509010915894008
467000,0.1749161772496181
468000,0.17452909632932723
469000,0.17498426785841628
470000,0.17508991151342962
471000,0.17554606816875187
472000,0.1754860737728635
473000,0.17584735482641792
474000,0.17594890442814562
475000,0.17670975872076405
476000,0.17596537129031295
477000,0.17510352349745215
478000,0.17638916591875686
479000,0.17664659419013817
480000,0.17721516615541885
481000,0.17644589238892538
482000,0.17418810169105206
483000,0.1737796681416429
484000,0.17321617400027373
485000,0.17356520234466022
486000,0.1741818554353548
487000,0.1738763833232304
488000,0.17260521341020718
489000,0.17255363501662668
490000,0.17344922310390187
491000,0.17391299863376644
492000,0.17251374169440475
493000,0.1727296291851041
494000,0.1712868393614064
495000,0.1709991590079104
496000,0.17028400317267903
497000,0.1704543354735427
498000,0.17046674800491893
499000,0.16963467580354302
500000,0.1696133461535932
501000,0.17010307615222428
502000,0.17002472603621446
503000,0.1704482358929139
504000,0.17041473195733725
505000,0.16980355015209234
506000,0.1707315955126103
507000,0.17173834370335503
508000,0.17195841176809135
509000,0.1723627864634976
510000,0.17317440778775164
511000,0.1736232597940021
512000,0.17368543077817153
513000,0.17483434697108655
514000,0.17491303534178734
515000,0.17513182232830826
516000,0.17516408659685204
517000,0.17308085962226863
518000,0.1720208234837961
519000,0.17153716239437208
520000,0.17177395571286108
521000,0.17091055866587085
522000,0.1715130292144073
523000,0.1732990906015641
524000,0.17361435119394786
525000,0.1732639987267745
526000,0.17278164908643834
527000,0.17300812666474222
528000,0.1726565605527185
529000,0.17187339859338618
530000,0.17064251029910904
531000,0.16982534804430116
532000,0.1694290105251995
533000,0.16849680300140907
534000,0.16971309847763513
535000,0.16976418077700514
536000,0.17046565109078293
537000,0.17124336520726222
538000,0.1709280469525423
539000,0.1709179674382383
540000,0.1706567984125609
541000,0.17065862320762265
542000,0.16967834090914324
543000,0.16993649823984117
544000,0.169724160254044
545000,0.17046316494778416
546000,0.17077715848838068
547000,0.17068221420972876
548000,0.17101144693940962
549000,0.17108443422630018
550000,0.17130244261235147
551000,0.1723691494773385
552000,0.17319332729341103
553000,0.1726761770705392
554000,0.17430132841729068
555000,0.17433279641264612
556000,0.17502717191613212
557000,0.17468582720809958
558000,0.17513932629692686
559000,0.17377617827168815
560000,0.17285086385004672
561000,0.1737359887953906
562000,0.17318598572779859
563000,0.17531480641194366
564000,0.17484557557211838
565000,0.17503312515940245
566000,0.1757749767397761
567000,0.1765490853129086
568000,0.17825433929592832
569000,0.1811583805685201
570000,0.18233903769174548
571000,0.1832439854555349
572000,0.1824609538556785
573000,0.18011245862098055
574000,0.17939562280545046
575000,0.17940905172182187
576000,0.1784357381803439
577000,0.1790501305429906
578000,0.1784087907705001
579000,0.17904154684398227
580000,0.17758838879461267
581000,0.1771032656138755
582000,0.17782910854367037
583000,0.17846188732144486
584000,0.1781349760171734
585000,0.17729401468161057
586000,0.17624332024955475
587000,0.17644128613365234
588000,0.17643258121918626
589000,0.1757963530769229
590000,0.17711432790370044
591000,0.17750551843936274
592000,0.1765715871828309
593000,0.1766693780598885
594000,0.1771167803266176
595000,0.1769406523137785
596000,0.17736780259467727
597000,0.17733114257226476
598000,0.17604039536471122
599000,0.17457798143434236
600000,0.17442024389852243
601000,0.17514196832150764
602000,0.17562642878969337
603000,0.17480354417291483
604000,0.1750424124999605
605000,0.17495232524210683
606000,0.1746737782542754
607000,0.1756313983911492
608000,0.17492866539889354
609000,0.17347251204287842
610000,0.1742186095496728
611000,0.1730079058012222
612000,0.17310217412667303
613000,0.17300013519463778
614000,0.17356672925166902
615000,0.1743759135318354
616000,0.17406818820182424
617000,0.173899413998809
618000,0.17355133764361613
619000,0.17390879998968478
620000,0.17530216751655245
621000,0.17594889930564472
622000,0.1754582471787698
623000,0.17572413295734277
624000,0.1745349964766558
625000,0.17388671664757574
626000,0.1741253898101896
627000,0.1735881319299078
628000,0.17411484605854594
629000,0.17250021971987162
630000,0.17439277932269961
631000,0.17460813824045024
632000,0.1735217247782302
633000,0.17368223553144985
634000,0.174641684438681
635000,0.1745357491313337
636000,0.17596047379241456
637000,0.17620534025543177
638000,0.1768959760967257
639000,0.17660775855327934
640000,0.17709001509555167
641000,0.1765476425603499
642000,0.17714626714611056
643000,0.17640666783429715
644000,0.17509370839182542
645000,0.17535027752307672
646000,0.17472632284916415
647000,0.1753225895707327
648000,0.17523497599249607
649000,0.17504269884725102
650000,0.17520013679905794
651000,0.1747315281700297
652000,0.17489163030166327
653000,0.17425314069370032
654000,0.17444666649717375
655000,0.17489472650603796
656000,0.17522545351159086
657000,0.1752560610420541
658000,0.17624359625246894
659000,0.17625255679526214
660000,0.17743589372340235
661000,0.1778371947030416
662000,0.17708205034329097
663000,0.177353348175644
664000,0.17648987331756166
665000,0.17641745533545758
666000,0.175682859191406
667000,0.17705168432241186
668000,0.1773986759472257
669000,0.17820561286091255
670000,0.1787365610515035
671000,0.1782096685105517
672000,0.17746829306948636
673000,0.17803651505641274
674000,0.17920367319858746
675000,0.17924411295661277
676000,0.18065296093953326
677000,0.18103329867817647
678000,0.18213246201577912
679000,0.1812597125476158
680000,0.18167283421880612
681000,0.18044012217436328
682000,0.1800683868600134
683000,0.1802422975432519
684000,0.18063747717581805
685000,0.18095311621232554
686000,0.18064434983368557
687000,0.18097030113846602
688000,0.1794244192767245
689000,0.17982568004695576
690000,0.17974870619306424
691000,0.1801094111268292
692000,0.1795839614540714
693000,0.17792206998557322
694000,0.178765774245102
695000,0.1787391558617564
696000,0.17822494217180446
697000,0.17928275787868322
698000,0.1793073767975458
699000,0.17808259730947662
700000,0.17827285811042068
701000,0.17693268354561775
702000,0.1753511123384283
703000,0.17397448902252358
704000,0.17304883882121674
705000,0.17363671829246466
706000,0.17455220931106158
707000,0.17540300485519306
708000,0.17640230982024196
709000,0.17533716625482346
710000,0.17572219357673827
711000,0.17590256301537677
712000,0.176749480178743
713000,0.1763833696642703
714000,0.17685902196235367
715000,0.17644785524130163
716000,0.17731094450064858
717000,0.17644576607808482
718000,0.176954383399366
719000,0.1765496678778877
720000,0.17718396699550262
721000,0.17706761376310873
722000,0.1770172718375996
723000,0.1770216301334969
724000,0.17721415000149818
725000,0.17577196256685457
726000,0.1748683617095754
727000,0.17457752082941208
728000,0.17480303235529746
729000,0.17462891212773712
730000,0.17450184737713983
731000,0.1751225272237274
732000,0.17491371525172456
733000,0.1757856148933509
734000,0.17669632652228112
735000,0.17780925801996042
736000,0.17567068124376686
737000,0.17561333747432803
738000,0.17567154139186802
739000,0.17590340556842524
740000,0.1765071970649571
741000,0.1771940087615427
742000,0.1764837442749265
743000,0.17773488007388272
744000,0.17778360127880388
745000,0.17897982577516192
746000,0.17876622725823066
747000,0.17835416636273596
748000,0.17814513819867772
749000,0.17920380061395325
750000,0.17946314171357097
751000,0.17846526520313677
752000,0.1774895210295603
753000,0.17617006476026123
754000,0.1766706766124468
755000,0.1782667126694939
756000,0.1785650503751541
757000,0.18094583794894178
758000,0.18053568412485815
759000,0.1807811399820524
760000,0.18151750347377263
761000,0.18200215270374467
762000,0.18175732213615395
763000,0.18100309202147702
764000,0.18065915501539484
765000,0.1809716301727531
766000,0.180777026851689
767000,0.18128721930044575
768000,0.17930113338614662
769000,0.17926836269439472
770000,0.1782104154393343
771000,0.17915239645790093
772000,0.17974467579951448
773000,0.1787390182751884
774000,0.17806636900942333
775000,0.1789762571468491
776000,0.17941048527010195
777000,0.17905279632420357
778000,0.17916470196964498
779000,0.18182665522062982
780000,0.1833634358591987
781000,0.18285704372165087
782000,0.1826709557952404
783000,0.18298583431984433
784000,0.18357475417090002
785000,0.18387319973161778
786000,0.1823137408237226
787000,0.1835925713400718
788000,0.18329833376979593
789000,0.18318819830230268
790000,0.1826815572502345
791000,0.1833536755856637
792000,0.18287926032070742
793000,0.1827073688770173
794000,0.18357091745454834
795000,0.18288533904069976
796000,0.1826778123253344
797000,0.1823995855427147
798000,0.18238862470020253
799000,0.18318524843057626
800000,0.18293222479685367
801000,0.1825498534599357
802000,0.181968929167252
803000,0.18220589998026668
804000,0.18132425613608089
805000,0.17944555668643203
806000,0.17971236134596477
807000,0.18055096632780776
808000,0.17983707441001953
