4000,0.017741247518623493
4000,0.017741247518623493
4000,0.017741247518623493
4000,0.017741247518623493
8000,0.10334479689839393
8000,0.10334479689839393
8000,0.10334479689839393
8000,0.10334479689839393
8000,0.10334479689839393
8000,0.10334479689839393
8000,0.10334479689839393
15000,0.08055973999096229
15000,0.08055973999096229
15000,0.08055973999096229
18000,0.21652772372546455
18000,0.21652772372546455
18000,0.21652772372546455
18000,0.21652772372546455
18000,0.21652772372546455
18000,0.21652772372546455
18000,0.21652772372546455
25000,0.1964062633294066
26000,0.16377180256752824
26000,0.16377180256752824
26000,0.16377180256752824
26000,0.16377180256752824
26000,0.16377180256752824
31000,0.14300882367787512
32000,0.1254250789561151
33000,0.13805457815166486
34000,0.12710317720470776
35000,0.12624362762525543
35000,0.12624362762525543
35000,0.12624362762525543
35000,0.12624362762525543
35000,0.12624362762525543
35000,0.12624362762525543
35000,0.12624362762525543
35000,0.12624362762525543
35000,0.12624362762525543
35000,0.12624362762525543
35000,0.12624362762525543
35000,0.12624362762525543
47000,0.12120659880729008
48000,0.11539635972319501
48000,0.11539635972319501
48000,0.11539635972319501
51000,0.12553774594446757
52000,0.11763040980566315
52000,0.11763040980566315
52000,0.11763040980566315
55000,0.1102812194467114
55000,0.1102812194467114
55000,0.1102812194467114
55000,0.1102812194467114
55000,0.1102812194467114
60000,0.10434889536481853
60000,0.10434889536481853
60000,0.10434889536481853
60000,0.10434889536481853
60000,0.10434889536481853
60000,0.10434889536481853
60000,0.10434889536481853
60000,0.10434889536481853
68000,0.09988515482277324
68000,0.09988515482277324
68000,0.09988515482277324
68000,0.09988515482277324
72000,0.09596293188976225
72000,0.09596293188976225
74000,0.09691650785566283
75000,0.09911528095752689
75000,0.09911528095752689
75000,0.09911528095752689
75000,0.09911528095752689
75000,0.09911528095752689
80000,0.10558617334369713
80000,0.10558617334369713
80000,0.10558617334369713
83000,0.1019161242328417
83000,0.1019161242328417
85000,0.10686954384508718
85000,0.10686954384508718
85000,0.10686954384508718
85000,0.10686954384508718
85000,0.10686954384508718
90000,0.10350101720825897
91000,0.09989036712856046
91000,0.09989036712856046
91000,0.09989036712856046
91000,0.09989036712856046
91000,0.09989036712856046
96000,0.09687644564235486
96000,0.09687644564235486
96000,0.09687644564235486
96000,0.09687644564235486
96000,0.09687644564235486
96000,0.09687644564235486
96000,0.09687644564235486
96000,0.09687644564235486
96000,0.09687644564235486
96000,0.09687644564235486
96000,0.09687644564235486
96000,0.09687644564235486
96000,0.09687644564235486
96000,0.09687644564235486
96000,0.09687644564235486
96000,0.09687644564235486
112000,0.09342595148315214
112000,0.09342595148315214
112000,0.09342595148315214
112000,0.09342595148315214
112000,0.09342595148315214
112000,0.09342595148315214
118000,0.09098211359741463
118000,0.09098211359741463
118000,0.09098211359741463
118000,0.09098211359741463
118000,0.09098211359741463
118000,0.09098211359741463
118000,0.09098211359741463
118000,0.09098211359741463
118000,0.09098211359741463
118000,0.09098211359741463
118000,0.09098211359741463
118000,0.09098211359741463
118000,0.09098211359741463
118000,0.09098211359741463
132000,0.09155351664844279
133000,0.09397206548878684
133000,0.09397206548878684
133000,0.09397206548878684
133000,0.09397206548878684
137000,0.0968721796695334
137000,0.0968721796695334
137000,0.0968721796695334
137000,0.0968721796695334
137000,0.0968721796695334
137000,0.0968721796695334
143000,0.09258417675630164
143000,0.09258417675630164
145000,0.09455461438461325
145000,0.09455461438461325
147000,0.09725834599532439
147000,0.09725834599532439
149000,0.09474828799163988
149000,0.09474828799163988
151000,0.09246657088789383
151000,0.09246657088789383
151000,0.09246657088789383
151000,0.09246657088789383
151000,0.09246657088789383
156000,0.09784235894374066
156000,0.09784235894374066
156000,0.09784235894374066
156000,0.09784235894374066
160000,0.09545949671136914
160000,0.09545949671136914
160000,0.09545949671136914
160000,0.09545949671136914
164000,0.09721404714711818
164000,0.09721404714711818
164000,0.09721404714711818
164000,0.09721404714711818
168000,0.09593526075439103
168000,0.09593526075439103
170000,0.09380769269171879
170000,0.09380769269171879
170000,0.09380769269171879
170000,0.09380769269171879
170000,0.09380769269171879
175000,0.0924573569393793
175000,0.0924573569393793
175000,0.0924573569393793
175000,0.0924573569393793
179000,0.09700736150484122
179000,0.09700736150484122
179000,0.09700736150484122
179000,0.09700736150484122
179000,0.09700736150484122
184000,0.09689358727782438
184000,0.09689358727782438
186000,0.09555954638556613
186000,0.09555954638556613
186000,0.09555954638556613
186000,0.09555954638556613
186000,0.09555954638556613
186000,0.09555954638556613
186000,0.09555954638556613
193000,0.09737786098997944
194000,0.09551176530426678
194000,0.09551176530426678
194000,0.09551176530426678
194000,0.09551176530426678
194000,0.09551176530426678
199000,0.09670316778331796
199000,0.09670316778331796
199000,0.09670316778331796
199000,0.09670316778331796
199000,0.09670316778331796
199000,0.09670316778331796
199000,0.09670316778331796
199000,0.09670316778331796
207000,0.09647333312293956
207000,0.09647333312293956
207000,0.09647333312293956
210000,0.09393542062336455
210000,0.09393542062336455
210000,0.09393542062336455
213000,0.09698369671403441
214000,0.09677291954423003
214000,0.09677291954423003
214000,0.09677291954423003
214000,0.09677291954423003
214000,0.09677291954423003
214000,0.09677291954423003
214000,0.09677291954423003
221000,0.09577069784346909
221000,0.09577069784346909
221000,0.09577069784346909
221000,0.09577069784346909
221000,0.09577069784346909
226000,0.09429618276390005
226000,0.09429618276390005
226000,0.09429618276390005
226000,0.09429618276390005
226000,0.09429618276390005
226000,0.09429618276390005
226000,0.09429618276390005
226000,0.09429618276390005
226000,0.09429618276390005
226000,0.09429618276390005
226000,0.09429618276390005
226000,0.09429618276390005
238000,0.09321849188631005
239000,0.09368940123650385
239000,0.09368940123650385
241000,0.0948377353186609
242000,0.09343473030310376
243000,0.0947598678355293
243000,0.0947598678355293
243000,0.0947598678355293
243000,0.0947598678355293
247000,0.09572798605476976
248000,0.09489342284186505
248000,0.09489342284186505
248000,0.09489342284186505
248000,0.09489342284186505
248000,0.09489342284186505
253000,0.09268758674731936
253000,0.09268758674731936
253000,0.09268758674731936
253000,0.09268758674731936
257000,0.09181493587667229
257000,0.09181493587667229
257000,0.09181493587667229
260000,0.09008318049915895
261000,0.09128227415743571
261000,0.09128227415743571
261000,0.09128227415743571
261000,0.09128227415743571
261000,0.09128227415743571
261000,0.09128227415743571
267000,0.09018990233861257
267000,0.09018990233861257
267000,0.09018990233861257
270000,0.08910479462187437
271000,0.09031323131351894
271000,0.09031323131351894
273000,0.09228339822078548
273000,0.09228339822078548
275000,0.09309764593533629
275000,0.09309764593533629
275000,0.09309764593533629
278000,0.09238096521342273
278000,0.09238096521342273
280000,0.09368731497565053
281000,0.09367651408112218
282000,0.09299051935816066
282000,0.09299051935816066
282000,0.09299051935816066
282000,0.09299051935816066
282000,0.09299051935816066
287000,0.09222500249068215
288000,0.09177823037702067
288000,0.09177823037702067
288000,0.09177823037702067
291000,0.09080674048616144
291000,0.09080674048616144
293000,0.08982756526009113
294000,0.09126851123198618
295000,0.09263781538963148
296000,0.0918936615077722
296000,0.0918936615077722
296000,0.0918936615077722
299000,0.0931050505718221
299000,0.0931050505718221
299000,0.0931050505718221
302000,0.0934423005239922
302000,0.0934423005239922
302000,0.0934423005239922
305000,0.0940306908262623
305000,0.0940306908262623
305000,0.0940306908262623
308000,0.09468376422418408
308000,0.09468376422418408
308000,0.09468376422418408
308000,0.09468376422418408
312000,0.09374942308786635
312000,0.09374942308786635
312000,0.09374942308786635
315000,0.09475416333792128
315000,0.09475416333792128
317000,0.09381208801017714
317000,0.09381208801017714
319000,0.09297700491437169
319000,0.09297700491437169
321000,0.09363354237179088
322000,0.09303966108670626
322000,0.09303966108670626
322000,0.09303966108670626
325000,0.09259611795799493
326000,0.09194213217404656
326000,0.09194213217404656
326000,0.09194213217404656
326000,0.09194213217404656
330000,0.09245369634501482
331000,0.09350973964074391
331000,0.09350973964074391
333000,0.09199319548844742
333000,0.09199319548844742
333000,0.09199319548844742
336000,0.09326087369596125
337000,0.09251360065451827
338000,0.09178825197396451
339000,0.09292296875389602
340000,0.09379423022798497
340000,0.09379423022798497
342000,0.09554987928224762
342000,0.09554987928224762
342000,0.09554987928224762
345000,0.09511631534231427
345000,0.09511631534231427
347000,0.09371851525858522
348000,0.09519383459121056
348000,0.09519383459121056
348000,0.09519383459121056
348000,0.09519383459121056
348000,0.09519383459121056
348000,0.09519383459121056
348000,0.09519383459121056
355000,0.09570393196120629
355000,0.09570393196120629
355000,0.09570393196120629
355000,0.09570393196120629
355000,0.09570393196120629
360000,0.09785583181947936
361000,0.09733981360424618
361000,0.09733981360424618
363000,0.09665756309413603
363000,0.09665756309413603
363000,0.09665756309413603
363000,0.09665756309413603
363000,0.09665756309413603
363000,0.09665756309413603
363000,0.09665756309413603
370000,0.09738389905346409
370000,0.09738389905346409
370000,0.09738389905346409
370000,0.09738389905346409
374000,0.09676370715836169
375000,0.0961380029413702
376000,0.095571717701689
376000,0.095571717701689
376000,0.095571717701689
376000,0.095571717701689
380000,0.09576361309847702
380000,0.09576361309847702
382000,0.09528311993348199
382000,0.09528311993348199
382000,0.09528311993348199
382000,0.09528311993348199
386000,0.0952266584927248
387000,0.09425296654958619
387000,0.09425296654958619
387000,0.09425296654958619
387000,0.09425296654958619
387000,0.09425296654958619
387000,0.09425296654958619
387000,0.09425296654958619
394000,0.09320776022284605
395000,0.09261887335618849
395000,0.09261887335618849
395000,0.09261887335618849
398000,0.09242378573351323
399000,0.09200960720643649
399000,0.09200960720643649
399000,0.09200960720643649
399000,0.09200960720643649
399000,0.09200960720643649
404000,0.09136620542377057
405000,0.09184623334501808
406000,0.09122404608463903
406000,0.09122404608463903
408000,0.09067848531784875
409000,0.09016699703694343
410000,0.09033656207793486
410000,0.09033656207793486
412000,0.08990923998372445
413000,0.089574557994302
413000,0.089574557994302
415000,0.08956858249037832
416000,0.08986503999940453
416000,0.08986503999940453
416000,0.08986503999940453
416000,0.08986503999940453
420000,0.08949840283996945
420000,0.08949840283996945
422000,0.08872129101325629
423000,0.08870084296205487
423000,0.08870084296205487
423000,0.08870084296205487
426000,0.08857854362190179
427000,0.08892533340093986
427000,0.08892533340093986
429000,0.0884921156649991
429000,0.0884921156649991
429000,0.0884921156649991
429000,0.0884921156649991
429000,0.0884921156649991
429000,0.0884921156649991
429000,0.0884921156649991
436000,0.08841918395523796
436000,0.08841918395523796
436000,0.08841918395523796
436000,0.08841918395523796
440000,0.08822360091028666
441000,0.08770767385820837
442000,0.08728238298149231
442000,0.08728238298149231
442000,0.08728238298149231
442000,0.08728238298149231
446000,0.08812919393341126
447000,0.08828226245428998
447000,0.08828226245428998
447000,0.08828226245428998
450000,0.0880833417615731
451000,0.08926920934669007
451000,0.08926920934669007
451000,0.08926920934669007
454000,0.09031954200326014
454000,0.09031954200326014
454000,0.09031954200326014
454000,0.09031954200326014
454000,0.09031954200326014
454000,0.09031954200326014
460000,0.090720435120619
461000,0.0910724413327365
462000,0.09145862833309919
462000,0.09145862833309919
464000,0.09145301663001994
464000,0.09145301663001994
464000,0.09145301663001994
464000,0.09145301663001994
468000,0.09101158753947101
468000,0.09101158753947101
468000,0.09101158753947101
468000,0.09101158753947101
472000,0.09056033820959979
472000,0.09056033820959979
474000,0.09012384121509702
475000,0.09034136094474982
475000,0.09034136094474982
477000,0.08989140728652124
478000,0.08984992465916986
478000,0.08984992465916986
478000,0.08984992465916986
481000,0.08938580169903636
481000,0.08938580169903636
483000,0.0892529717311502
483000,0.0892529717311502
485000,0.08983547996133852
485000,0.08983547996133852
485000,0.08983547996133852
488000,0.08948772871361156
489000,0.0892505719080072
489000,0.0892505719080072
489000,0.0892505719080072
492000,0.08957562412436657
493000,0.08928115001927787
494000,0.08891630899380164
494000,0.08891630899380164
494000,0.08891630899380164
494000,0.08891630899380164
494000,0.08891630899380164
494000,0.08891630899380164
494000,0.08891630899380164
501000,0.0899368490494428
502000,0.09012266618698223
502000,0.09012266618698223
502000,0.09012266618698223
505000,0.08976459444994464
506000,0.0899076373800492
506000,0.0899076373800492
506000,0.0899076373800492
509000,0.08948761178515353
510000,0.08910668254852658
510000,0.08910668254852658
512000,0.0892616962004248
512000,0.0892616962004248
512000,0.0892616962004248
515000,0.08891415297967017
515000,0.08891415297967017
515000,0.08891415297967017
515000,0.08891415297967017
519000,0.08874158666332602
520000,0.08841533078404112
520000,0.08841533078404112
522000,0.08855838322641918
523000,0.08949677248006768
524000,0.08910140666350734
525000,0.0896448609703403
526000,0.08946992578343127
526000,0.08946992578343127
528000,0.09030130421904789
529000,0.0899386035723193
529000,0.0899386035723193
531000,0.08960314551868642
531000,0.08960314551868642
531000,0.08960314551868642
534000,0.08931003209632578
534000,0.08931003209632578
536000,0.0917441395973492
536000,0.0917441395973492
538000,0.09208174011478613
539000,0.09174192644337183
540000,0.09139974469624959
541000,0.09174099426127862
541000,0.09174099426127862
541000,0.09174099426127862
544000,0.09271848637740177
545000,0.09241760805004616
545000,0.09241760805004616
545000,0.09241760805004616
548000,0.09217443638720728
548000,0.09217443638720728
548000,0.09217443638720728
551000,0.09226866548981394
551000,0.09226866548981394
551000,0.09226866548981394
554000,0.09276399162334721
554000,0.09276399162334721
554000,0.09276399162334721
557000,0.09238898277792086
557000,0.09238898277792086
557000,0.09238898277792086
560000,0.09158279532618441
561000,0.09134003906231748
562000,0.09188465073800638
563000,0.09243044556693278
564000,0.0923408888807992
565000,0.09251319586351152
565000,0.09251319586351152
567000,0.09313126237236467
568000,0.0939015984711607
569000,0.09361355120325085
570000,0.094264498035992
570000,0.094264498035992
572000,0.09457660912264167
573000,0.09428374811005168
573000,0.09428374811005168
575000,0.09393411991495257
576000,0.09384485119765552
576000,0.09384485119765552
578000,0.09354917132823286
579000,0.09343917547131607
579000,0.09343917547131607
579000,0.09343917547131607
582000,0.09281171347166188
583000,0.09362956964660692
583000,0.09362956964660692
585000,0.0936034385021171
585000,0.0936034385021171
587000,0.09328062076277717
587000,0.09328062076277717
587000,0.09328062076277717
590000,0.09297102219890606
591000,0.09409869979543155
592000,0.09378135041972094
592000,0.09378135041972094
594000,0.09403082580827037
595000,0.09383874794688417
596000,0.0943104393378509
596000,0.0943104393378509
598000,0.09404724148560849
599000,0.09445152565615705
600000,0.09384581937045904
600000,0.09384581937045904
602000,0.09366803545067787
603000,0.09435826942521532
604000,0.09479496448944101
605000,0.0951343142606154
605000,0.0951343142606154
605000,0.0951343142606154
608000,0.09604515416057799
608000,0.09604515416057799
608000,0.09604515416057799
608000,0.09604515416057799
608000,0.09604515416057799
608000,0.09604515416057799
614000,0.09625573267219825
615000,0.09687537257555527
615000,0.09687537257555527
617000,0.09625127392719446
617000,0.09625127392719446
619000,0.09677306080511647
619000,0.09677306080511647
621000,0.09650658517824333
621000,0.09650658517824333
621000,0.09650658517824333
624000,0.09623579812790017
624000,0.09623579812790017
626000,0.09671376872608556
627000,0.09644719957299021
628000,0.09625048530755305
628000,0.09625048530755305
628000,0.09625048530755305
628000,0.09625048530755305
628000,0.09625048530755305
628000,0.09625048530755305
634000,0.09598996275836412
635000,0.09571843871594703
635000,0.09571843871594703
637000,0.09556891465477775
638000,0.09527217668996783
638000,0.09527217668996783
640000,0.0955346041982126
641000,0.09562175118684611
641000,0.09562175118684611
643000,0.09552071223726281
643000,0.09552071223726281
645000,0.09528078974848568
645000,0.09528078974848568
645000,0.09528078974848568
645000,0.09528078974848568
649000,0.09549938510608245
650000,0.09524399480914544
651000,0.09608281446721172
651000,0.09608281446721172
653000,0.09604996972545259
653000,0.09604996972545259
653000,0.09604996972545259
656000,0.09586369429351636
656000,0.09586369429351636
656000,0.09586369429351636
656000,0.09586369429351636
656000,0.09586369429351636
656000,0.09586369429351636
662000,0.09613640894143594
663000,0.09566787620586488
663000,0.09566787620586488
665000,0.09590268061340407
665000,0.09590268061340407
665000,0.09590268061340407
665000,0.09590268061340407
665000,0.09590268061340407
665000,0.09590268061340407
671000,0.09562051150577229
672000,0.0961180705265632
672000,0.0961180705265632
674000,0.09583147419891336
674000,0.09583147419891336
674000,0.09583147419891336
677000,0.09556795949010148
677000,0.09556795949010148
677000,0.09556795949010148
680000,0.09540839298449152
681000,0.09584006470548251
682000,0.09565346536329736
682000,0.09565346536329736
682000,0.09565346536329736
682000,0.09565346536329736
686000,0.09569891978857763
686000,0.09569891978857763
686000,0.09569891978857763
689000,0.09568615756143688
690000,0.09515085448461057
691000,0.09488050984456058
691000,0.09488050984456058
693000,0.09461532704499616
694000,0.09458246159392011
695000,0.09433711168011473
695000,0.09433711168011473
697000,0.0947253752760674
697000,0.0947253752760674
699000,0.09469205226134686
699000,0.09469205226134686
701000,0.09514714249282212
702000,0.0946786473432638
703000,0.09552256097137049
704000,0.09527760002734204
705000,0.0951267991776324
706000,0.09549558047639828
706000,0.09549558047639828
708000,0.09543525352790837
709000,0.09559489816461438
709000,0.09559489816461438
711000,0.09534467765330407
711000,0.09534467765330407
711000,0.09534467765330407
711000,0.09534467765330407
715000,0.0954870292820478
716000,0.09554901482184905
717000,0.09559597010513411
718000,0.09584449500160282
719000,0.09563595601830181
719000,0.09563595601830181
719000,0.09563595601830181
722000,0.09587410156575965
723000,0.0956254529198383
723000,0.0956254529198383
723000,0.0956254529198383
723000,0.0956254529198383
723000,0.0956254529198383
728000,0.09518764709817727
728000,0.09518764709817727
730000,0.09576216856755883
731000,0.09608338931970341
731000,0.09608338931970341
733000,0.09588089392305352
734000,0.096134224126262
734000,0.096134224126262
734000,0.096134224126262
737000,0.09590124513680642
738000,0.09567338455470846
739000,0.09549198968065303
739000,0.09549198968065303
741000,0.09527712231334833
742000,0.09533185205596369
743000,0.09528879062191183
744000,0.09511362682260709
745000,0.09539691767802642
746000,0.09519242427165119
747000,0.09511925290815879
747000,0.09511925290815879
749000,0.09531041401501122
750000,0.09544384021250908
751000,0.0950771607333083
751000,0.0950771607333083
753000,0.09532229138345737
754000,0.09509082081399907
755000,0.09529842954309516
755000,0.09529842954309516
757000,0.09597959876276785
758000,0.09553194118051304
758000,0.09553194118051304
760000,0.0959076388791767
760000,0.0959076388791767
760000,0.0959076388791767
763000,0.09619506632131287
764000,0.09587063373509233
765000,0.09657466975606054
765000,0.09657466975606054
765000,0.09657466975606054
768000,0.09638701368596415
769000,0.09660977833484055
769000,0.09660977833484055
771000,0.0968155460358865
772000,0.09707013407736405
772000,0.09707013407736405
772000,0.09707013407736405
775000,0.09679286645661558
775000,0.09679286645661558
777000,0.09731848761950838
778000,0.09782775745832147
779000,0.09766576416016623
779000,0.09766576416016623
781000,0.09779896385007793
781000,0.09779896385007793
783000,0.09770265319502343
783000,0.09770265319502343
785000,0.09747705612445108
785000,0.09747705612445108
787000,0.09758463970168538
788000,0.09738119774174854
788000,0.09738119774174854
790000,0.09813311367506063
791000,0.09799792999465562
791000,0.09799792999465562
791000,0.09799792999465562
791000,0.09799792999465562
795000,0.09807606297764368
795000,0.09807606297764368
797000,0.09787707753169168
797000,0.09787707753169168
799000,0.09786803603195117
800000,0.09806145908008881
801000,0.09837153422339055
802000,0.0988768503098911
802000,0.0988768503098911
804000,0.09866807055027417
804000,0.09866807055027417
806000,0.09887142892013172
807000,0.098717704842627
808000,0.0985088239062028
