18000,0.41311149523813384
18000,0.41311149523813384
18000,0.41311149523813384
18000,0.41311149523813384
18000,0.41311149523813384
18000,0.41311149523813384
18000,0.41311149523813384
18000,0.41311149523813384
18000,0.41311149523813384
18000,0.41311149523813384
18000,0.41311149523813384
18000,0.41311149523813384
18000,0.41311149523813384
18000,0.41311149523813384
18000,0.41311149523813384
18000,0.41311149523813384
18000,0.41311149523813384
35000,0.2929146951374948
35000,0.2929146951374948
35000,0.2929146951374948
35000,0.2929146951374948
35000,0.2929146951374948
35000,0.2929146951374948
35000,0.2929146951374948
35000,0.2929146951374948
35000,0.2929146951374948
35000,0.2929146951374948
35000,0.2929146951374948
35000,0.2929146951374948
47000,0.2185184078791836
47000,0.2185184078791836
47000,0.2185184078791836
47000,0.2185184078791836
47000,0.2185184078791836
52000,0.17562282339527757
52000,0.17562282339527757
52000,0.17562282339527757
52000,0.17562282339527757
52000,0.17562282339527757
52000,0.17562282339527757
52000,0.17562282339527757
52000,0.17562282339527757
52000,0.17562282339527757
52000,0.17562282339527757
52000,0.17562282339527757
52000,0.17562282339527757
52000,0.17562282339527757
52000,0.17562282339527757
52000,0.17562282339527757
52000,0.17562282339527757
52000,0.17562282339527757
52000,0.17562282339527757
52000,0.17562282339527757
52000,0.17562282339527757
52000,0.17562282339527757
52000,0.17562282339527757
74000,0.16971796857362859
74000,0.16971796857362859
74000,0.16971796857362859
74000,0.16971796857362859
74000,0.16971796857362859
74000,0.16971796857362859
80000,0.17163045164449695
80000,0.17163045164449695
80000,0.17163045164449695
83000,0.1534565436269514
83000,0.1534565436269514
83000,0.1534565436269514
83000,0.1534565436269514
83000,0.1534565436269514
83000,0.1534565436269514
83000,0.1534565436269514
90000,0.13837512749866776
90000,0.13837512749866776
90000,0.13837512749866776
90000,0.13837512749866776
90000,0.13837512749866776
90000,0.13837512749866776
90000,0.13837512749866776
90000,0.13837512749866776
90000,0.13837512749866776
90000,0.13837512749866776
90000,0.13837512749866776
90000,0.13837512749866776
90000,0.13837512749866776
90000,0.13837512749866776
90000,0.13837512749866776
90000,0.13837512749866776
90000,0.13837512749866776
90000,0.13837512749866776
90000,0.13837512749866776
90000,0.13837512749866776
90000,0.13837512749866776
90000,0.13837512749866776
112000,0.12467697477523822
112000,0.12467697477523822
112000,0.12467697477523822
112000,0.12467697477523822
112000,0.12467697477523822
112000,0.12467697477523822
112000,0.12467697477523822
112000,0.12467697477523822
112000,0.12467697477523822
112000,0.12467697477523822
112000,0.12467697477523822
112000,0.12467697477523822
112000,0.12467697477523822
112000,0.12467697477523822
112000,0.12467697477523822
112000,0.12467697477523822
112000,0.12467697477523822
112000,0.12467697477523822
112000,0.12467697477523822
112000,0.12467697477523822
132000,0.12831965551903868
133000,0.1312185546229821
133000,0.1312185546229821
133000,0.1312185546229821
133000,0.1312185546229821
133000,0.1312185546229821
133000,0.1312185546229821
133000,0.1312185546229821
133000,0.1312185546229821
133000,0.1312185546229821
133000,0.1312185546229821
143000,0.12405111953711712
143000,0.12405111953711712
143000,0.12405111953711712
143000,0.12405111953711712
143000,0.12405111953711712
143000,0.12405111953711712
149000,0.11829670517957186
149000,0.11829670517957186
149000,0.11829670517957186
149000,0.11829670517957186
149000,0.11829670517957186
149000,0.11829670517957186
149000,0.11829670517957186
149000,0.11829670517957186
149000,0.11829670517957186
149000,0.11829670517957186
149000,0.11829670517957186
149000,0.11829670517957186
149000,0.11829670517957186
149000,0.11829670517957186
149000,0.11829670517957186
149000,0.11829670517957186
149000,0.11829670517957186
149000,0.11829670517957186
149000,0.11829670517957186
168000,0.12326095757914664
168000,0.12326095757914664
168000,0.12326095757914664
168000,0.12326095757914664
168000,0.12326095757914664
168000,0.12326095757914664
168000,0.12326095757914664
168000,0.12326095757914664
168000,0.12326095757914664
168000,0.12326095757914664
168000,0.12326095757914664
168000,0.12326095757914664
168000,0.12326095757914664
168000,0.12326095757914664
168000,0.12326095757914664
168000,0.12326095757914664
184000,0.12654661781872129
184000,0.12654661781872129
184000,0.12654661781872129
184000,0.12654661781872129
184000,0.12654661781872129
184000,0.12654661781872129
184000,0.12654661781872129
184000,0.12654661781872129
184000,0.12654661781872129
184000,0.12654661781872129
194000,0.12021541564436808
194000,0.12021541564436808
194000,0.12021541564436808
194000,0.12021541564436808
194000,0.12021541564436808
194000,0.12021541564436808
194000,0.12021541564436808
194000,0.12021541564436808
194000,0.12021541564436808
194000,0.12021541564436808
194000,0.12021541564436808
194000,0.12021541564436808
194000,0.12021541564436808
207000,0.12434598090313924
207000,0.12434598090313924
207000,0.12434598090313924
210000,0.11892863067761805
210000,0.11892863067761805
210000,0.11892863067761805
210000,0.11892863067761805
214000,0.12681546591736925
214000,0.12681546591736925
214000,0.12681546591736925
214000,0.12681546591736925
214000,0.12681546591736925
214000,0.12681546591736925
214000,0.12681546591736925
214000,0.12681546591736925
214000,0.12681546591736925
214000,0.12681546591736925
214000,0.12681546591736925
214000,0.12681546591736925
226000,0.12047474185291016
226000,0.12047474185291016
226000,0.12047474185291016
226000,0.12047474185291016
226000,0.12047474185291016
226000,0.12047474185291016
226000,0.12047474185291016
226000,0.12047474185291016
226000,0.12047474185291016
226000,0.12047474185291016
226000,0.12047474185291016
226000,0.12047474185291016
238000,0.11608672688280136
238000,0.11608672688280136
238000,0.11608672688280136
238000,0.11608672688280136
238000,0.11608672688280136
238000,0.11608672688280136
238000,0.11608672688280136
238000,0.11608672688280136
238000,0.11608672688280136
238000,0.11608672688280136
238000,0.11608672688280136
238000,0.11608672688280136
238000,0.11608672688280136
238000,0.11608672688280136
238000,0.11608672688280136
238000,0.11608672688280136
238000,0.11608672688280136
238000,0.11608672688280136
238000,0.11608672688280136
257000,0.11227829187523398
257000,0.11227829187523398
257000,0.11227829187523398
257000,0.11227829187523398
257000,0.11227829187523398
257000,0.11227829187523398
257000,0.11227829187523398
257000,0.11227829187523398
257000,0.11227829187523398
257000,0.11227829187523398
267000,0.1082431039716579
267000,0.1082431039716579
267000,0.1082431039716579
267000,0.1082431039716579
267000,0.1082431039716579
267000,0.1082431039716579
267000,0.1082431039716579
267000,0.1082431039716579
267000,0.1082431039716579
267000,0.1082431039716579
267000,0.1082431039716579
278000,0.10550078775390832
278000,0.10550078775390832
278000,0.10550078775390832
281000,0.10292057837598598
282000,0.10006391758223444
282000,0.10006391758223444
282000,0.10006391758223444
282000,0.10006391758223444
282000,0.10006391758223444
282000,0.10006391758223444
282000,0.10006391758223444
282000,0.10006391758223444
282000,0.10006391758223444
282000,0.10006391758223444
282000,0.10006391758223444
293000,0.09646094084972688
294000,0.09950343843405317
294000,0.09950343843405317
294000,0.09950343843405317
294000,0.09950343843405317
294000,0.09950343843405317
294000,0.09950343843405317
294000,0.09950343843405317
294000,0.09950343843405317
294000,0.09950343843405317
294000,0.09950343843405317
294000,0.09950343843405317
294000,0.09950343843405317
294000,0.09950343843405317
294000,0.09950343843405317
308000,0.10255971296210606
308000,0.10255971296210606
308000,0.10255971296210606
308000,0.10255971296210606
308000,0.10255971296210606
308000,0.10255971296210606
308000,0.10255971296210606
308000,0.10255971296210606
308000,0.10255971296210606
317000,0.09963978269664095
317000,0.09963978269664095
317000,0.09963978269664095
317000,0.09963978269664095
321000,0.09818298995366842
321000,0.09818298995366842
321000,0.09818298995366842
321000,0.09818298995366842
325000,0.09538381846512614
325000,0.09538381846512614
325000,0.09538381846512614
325000,0.09538381846512614
325000,0.09538381846512614
325000,0.09538381846512614
331000,0.09754862597906226
331000,0.09754862597906226
333000,0.0952942944423301
333000,0.0952942944423301
333000,0.0952942944423301
333000,0.0952942944423301
337000,0.09331785704412028
337000,0.09331785704412028
337000,0.09331785704412028
337000,0.09331785704412028
337000,0.09331785704412028
337000,0.09331785704412028
337000,0.09331785704412028
337000,0.09331785704412028
345000,0.0917228313445266
345000,0.0917228313445266
347000,0.08946537481219391
347000,0.08946537481219391
347000,0.08946537481219391
347000,0.08946537481219391
347000,0.08946537481219391
347000,0.08946537481219391
347000,0.08946537481219391
347000,0.08946537481219391
347000,0.08946537481219391
347000,0.08946537481219391
347000,0.08946537481219391
347000,0.08946537481219391
347000,0.08946537481219391
360000,0.08711112362617168
360000,0.08711112362617168
360000,0.08711112362617168
360000,0.08711112362617168
360000,0.08711112362617168
360000,0.08711112362617168
360000,0.08711112362617168
360000,0.08711112362617168
360000,0.08711112362617168
360000,0.08711112362617168
370000,0.0857012292690294
370000,0.0857012292690294
370000,0.0857012292690294
370000,0.0857012292690294
370000,0.0857012292690294
370000,0.0857012292690294
370000,0.0857012292690294
370000,0.0857012292690294
370000,0.0857012292690294
370000,0.0857012292690294
370000,0.0857012292690294
370000,0.0857012292690294
370000,0.0857012292690294
370000,0.0857012292690294
370000,0.0857012292690294
370000,0.0857012292690294
386000,0.08437428227640491
387000,0.08426602828730229
387000,0.08426602828730229
387000,0.08426602828730229
387000,0.08426602828730229
387000,0.08426602828730229
387000,0.08426602828730229
387000,0.08426602828730229
394000,0.08100628656333356
395000,0.08054783745686277
395000,0.08054783745686277
395000,0.08054783745686277
398000,0.07929770779652813
398000,0.07929770779652813
398000,0.07929770779652813
398000,0.07929770779652813
398000,0.07929770779652813
398000,0.07929770779652813
404000,0.07787831271451466
404000,0.07787831271451466
406000,0.07631288786439601
406000,0.07631288786439601
406000,0.07631288786439601
409000,0.07751038228576629
409000,0.07751038228576629
409000,0.07751038228576629
409000,0.07751038228576629
409000,0.07751038228576629
409000,0.07751038228576629
409000,0.07751038228576629
409000,0.07751038228576629
409000,0.07751038228576629
409000,0.07751038228576629
409000,0.07751038228576629
409000,0.07751038228576629
409000,0.07751038228576629
422000,0.07553153165185467
423000,0.075353442817531
423000,0.075353442817531
423000,0.075353442817531
426000,0.07429630370998659
426000,0.07429630370998659
426000,0.07429630370998659
426000,0.07429630370998659
426000,0.07429630370998659
426000,0.07429630370998659
426000,0.07429630370998659
426000,0.07429630370998659
426000,0.07429630370998659
426000,0.07429630370998659
436000,0.07696906505145977
436000,0.07696906505145977
436000,0.07696906505145977
436000,0.07696906505145977
436000,0.07696906505145977
441000,0.07598849340327793
441000,0.07598849340327793
441000,0.07598849340327793
441000,0.07598849340327793
441000,0.07598849340327793
441000,0.07598849340327793
447000,0.07519355322527466
447000,0.07519355322527466
447000,0.07519355322527466
450000,0.0754695918130487
450000,0.0754695918130487
450000,0.0754695918130487
450000,0.0754695918130487
450000,0.0754695918130487
450000,0.0754695918130487
450000,0.0754695918130487
450000,0.0754695918130487
450000,0.0754695918130487
450000,0.0754695918130487
460000,0.0783281097304954
460000,0.0783281097304954
460000,0.0783281097304954
460000,0.0783281097304954
464000,0.07916977669756231
464000,0.07916977669756231
464000,0.07916977669756231
464000,0.07916977669756231
468000,0.07828269929864064
468000,0.07828269929864064
468000,0.07828269929864064
468000,0.07828269929864064
472000,0.0782410905721974
472000,0.0782410905721974
472000,0.0782410905721974
472000,0.0782410905721974
472000,0.0782410905721974
472000,0.0782410905721974
478000,0.0771089236920364
478000,0.0771089236920364
478000,0.0771089236920364
481000,0.07752129852730855
481000,0.07752129852730855
483000,0.07681908828794785
483000,0.07681908828794785
483000,0.07681908828794785
483000,0.07681908828794785
483000,0.07681908828794785
483000,0.07681908828794785
489000,0.07647611988636162
489000,0.07647611988636162
489000,0.07647611988636162
492000,0.07752978101863227
492000,0.07752978101863227
492000,0.07752978101863227
492000,0.07752978101863227
492000,0.07752978101863227
492000,0.07752978101863227
492000,0.07752978101863227
492000,0.07752978101863227
492000,0.07752978101863227
492000,0.07752978101863227
502000,0.07808766798484233
502000,0.07808766798484233
502000,0.07808766798484233
502000,0.07808766798484233
506000,0.08013245133203857
506000,0.08013245133203857
506000,0.08013245133203857
509000,0.07920388656534451
510000,0.07893878267452406
510000,0.07893878267452406
512000,0.07988813269955425
512000,0.07988813269955425
512000,0.07988813269955425
515000,0.07924104728632422
515000,0.07924104728632422
515000,0.07924104728632422
515000,0.07924104728632422
515000,0.07924104728632422
515000,0.07924104728632422
515000,0.07924104728632422
515000,0.07924104728632422
515000,0.07924104728632422
515000,0.07924104728632422
515000,0.07924104728632422
526000,0.07870802990700475
526000,0.07870802990700475
528000,0.08008281232738872
528000,0.08008281232738872
528000,0.08008281232738872
528000,0.08008281232738872
528000,0.08008281232738872
528000,0.08008281232738872
528000,0.08008281232738872
528000,0.08008281232738872
536000,0.08451292569431218
536000,0.08451292569431218
538000,0.08667703671324249
539000,0.0863943575375902
539000,0.0863943575375902
539000,0.0863943575375902
539000,0.0863943575375902
539000,0.0863943575375902
539000,0.0863943575375902
539000,0.0863943575375902
539000,0.0863943575375902
539000,0.0863943575375902
539000,0.0863943575375902
539000,0.0863943575375902
539000,0.0863943575375902
551000,0.08701363114847703
551000,0.08701363114847703
551000,0.08701363114847703
551000,0.08701363114847703
551000,0.08701363114847703
551000,0.08701363114847703
551000,0.08701363114847703
551000,0.08701363114847703
551000,0.08701363114847703
560000,0.08756015961422835
560000,0.08756015961422835
560000,0.08756015961422835
560000,0.08756015961422835
564000,0.08686550139493492
565000,0.08622633403535293
565000,0.08622633403535293
567000,0.08782950686179707
567000,0.08782950686179707
567000,0.08782950686179707
570000,0.08951148700919907
570000,0.08951148700919907
570000,0.08951148700919907
570000,0.08951148700919907
570000,0.08951148700919907
570000,0.08951148700919907
576000,0.08930630598529804
576000,0.08930630598529804
576000,0.08930630598529804
579000,0.08906908485292657
579000,0.08906908485292657
579000,0.08906908485292657
582000,0.08825735073966035
582000,0.08825735073966035
582000,0.08825735073966035
582000,0.08825735073966035
582000,0.08825735073966035
587000,0.08754688650114024
587000,0.08754688650114024
587000,0.08754688650114024
587000,0.08754688650114024
587000,0.08754688650114024
592000,0.08686488904749702
592000,0.08686488904749702
592000,0.08686488904749702
592000,0.08686488904749702
592000,0.08686488904749702
592000,0.08686488904749702
598000,0.08612446694273192
598000,0.08612446694273192
598000,0.08612446694273192
598000,0.08612446694273192
602000,0.08532265352040798
602000,0.08532265352040798
602000,0.08532265352040798
602000,0.08532265352040798
602000,0.08532265352040798
602000,0.08532265352040798
602000,0.08532265352040798
602000,0.08532265352040798
602000,0.08532265352040798
602000,0.08532265352040798
602000,0.08532265352040798
602000,0.08532265352040798
602000,0.08532265352040798
615000,0.0863021624762539
615000,0.0863021624762539
617000,0.08546874729844349
617000,0.08546874729844349
617000,0.08546874729844349
617000,0.08546874729844349
621000,0.08609635850726605
621000,0.08609635850726605
621000,0.08609635850726605
621000,0.08609635850726605
621000,0.08609635850726605
621000,0.08609635850726605
621000,0.08609635850726605
628000,0.08581342153077351
628000,0.08581342153077351
628000,0.08581342153077351
628000,0.08581342153077351
628000,0.08581342153077351
628000,0.08581342153077351
628000,0.08581342153077351
635000,0.08527165090640247
635000,0.08527165090640247
635000,0.08527165090640247
638000,0.08442747533206832
638000,0.08442747533206832
638000,0.08442747533206832
641000,0.08560204072354981
641000,0.08560204072354981
643000,0.08496125276649119
643000,0.08496125276649119
643000,0.08496125276649119
643000,0.08496125276649119
643000,0.08496125276649119
643000,0.08496125276649119
643000,0.08496125276649119
643000,0.08496125276649119
651000,0.0871235036002063
651000,0.0871235036002063
651000,0.0871235036002063
651000,0.0871235036002063
651000,0.0871235036002063
651000,0.0871235036002063
651000,0.0871235036002063
651000,0.0871235036002063
651000,0.0871235036002063
651000,0.0871235036002063
651000,0.0871235036002063
651000,0.0871235036002063
651000,0.0871235036002063
651000,0.0871235036002063
665000,0.08788899787488105
665000,0.08788899787488105
665000,0.08788899787488105
665000,0.08788899787488105
665000,0.08788899787488105
665000,0.08788899787488105
671000,0.08743528481258017
671000,0.08743528481258017
671000,0.08743528481258017
671000,0.08743528481258017
671000,0.08743528481258017
671000,0.08743528481258017
671000,0.08743528481258017
671000,0.08743528481258017
671000,0.08743528481258017
671000,0.08743528481258017
681000,0.08819569296878509
682000,0.08776935655253842
682000,0.08776935655253842
682000,0.08776935655253842
682000,0.08776935655253842
686000,0.08719984766947356
686000,0.08719984766947356
686000,0.08719984766947356
689000,0.08813432261016713
690000,0.08680244665286821
691000,0.08667721558621841
691000,0.08667721558621841
691000,0.08667721558621841
691000,0.08667721558621841
691000,0.08667721558621841
691000,0.08667721558621841
697000,0.08804429022623159
697000,0.08804429022623159
697000,0.08804429022623159
697000,0.08804429022623159
697000,0.08804429022623159
702000,0.08763481250995628
702000,0.08763481250995628
704000,0.08707177863411798
704000,0.08707177863411798
706000,0.08762129642035457
706000,0.08762129642035457
706000,0.08762129642035457
706000,0.08762129642035457
706000,0.08762129642035457
711000,0.08734416593674338
711000,0.08734416593674338
711000,0.08734416593674338
711000,0.08734416593674338
715000,0.08800269263533601
716000,0.08784460562339125
717000,0.08882037744547758
717000,0.08882037744547758
717000,0.08882037744547758
717000,0.08882037744547758
717000,0.08882037744547758
722000,0.08979800750082426
723000,0.0891693282600678
723000,0.0891693282600678
723000,0.0891693282600678
723000,0.0891693282600678
723000,0.0891693282600678
723000,0.0891693282600678
723000,0.0891693282600678
723000,0.0891693282600678
731000,0.08864122847627999
731000,0.08864122847627999
733000,0.08827505657429563
733000,0.08827505657429563
733000,0.08827505657429563
733000,0.08827505657429563
737000,0.08780438513931718
737000,0.08780438513931718
739000,0.08735582348627642
739000,0.08735582348627642
739000,0.08735582348627642
742000,0.08673860730187738
743000,0.0868296694506749
743000,0.0868296694506749
743000,0.0868296694506749
746000,0.08629249442083317
746000,0.08629249442083317
746000,0.08629249442083317
746000,0.08629249442083317
750000,0.08575697980833248
750000,0.08575697980833248
750000,0.08575697980833248
750000,0.08575697980833248
750000,0.08575697980833248
750000,0.08575697980833248
750000,0.08575697980833248
750000,0.08575697980833248
758000,0.08535161792905607
758000,0.08535161792905607
758000,0.08535161792905607
758000,0.08535161792905607
758000,0.08535161792905607
763000,0.08567121596254468
764000,0.08510358674232411
764000,0.08510358674232411
764000,0.08510358674232411
764000,0.08510358674232411
764000,0.08510358674232411
764000,0.08510358674232411
764000,0.08510358674232411
771000,0.0858147949168153
771000,0.0858147949168153
771000,0.0858147949168153
771000,0.0858147949168153
775000,0.085278880936531
775000,0.085278880936531
777000,0.08647925173097133
777000,0.08647925173097133
779000,0.08612648381617388
779000,0.08612648381617388
781000,0.0865651245721052
781000,0.0865651245721052
783000,0.08650427243883281
783000,0.08650427243883281
785000,0.08603008527975795
785000,0.08603008527975795
785000,0.08603008527975795
785000,0.08603008527975795
785000,0.08603008527975795
790000,0.08769351704088676
790000,0.08769351704088676
790000,0.08769351704088676
790000,0.08769351704088676
790000,0.08769351704088676
790000,0.08769351704088676
790000,0.08769351704088676
790000,0.08769351704088676
790000,0.08769351704088676
790000,0.08769351704088676
790000,0.08769351704088676
790000,0.08769351704088676
802000,0.08825952767740258
802000,0.08825952767740258
804000,0.08778233586137323
804000,0.08778233586137323
804000,0.08778233586137323
804000,0.08778233586137323
804000,0.08778233586137323
