18000,0.5716153287306742
18000,0.5716153287306742
18000,0.5716153287306742
18000,0.5716153287306742
18000,0.5716153287306742
18000,0.5716153287306742
18000,0.5716153287306742
25000,0.36072623831694717
26000,0.24051635542125258
26000,0.24051635542125258
26000,0.24051635542125258
26000,0.24051635542125258
26000,0.24051635542125258
31000,0.18875776717594553
31000,0.18875776717594553
31000,0.18875776717594553
31000,0.18875776717594553
35000,0.18701576232267236
35000,0.18701576232267236
35000,0.18701576232267236
35000,0.18701576232267236
35000,0.18701576232267236
35000,0.18701576232267236
35000,0.18701576232267236
35000,0.18701576232267236
35000,0.18701576232267236
35000,0.18701576232267236
35000,0.18701576232267236
35000,0.18701576232267236
47000,0.17503606456693652
48000,0.15719570867212213
48000,0.15719570867212213
48000,0.15719570867212213
51000,0.1622905298378588
52000,0.14548714968310886
52000,0.14548714968310886
52000,0.14548714968310886
55000,0.1320889606161491
55000,0.1320889606161491
55000,0.1320889606161491
55000,0.1320889606161491
55000,0.1320889606161491
55000,0.1320889606161491
55000,0.1320889606161491
55000,0.1320889606161491
55000,0.1320889606161491
55000,0.1320889606161491
55000,0.1320889606161491
55000,0.1320889606161491
55000,0.1320889606161491
55000,0.1320889606161491
55000,0.1320889606161491
55000,0.1320889606161491
55000,0.1320889606161491
55000,0.1320889606161491
55000,0.1320889606161491
74000,0.1295984820749788
75000,0.13448336591869192
75000,0.13448336591869192
75000,0.13448336591869192
75000,0.13448336591869192
75000,0.13448336591869192
80000,0.14403584654357954
80000,0.14403584654357954
80000,0.14403584654357954
83000,0.13452731207933974
83000,0.13452731207933974
85000,0.13867779494298105
85000,0.13867779494298105
85000,0.13867779494298105
85000,0.13867779494298105
85000,0.13867779494298105
90000,0.13176543220771803
90000,0.13176543220771803
90000,0.13176543220771803
90000,0.13176543220771803
90000,0.13176543220771803
90000,0.13176543220771803
90000,0.13176543220771803
90000,0.13176543220771803
90000,0.13176543220771803
90000,0.13176543220771803
90000,0.13176543220771803
90000,0.13176543220771803
90000,0.13176543220771803
90000,0.13176543220771803
90000,0.13176543220771803
90000,0.13176543220771803
90000,0.13176543220771803
90000,0.13176543220771803
90000,0.13176543220771803
90000,0.13176543220771803
90000,0.13176543220771803
90000,0.13176543220771803
112000,0.12431563637012989
112000,0.12431563637012989
112000,0.12431563637012989
112000,0.12431563637012989
112000,0.12431563637012989
112000,0.12431563637012989
112000,0.12431563637012989
112000,0.12431563637012989
112000,0.12431563637012989
112000,0.12431563637012989
112000,0.12431563637012989
112000,0.12431563637012989
112000,0.12431563637012989
112000,0.12431563637012989
112000,0.12431563637012989
112000,0.12431563637012989
112000,0.12431563637012989
112000,0.12431563637012989
112000,0.12431563637012989
112000,0.12431563637012989
132000,0.12285956375707384
133000,0.12344684224273117
133000,0.12344684224273117
133000,0.12344684224273117
133000,0.12344684224273117
137000,0.12636639784337883
137000,0.12636639784337883
137000,0.12636639784337883
137000,0.12636639784337883
137000,0.12636639784337883
137000,0.12636639784337883
143000,0.12294315240336968
143000,0.12294315240336968
145000,0.12283910302731176
145000,0.12283910302731176
147000,0.12425303344676143
147000,0.12425303344676143
149000,0.12001127682376421
149000,0.12001127682376421
149000,0.12001127682376421
149000,0.12001127682376421
149000,0.12001127682376421
149000,0.12001127682376421
149000,0.12001127682376421
149000,0.12001127682376421
149000,0.12001127682376421
149000,0.12001127682376421
149000,0.12001127682376421
149000,0.12001127682376421
149000,0.12001127682376421
149000,0.12001127682376421
149000,0.12001127682376421
149000,0.12001127682376421
149000,0.12001127682376421
149000,0.12001127682376421
149000,0.12001127682376421
168000,0.12126029695757658
168000,0.12126029695757658
168000,0.12126029695757658
168000,0.12126029695757658
168000,0.12126029695757658
168000,0.12126029695757658
168000,0.12126029695757658
168000,0.12126029695757658
168000,0.12126029695757658
168000,0.12126029695757658
168000,0.12126029695757658
179000,0.12170064524037727
179000,0.12170064524037727
179000,0.12170064524037727
179000,0.12170064524037727
179000,0.12170064524037727
184000,0.12160283878205361
184000,0.12160283878205361
184000,0.12160283878205361
184000,0.12160283878205361
184000,0.12160283878205361
184000,0.12160283878205361
184000,0.12160283878205361
184000,0.12160283878205361
184000,0.12160283878205361
193000,0.12385427251034697
194000,0.1204808164077304
194000,0.1204808164077304
194000,0.1204808164077304
194000,0.1204808164077304
194000,0.1204808164077304
194000,0.1204808164077304
194000,0.1204808164077304
194000,0.1204808164077304
194000,0.1204808164077304
194000,0.1204808164077304
194000,0.1204808164077304
194000,0.1204808164077304
194000,0.1204808164077304
207000,0.11968364491371167
207000,0.11968364491371167
207000,0.11968364491371167
210000,0.1170734664899751
210000,0.1170734664899751
210000,0.1170734664899751
210000,0.1170734664899751
214000,0.12036231733890188
214000,0.12036231733890188
214000,0.12036231733890188
214000,0.12036231733890188
214000,0.12036231733890188
214000,0.12036231733890188
214000,0.12036231733890188
214000,0.12036231733890188
214000,0.12036231733890188
214000,0.12036231733890188
214000,0.12036231733890188
214000,0.12036231733890188
226000,0.11724336869687987
226000,0.11724336869687987
226000,0.11724336869687987
226000,0.11724336869687987
226000,0.11724336869687987
226000,0.11724336869687987
226000,0.11724336869687987
226000,0.11724336869687987
226000,0.11724336869687987
226000,0.11724336869687987
226000,0.11724336869687987
226000,0.11724336869687987
238000,0.11488940923666062
238000,0.11488940923666062
238000,0.11488940923666062
238000,0.11488940923666062
242000,0.1124698389917211
242000,0.1124698389917211
242000,0.1124698389917211
242000,0.1124698389917211
242000,0.1124698389917211
247000,0.11460124806035836
247000,0.11460124806035836
247000,0.11460124806035836
247000,0.11460124806035836
247000,0.11460124806035836
247000,0.11460124806035836
247000,0.11460124806035836
247000,0.11460124806035836
247000,0.11460124806035836
247000,0.11460124806035836
257000,0.11198683983115017
257000,0.11198683983115017
257000,0.11198683983115017
257000,0.11198683983115017
257000,0.11198683983115017
257000,0.11198683983115017
257000,0.11198683983115017
257000,0.11198683983115017
257000,0.11198683983115017
257000,0.11198683983115017
267000,0.10953127427712193
267000,0.10953127427712193
267000,0.10953127427712193
270000,0.1074109050962165
271000,0.10948238832220195
271000,0.10948238832220195
273000,0.11178638015641938
273000,0.11178638015641938
275000,0.11380973952172124
275000,0.11380973952172124
275000,0.11380973952172124
278000,0.11190013846198069
278000,0.11190013846198069
280000,0.11281693435154912
281000,0.11138967618912889
282000,0.10944552495308599
282000,0.10944552495308599
282000,0.10944552495308599
282000,0.10944552495308599
282000,0.10944552495308599
282000,0.10944552495308599
282000,0.10944552495308599
282000,0.10944552495308599
282000,0.10944552495308599
282000,0.10944552495308599
282000,0.10944552495308599
293000,0.10725762303264381
294000,0.10949689719580998
294000,0.10949689719580998
294000,0.10949689719580998
294000,0.10949689719580998
294000,0.10949689719580998
294000,0.10949689719580998
294000,0.10949689719580998
294000,0.10949689719580998
294000,0.10949689719580998
294000,0.10949689719580998
294000,0.10949689719580998
294000,0.10949689719580998
294000,0.10949689719580998
294000,0.10949689719580998
308000,0.11013112867969341
308000,0.11013112867969341
308000,0.11013112867969341
308000,0.11013112867969341
312000,0.10857880076896706
312000,0.10857880076896706
312000,0.10857880076896706
312000,0.10857880076896706
312000,0.10857880076896706
317000,0.10671478084078499
317000,0.10671478084078499
319000,0.10507029151158379
319000,0.10507029151158379
321000,0.10703903311338599
321000,0.10703903311338599
321000,0.10703903311338599
321000,0.10703903311338599
325000,0.1054400518244374
325000,0.1054400518244374
325000,0.1054400518244374
325000,0.1054400518244374
325000,0.1054400518244374
330000,0.10433420207925367
331000,0.10624369293101828
331000,0.10624369293101828
333000,0.10484126246853867
333000,0.10484126246853867
333000,0.10484126246853867
333000,0.10484126246853867
337000,0.10357652788253753
338000,0.10199877842214873
338000,0.10199877842214873
338000,0.10199877842214873
338000,0.10199877842214873
342000,0.10372518685902336
342000,0.10372518685902336
342000,0.10372518685902336
345000,0.10308842360557903
345000,0.10308842360557903
347000,0.10152693507458656
347000,0.10152693507458656
347000,0.10152693507458656
347000,0.10152693507458656
347000,0.10152693507458656
347000,0.10152693507458656
347000,0.10152693507458656
347000,0.10152693507458656
355000,0.10343142757904007
355000,0.10343142757904007
355000,0.10343142757904007
355000,0.10343142757904007
355000,0.10343142757904007
360000,0.1019108777231905
361000,0.10105908365186908
361000,0.10105908365186908
361000,0.10105908365186908
361000,0.10105908365186908
361000,0.10105908365186908
361000,0.10105908365186908
361000,0.10105908365186908
361000,0.10105908365186908
361000,0.10105908365186908
370000,0.09976011466739723
370000,0.09976011466739723
370000,0.09976011466739723
370000,0.09976011466739723
374000,0.09862206100733742
375000,0.09765635420557323
375000,0.09765635420557323
375000,0.09765635420557323
375000,0.09765635420557323
375000,0.09765635420557323
375000,0.09765635420557323
375000,0.09765635420557323
375000,0.09765635420557323
375000,0.09765635420557323
375000,0.09765635420557323
375000,0.09765635420557323
386000,0.09659951807428827
387000,0.09492874728320501
387000,0.09492874728320501
387000,0.09492874728320501
387000,0.09492874728320501
387000,0.09492874728320501
387000,0.09492874728320501
387000,0.09492874728320501
394000,0.09408340110253861
395000,0.09333178812839794
395000,0.09333178812839794
395000,0.09333178812839794
398000,0.0937060461841525
398000,0.0937060461841525
398000,0.0937060461841525
398000,0.0937060461841525
398000,0.0937060461841525
398000,0.0937060461841525
404000,0.09264680458118296
405000,0.09410829401080703
406000,0.09301102994964912
406000,0.09301102994964912
406000,0.09301102994964912
409000,0.09375434550078092
410000,0.09397451548743309
410000,0.09397451548743309
410000,0.09397451548743309
410000,0.09397451548743309
410000,0.09397451548743309
415000,0.09497100269600516
416000,0.0953730755471945
416000,0.0953730755471945
416000,0.0953730755471945
416000,0.0953730755471945
416000,0.0953730755471945
416000,0.0953730755471945
422000,0.09415072316703917
423000,0.09361926564750606
423000,0.09361926564750606
423000,0.09361926564750606
426000,0.09217600473488374
426000,0.09217600473488374
426000,0.09217600473488374
426000,0.09217600473488374
426000,0.09217600473488374
426000,0.09217600473488374
426000,0.09217600473488374
426000,0.09217600473488374
426000,0.09217600473488374
426000,0.09217600473488374
436000,0.09311755197749991
436000,0.09311755197749991
436000,0.09311755197749991
436000,0.09311755197749991
440000,0.09236356125307357
441000,0.09159187820586612
441000,0.09159187820586612
441000,0.09159187820586612
441000,0.09159187820586612
441000,0.09159187820586612
446000,0.09293996924377756
447000,0.09202706864776318
447000,0.09202706864776318
447000,0.09202706864776318
450000,0.09258608273529181
450000,0.09258608273529181
450000,0.09258608273529181
450000,0.09258608273529181
450000,0.09258608273529181
450000,0.09258608273529181
450000,0.09258608273529181
450000,0.09258608273529181
450000,0.09258608273529181
450000,0.09258608273529181
460000,0.0951955042154892
461000,0.09597544369546308
461000,0.09597544369546308
461000,0.09597544369546308
464000,0.09587322574514363
464000,0.09587322574514363
464000,0.09587322574514363
464000,0.09587322574514363
468000,0.0951642607633634
468000,0.0951642607633634
468000,0.0951642607633634
468000,0.0951642607633634
472000,0.09439854030420244
472000,0.09439854030420244
474000,0.09357698292432559
474000,0.09357698292432559
474000,0.09357698292432559
474000,0.09357698292432559
478000,0.09296239200674226
478000,0.09296239200674226
478000,0.09296239200674226
481000,0.09332697353387853
481000,0.09332697353387853
483000,0.09268774191410137
483000,0.09268774191410137
483000,0.09268774191410137
483000,0.09268774191410137
483000,0.09268774191410137
488000,0.09210936076347997
489000,0.09157736032689569
489000,0.09157736032689569
489000,0.09157736032689569
492000,0.09220555975444744
492000,0.09220555975444744
492000,0.09220555975444744
492000,0.09220555975444744
492000,0.09220555975444744
492000,0.09220555975444744
492000,0.09220555975444744
492000,0.09220555975444744
492000,0.09220555975444744
501000,0.09393483118766968
502000,0.09387169504747885
502000,0.09387169504747885
502000,0.09387169504747885
502000,0.09387169504747885
506000,0.09440569228913193
506000,0.09440569228913193
506000,0.09440569228913193
509000,0.09361256894774321
510000,0.09303360577532102
510000,0.09303360577532102
512000,0.09333923935055659
512000,0.09333923935055659
512000,0.09333923935055659
515000,0.0927311948647393
515000,0.0927311948647393
515000,0.0927311948647393
515000,0.0927311948647393
519000,0.09265156494633256
519000,0.09265156494633256
519000,0.09265156494633256
522000,0.0934397506863755
522000,0.0934397506863755
524000,0.09272145297208814
524000,0.09272145297208814
526000,0.09228865007294183
526000,0.09228865007294183
528000,0.09339016942726647
528000,0.09339016942726647
528000,0.09339016942726647
528000,0.09339016942726647
528000,0.09339016942726647
528000,0.09339016942726647
534000,0.09283062412832069
534000,0.09283062412832069
536000,0.0961334146623075
536000,0.0961334146623075
538000,0.09628409836195989
539000,0.09628009297846932
539000,0.09628009297846932
541000,0.0971359793944844
541000,0.0971359793944844
541000,0.0971359793944844
541000,0.0971359793944844
541000,0.0971359793944844
541000,0.0971359793944844
541000,0.0971359793944844
548000,0.09671891026874645
548000,0.09671891026874645
548000,0.09671891026874645
551000,0.09672561142355685
551000,0.09672561142355685
551000,0.09672561142355685
554000,0.09621181355288455
554000,0.09621181355288455
554000,0.09621181355288455
557000,0.09552628377873902
557000,0.09552628377873902
557000,0.09552628377873902
560000,0.09486450146519047
561000,0.09450765398107538
562000,0.0951215106227674
562000,0.0951215106227674
564000,0.09412749670442266
565000,0.09469564041654212
565000,0.09469564041654212
567000,0.09556878266642538
567000,0.09556878266642538
569000,0.09508242817037553
570000,0.09560224213734576
570000,0.09560224213734576
570000,0.09560224213734576
570000,0.09560224213734576
570000,0.09560224213734576
570000,0.09560224213734576
576000,0.09530960539896277
576000,0.09530960539896277
576000,0.09530960539896277
579000,0.09559317260116003
579000,0.09559317260116003
579000,0.09559317260116003
582000,0.09504011474932804
582000,0.09504011474932804
582000,0.09504011474932804
582000,0.09504011474932804
582000,0.09504011474932804
587000,0.09448495829390109
587000,0.09448495829390109
587000,0.09448495829390109
590000,0.09396419753700454
591000,0.09470911579855043
592000,0.09419442018869424
592000,0.09419442018869424
592000,0.09419442018869424
592000,0.09419442018869424
596000,0.09478415758069635
596000,0.09478415758069635
598000,0.0942854941720086
598000,0.0942854941720086
600000,0.09376584173024635
600000,0.09376584173024635
602000,0.09340023037177354
603000,0.09479567144503093
603000,0.09479567144503093
603000,0.09479567144503093
603000,0.09479567144503093
603000,0.09479567144503093
608000,0.09600952595337048
608000,0.09600952595337048
608000,0.09600952595337048
608000,0.09600952595337048
608000,0.09600952595337048
608000,0.09600952595337048
608000,0.09600952595337048
615000,0.09694219847872712
615000,0.09694219847872712
617000,0.09636262803051286
617000,0.09636262803051286
617000,0.09636262803051286
617000,0.09636262803051286
621000,0.09658332989389262
621000,0.09658332989389262
621000,0.09658332989389262
621000,0.09658332989389262
621000,0.09658332989389262
621000,0.09658332989389262
621000,0.09658332989389262
628000,0.09659849073839588
628000,0.09659849073839588
628000,0.09659849073839588
628000,0.09659849073839588
628000,0.09659849073839588
628000,0.09659849073839588
628000,0.09659849073839588
635000,0.09681745147522566
635000,0.09681745147522566
637000,0.09701810627539036
638000,0.09659627144743782
638000,0.09659627144743782
640000,0.09696005208318523
641000,0.09667005720871392
641000,0.09667005720871392
643000,0.09622772917483856
643000,0.09622772917483856
645000,0.09586720804298464
645000,0.09586720804298464
645000,0.09586720804298464
645000,0.09586720804298464
645000,0.09586720804298464
645000,0.09586720804298464
651000,0.09730881620331251
651000,0.09730881620331251
653000,0.09681431765730619
653000,0.09681431765730619
653000,0.09681431765730619
656000,0.0963915872937912
656000,0.0963915872937912
656000,0.0963915872937912
656000,0.0963915872937912
656000,0.0963915872937912
656000,0.0963915872937912
662000,0.09673194317813584
662000,0.09673194317813584
662000,0.09673194317813584
665000,0.0970110783589273
665000,0.0970110783589273
665000,0.0970110783589273
665000,0.0970110783589273
665000,0.0970110783589273
665000,0.0970110783589273
671000,0.0965017302559159
671000,0.0965017302559159
671000,0.0965017302559159
674000,0.0961219044370361
674000,0.0961219044370361
674000,0.0961219044370361
674000,0.0961219044370361
674000,0.0961219044370361
674000,0.0961219044370361
674000,0.0961219044370361
681000,0.09671730861550643
682000,0.09648130081750031
682000,0.09648130081750031
682000,0.09648130081750031
682000,0.09648130081750031
686000,0.09580513492178297
686000,0.09580513492178297
686000,0.09580513492178297
689000,0.09648436165198418
690000,0.09555661394060351
691000,0.09497584175692092
691000,0.09497584175692092
693000,0.09457732199605479
694000,0.0942500235755769
694000,0.0942500235755769
694000,0.0942500235755769
697000,0.09513775661941494
697000,0.09513775661941494
699000,0.09484833825160409
699000,0.09484833825160409
701000,0.09576619442766518
702000,0.09538340805878236
702000,0.09538340805878236
704000,0.09493106616252152
705000,0.09457157841506414
706000,0.09516344842629475
706000,0.09516344842629475
708000,0.09530738754684685
709000,0.09575699658632482
709000,0.09575699658632482
711000,0.09532392500103386
711000,0.09532392500103386
711000,0.09532392500103386
711000,0.09532392500103386
715000,0.09565662789510153
716000,0.09545623219753059
717000,0.09597427846408327
717000,0.09597427846408327
717000,0.09597427846408327
717000,0.09597427846408327
717000,0.09597427846408327
722000,0.09653297197405267
723000,0.09617528878722041
723000,0.09617528878722041
723000,0.09617528878722041
723000,0.09617528878722041
723000,0.09617528878722041
728000,0.09585361270149863
728000,0.09585361270149863
730000,0.096456099384369
731000,0.09619795247783319
731000,0.09619795247783319
733000,0.09588075351664867
733000,0.09588075351664867
733000,0.09588075351664867
733000,0.09588075351664867
737000,0.09545358784659218
738000,0.0950316127054106
739000,0.09471790944873883
739000,0.09471790944873883
739000,0.09471790944873883
742000,0.09435622290810199
743000,0.09427843323243006
744000,0.09396432842758101
745000,0.09425750523510726
746000,0.09400945189655922
747000,0.09381209765013848
747000,0.09381209765013848
747000,0.09381209765013848
750000,0.09340818544844652
751000,0.09281752023719322
751000,0.09281752023719322
751000,0.09281752023719322
754000,0.09245919663747927
754000,0.09245919663747927
754000,0.09245919663747927
757000,0.09289427130481981
758000,0.09255808752376773
758000,0.09255808752376773
758000,0.09255808752376773
758000,0.09255808752376773
758000,0.09255808752376773
763000,0.09280306036273402
764000,0.09250898596516416
765000,0.09297566331023704
765000,0.09297566331023704
765000,0.09297566331023704
765000,0.09297566331023704
765000,0.09297566331023704
765000,0.09297566331023704
771000,0.09331295728853967
771000,0.09331295728853967
771000,0.09331295728853967
771000,0.09331295728853967
775000,0.09272376231739128
775000,0.09272376231739128
777000,0.09345190867617972
778000,0.09373000820499522
779000,0.09355140279684362
779000,0.09355140279684362
781000,0.09370325938690881
781000,0.09370325938690881
783000,0.09400373843909009
783000,0.09400373843909009
785000,0.09365661123358762
785000,0.09365661123358762
785000,0.09365661123358762
785000,0.09365661123358762
785000,0.09365661123358762
790000,0.09455118583042961
790000,0.09455118583042961
790000,0.09455118583042961
790000,0.09455118583042961
790000,0.09455118583042961
795000,0.09486422074425402
795000,0.09486422074425402
797000,0.09455352281903381
797000,0.09455352281903381
797000,0.09455352281903381
797000,0.09455352281903381
801000,0.09503980608451003
802000,0.09555339775705579
802000,0.09555339775705579
804000,0.09523445570276166
804000,0.09523445570276166
806000,0.09553865783603172
806000,0.09553865783603172
806000,0.09553865783603172
