1000,0.13241210560714523
1000,0.13241210560714523
3000,0.06669402432311977
4000,0.05056481387420394
5000,0.04143964360755048
5000,0.04143964360755048
7000,0.03386148904980413
8000,0.07731223529273151
9000,0.10825913244847434
10000,0.11455864729873888
11000,0.1233715621857802
12000,0.10829782721069729
13000,0.10168975101875002
13000,0.10168975101875002
15000,0.09605884532737076
16000,0.09074581940006397
16000,0.09074581940006397
18000,0.14289734006763036
19000,0.13616193403621152
20000,0.1301088763473327
21000,0.14564795740187036
22000,0.14657199212134986
23000,0.1373293490638401
23000,0.1373293490638401
25000,0.1408652555529618
26000,0.13599466983141367
27000,0.13700991752168667
28000,0.1339512030706047
28000,0.1339512030706047
28000,0.1339512030706047
31000,0.1260923003279398
32000,0.12734959898723505
33000,0.12428614260417802
34000,0.11803590371910147
35000,0.11445949402702639
35000,0.11445949402702639
37000,0.11241811672367234
38000,0.11129996339813646
38000,0.11129996339813646
38000,0.11129996339813646
38000,0.11129996339813646
42000,0.11402532183186724
43000,0.11510870613059151
43000,0.11510870613059151
45000,0.11344108356263433
45000,0.11344108356263433
47000,0.11163611128279778
48000,0.11105966885143931
48000,0.11105966885143931
48000,0.11105966885143931
51000,0.11626072767031721
52000,0.1166737906085859
53000,0.11849005053484805
54000,0.12183738262760475
55000,0.12023359586052494
56000,0.12579733817918362
57000,0.12533200068117428
57000,0.12533200068117428
59000,0.12222707357881356
60000,0.12076705027900732
61000,0.11933483467047139
62000,0.11900113581630868
63000,0.11625636487008865
64000,0.12046803954336575
65000,0.11981047833581054
65000,0.11981047833581054
67000,0.11881916635654144
68000,0.11775181276638624
68000,0.11775181276638624
70000,0.1175809695174213
71000,0.11906518367436379
72000,0.1177989010389184
73000,0.12283222226588576
74000,0.12487090866998689
75000,0.12247499331437926
76000,0.12031367648073663
77000,0.12100970331840193
77000,0.12100970331840193
79000,0.12180395946060422
80000,0.12457150636838717
81000,0.12480042128656203
82000,0.12378184771822465
83000,0.12417906984275826
84000,0.12813563552217888
85000,0.1297298776442914
86000,0.12598796342900193
87000,0.127139232762275
88000,0.12865696942757687
89000,0.12903930861862128
90000,0.12728967509512595
91000,0.1264138474566542
92000,0.1258343741046293
92000,0.1258343741046293
94000,0.12498745589415249
95000,0.12458553767286239
96000,0.12494259645588743
97000,0.1250404556888907
98000,0.12345655535892472
99000,0.12239354761526702
100000,0.12200713174235706
101000,0.12244425639299315
102000,0.12214240506867804
103000,0.12195411454622838
104000,0.12125003834219074
105000,0.12257980416037273
106000,0.12301443950543627
107000,0.12231938537175127
108000,0.1240470710547204
109000,0.12395140987621159
110000,0.1231288910166962
111000,0.12261276198956346
112000,0.1222879156432717
113000,0.12383956605913599
114000,0.12444103954814582
114000,0.12444103954814582
116000,0.12524029820159696
117000,0.12461991299753676
118000,0.12429531336820059
118000,0.12429531336820059
120000,0.12390904095232182
120000,0.12390904095232182
120000,0.12390904095232182
120000,0.12390904095232182
124000,0.1222718652024028
125000,0.12165460221165683
126000,0.12278294135813633
127000,0.12299666235872758
128000,0.12318968365112266
129000,0.12258581756427447
130000,0.12304788037643574
131000,0.12144681030505898
132000,0.12091622232944772
133000,0.11982929681373959
134000,0.11926459202239566
135000,0.11870550582790343
136000,0.12034108887038121
137000,0.12114162218858464
137000,0.12114162218858464
139000,0.12061030138510119
140000,0.12108958247655928
141000,0.12071594569685751
142000,0.12018927535493744
143000,0.11887625687769214
143000,0.11887625687769214
145000,0.11978678057669317
146000,0.11928844179936014
147000,0.12000266338780709
148000,0.11979059189509594
149000,0.11997764351652555
150000,0.12085180719779688
151000,0.12038743211015002
152000,0.1199102095607091
152000,0.1199102095607091
154000,0.12123849686181816
154000,0.12123849686181816
156000,0.12161215579101861
156000,0.12161215579101861
158000,0.12137042221227062
159000,0.12090884823312406
160000,0.12045244191558713
161000,0.11999282578283808
162000,0.12021884170643059
163000,0.12053984687212531
164000,0.12047964600523796
165000,0.12003108067778648
166000,0.11958968829014226
167000,0.12004251255261117
168000,0.11946818399644317
169000,0.1198269215407289
170000,0.11819871014531513
171000,0.11860298362577372
171000,0.11860298362577372
171000,0.11860298362577372
174000,0.11860900819127297
175000,0.11856784328781153
176000,0.11876656722021216
177000,0.11836419046604847
178000,0.11685899252344786
179000,0.11755616662357328
180000,0.11809447029650195
181000,0.1177037595119312
182000,0.1173279647956695
183000,0.11726414751813782
184000,0.11690358577095451
185000,0.11617584269816231
186000,0.11625392865139939
187000,0.11616352747741619
188000,0.11594247597529007
189000,0.11522034368236315
189000,0.11522034368236315
191000,0.11485977037364874
191000,0.11485977037364874
193000,0.11526125247018656
194000,0.1153825457856951
195000,0.11549909218366385
196000,0.11514849253510322
197000,0.1156891292159457
198000,0.11551334307314569
199000,0.11565143074595122
200000,0.11461336517576677
200000,0.11461336517576677
200000,0.11461336517576677
203000,0.11515110478836386
204000,0.11480739936673497
205000,0.1154166910080738
205000,0.1154166910080738
207000,0.11522886841461935
207000,0.11522886841461935
209000,0.11569796884018475
210000,0.11514120187894025
211000,0.11552760907619647
212000,0.1159459315516836
213000,0.11625933322797116
214000,0.11658741169128432
215000,0.11649268940811332
216000,0.11618000113027008
217000,0.11663948080465085
218000,0.116894837094451
219000,0.11715479424642941
219000,0.11715479424642941
221000,0.11656289645243637
221000,0.11656289645243637
221000,0.11656289645243637
221000,0.11656289645243637
225000,0.11600758692600596
226000,0.11485732360215652
227000,0.1143074376909577
227000,0.1143074376909577
229000,0.11399613318937328
230000,0.11395018877958549
230000,0.11395018877958549
232000,0.11366784068402172
233000,0.11364809035453888
234000,0.112763224945277
235000,0.11283937659639921
235000,0.11283937659639921
235000,0.11283937659639921
238000,0.112264263472517
239000,0.11242728668292927
240000,0.1129893552124551
241000,0.11261968348738342
242000,0.11178047256454597
243000,0.11270206331217923
243000,0.11270206331217923
245000,0.11326313974645036
246000,0.11298067076333702
247000,0.11335978435175555
248000,0.11283918661571608
249000,0.11371362829296974
250000,0.11343789143708605
251000,0.11321605732408395
252000,0.11391702211297405
253000,0.11336549199640651
253000,0.11336549199640651
255000,0.11310600508315025
256000,0.11313434681412997
257000,0.11290445813847416
258000,0.11322900147585548
259000,0.11270627780745134
260000,0.11191733381923605
261000,0.11323517310024969
262000,0.1136468915517244
263000,0.11396886923491525
263000,0.11396886923491525
265000,0.11372707627899357
266000,0.11422397176225546
267000,0.11407733509180551
268000,0.11398864722667096
269000,0.11374576640944048
270000,0.1138900681304567
271000,0.11393406474100613
272000,0.11369012571123327
273000,0.11437594932919601
274000,0.11457033653075938
275000,0.1148319491679078
276000,0.11432977370485263
277000,0.11467135063003543
278000,0.11484068090419795
279000,0.11489315639122283
280000,0.11505006382441134
281000,0.11455590677783706
282000,0.11410941205963496
283000,0.11386993175195179
284000,0.11400035561299372
285000,0.11373491377935255
286000,0.1135469982439304
287000,0.1131622096307257
288000,0.1128954138923116
288000,0.1128954138923116
290000,0.11295386774575121
291000,0.11251429435357511
292000,0.11207083116335131
293000,0.11183884826446534
294000,0.11198159670013148
295000,0.11174983993687043
296000,0.11179647665743478
297000,0.11156946359325512
298000,0.1117898596586415
299000,0.11237598830559983
300000,0.11248577849310688
301000,0.1120591826260354
302000,0.11187218663834705
303000,0.11149978445267877
304000,0.11203527722935305
305000,0.11183634421208453
306000,0.11143125059124245
306000,0.11143125059124245
308000,0.11131496987514744
309000,0.11199280943386052
310000,0.11162588132410894
311000,0.11200306623623876
312000,0.11173455312519283
313000,0.11134679599941848
314000,0.11149052795498227
315000,0.11150048607238343
316000,0.11183936189696754
317000,0.11148815745588381
318000,0.1122827862937155
319000,0.11216750552485241
319000,0.11216750552485241
321000,0.11262374274702154
322000,0.11208315915741508
323000,0.11210391522926681
324000,0.11174994924496096
325000,0.1119264018821646
326000,0.11173070856448529
327000,0.11152873707538012
328000,0.1118772326218972
329000,0.11213953254619834
330000,0.11190917699436978
331000,0.11179726417616476
332000,0.11162688956344786
333000,0.1112688882300211
334000,0.11089291694935437
334000,0.11089291694935437
336000,0.11129705370727723
337000,0.1107270027445203
338000,0.1103502497644524
339000,0.11036583033921432
340000,0.11053057328502898
341000,0.11060421419847419
342000,0.11100188836774191
342000,0.11100188836774191
342000,0.11100188836774191
345000,0.11091806264361002
346000,0.11150290080841345
347000,0.11151607928371006
348000,0.11186214930427477
349000,0.11135465923523058
350000,0.11164402795677968
350000,0.11164402795677968
350000,0.11164402795677968
350000,0.11164402795677968
350000,0.11164402795677968
355000,0.11176289909248502
356000,0.11124929899247359
357000,0.1107153572694632
358000,0.11070392981954973
359000,0.11035787427261029
360000,0.11019474357102267
361000,0.11029220344946436
362000,0.11041459652378434
363000,0.11039815006156313
363000,0.11039815006156313
365000,0.11053845581950673
366000,0.1101920458270813
367000,0.11064993632020531
368000,0.11047289686249505
369000,0.1105993584708033
370000,0.11153332108593378
370000,0.11153332108593378
372000,0.11111680989351434
373000,0.11131706901797594
374000,0.1108280062997053
375000,0.11099656371671147
376000,0.1108429897087344
377000,0.11123873206742015
377000,0.11123873206742015
379000,0.11091191994751409
380000,0.11066168100091098
381000,0.11071917179959756
382000,0.11080748182873755
383000,0.11064762362993594
384000,0.11064530587519941
385000,0.11069238899645742
386000,0.11055691220052112
387000,0.1104376816832505
388000,0.11062100093000102
388000,0.11062100093000102
390000,0.11100478213441678
391000,0.11119459407218829
392000,0.11133430066417593
393000,0.11117452612259157
394000,0.11138168379843374
395000,0.11122686374257104
396000,0.11134771022039035
396000,0.11134771022039035
398000,0.1112769227943232
399000,0.11141654281626094
400000,0.11227255957778824
401000,0.1121142361702108
402000,0.11259682264505755
402000,0.11259682264505755
404000,0.11215644613810463
405000,0.11191156941809811
406000,0.11248893203110291
407000,0.1123438087729535
408000,0.11230589612163717
409000,0.11263028064756976
410000,0.11217033701724845
410000,0.11217033701724845
412000,0.11213759755700713
413000,0.11252509735372346
413000,0.11252509735372346
415000,0.11228425543699076
416000,0.11269677171158222
417000,0.11263266995389364
418000,0.11291494908524992
419000,0.11291943842782938
420000,0.11291352517359703
421000,0.11298596781091998
422000,0.11257821760019908
423000,0.11222118478231309
424000,0.11250717164666624
425000,0.11262245133789504
426000,0.11238109273418861
427000,0.1124408010676777
428000,0.1125720873631927
429000,0.11245424943320231
429000,0.11245424943320231
431000,0.11232664066260716
431000,0.11232664066260716
433000,0.11230037873526598
434000,0.11273270348385789
435000,0.1131232931634264
436000,0.11283453705096673
437000,0.11284043002787272
438000,0.11293811414201574
439000,0.11314126995269286
440000,0.1129980798304496
441000,0.1124884989111873
442000,0.112345056330836
443000,0.11207728665739711
444000,0.11260438618887542
445000,0.11275226142958676
446000,0.11284135255037518
447000,0.11304993086970273
448000,0.11291528818608206
448000,0.11291528818608206
450000,0.11280131153265564
451000,0.11250020718560577
452000,0.11224806984019024
453000,0.11241395419666213
454000,0.11253050847458577
454000,0.11253050847458577
456000,0.1128764148309763
457000,0.11276981178523376
458000,0.1126365264662392
458000,0.1126365264662392
460000,0.11272397716908086
461000,0.11254895712489528
462000,0.11282415643693387
463000,0.11268791959664122
464000,0.11271375148840741
465000,0.11294626460106942
466000,0.11268540691083967
467000,0.11279445918308582
468000,0.11280637377847266
469000,0.11303816115195313
470000,0.11317384203459821
471000,0.11304058585015675
472000,0.11278270870594369
473000,0.11280082555941136
474000,0.1125840480495569
475000,0.11284985695622088
475000,0.11284985695622088
477000,0.11273952634471941
478000,0.11268314209029123
479000,0.11247165071286325
480000,0.11251650448120488
481000,0.11261786564129027
482000,0.11252145239422577
483000,0.11220819265643575
484000,0.11208682433948675
485000,0.11243135998277821
486000,0.1126611749948283
486000,0.1126611749948283
488000,0.11282357841944221
489000,0.11253413480513362
490000,0.11263413472058717
491000,0.1128720004218866
492000,0.11236654758639522
493000,0.11269155810768634
494000,0.11256934537214448
495000,0.11244618516215335
496000,0.11234551902621337
496000,0.11234551902621337
498000,0.112307371840201
499000,0.11218739572418307
500000,0.11194307561741426
501000,0.11176422160858092
502000,0.11183370905347013
503000,0.1117125156501815
504000,0.111521941429107
505000,0.1114006319095806
506000,0.11193600448061393
507000,0.11202040812996884
508000,0.11190226068834559
509000,0.1116732196512896
510000,0.11148065532210376
511000,0.11136091616487936
512000,0.11147684865894099
513000,0.1118673052197456
513000,0.1118673052197456
515000,0.11171541182832675
515000,0.11171541182832675
515000,0.11171541182832675
518000,0.11160729221376459
519000,0.11151550719228588
520000,0.11154906260215659
521000,0.11131843892643686
522000,0.11119982115481221
523000,0.11166059660053514
524000,0.11156131329659563
525000,0.11178798585967643
526000,0.11195803799998734
527000,0.1117300805058631
528000,0.11181523307308044
529000,0.11163074949876998
530000,0.11142254314515422
531000,0.11136659050238229
532000,0.11118262294514444
533000,0.11114011035446139
534000,0.11122341947152496
535000,0.11111224794432327
536000,0.11215450106799005
537000,0.11230975128848619
538000,0.11208277865535411
539000,0.11235194704137696
540000,0.11237723050500095
541000,0.11232183601577317
542000,0.11219330159276857
542000,0.11219330159276857
544000,0.11314057307238293
545000,0.1129919744213062
546000,0.11266408250970471
547000,0.11262418701439691
548000,0.11238726043057684
549000,0.1121636391374197
550000,0.11214666187914056
551000,0.11254785354583118
552000,0.11315666483403208
553000,0.1119515485535174
554000,0.11238148271033134
554000,0.11238148271033134
554000,0.11238148271033134
557000,0.11211430415737146
558000,0.11169563805967374
559000,0.11117925445405459
560000,0.11092396740716948
561000,0.111100197971041
562000,0.1109192477167515
563000,0.11120746009582445
564000,0.11138062719514386
565000,0.11174732122712504
566000,0.11148547833056094
567000,0.11164109173595244
568000,0.11167648756883358
569000,0.11239620897081136
570000,0.11237868452359735
571000,0.11207242027914986
572000,0.11189209426746033
573000,0.11137448760154
574000,0.1111592915009266
575000,0.11129367087468466
576000,0.11156177045137079
577000,0.11157094670102129
578000,0.11132449946607734
579000,0.11169793966643529
580000,0.11139937760816002
581000,0.11090928569140719
582000,0.1111890543153404
583000,0.11184618700814186
583000,0.11184618700814186
585000,0.11193478572672444
586000,0.11215129287406787
587000,0.11168328504171716
588000,0.11114696942748366
589000,0.11136645248023574
590000,0.11148719198728042
591000,0.11161326195326933
592000,0.11137601784269421
593000,0.11159553101138191
594000,0.11165954611087602
595000,0.11158105471461406
596000,0.11122810439090404
597000,0.11123351753089515
598000,0.11098318256474755
599000,0.1112154172916691
600000,0.11107093061027756
601000,0.11132212033432314
602000,0.11144986001396558
603000,0.11220721427561571
604000,0.1125759411381133
605000,0.11254110737151504
605000,0.11254110737151504
607000,0.11260123826492682
608000,0.11287979643472616
609000,0.11254659327571778
610000,0.11257201409281743
611000,0.11254628827349274
611000,0.11254628827349274
613000,0.11232963205581728
614000,0.11236792852085627
615000,0.11264809988723459
616000,0.11263405695226143
617000,0.11267265230701332
618000,0.11227766854132047
619000,0.11270094506065165
620000,0.11291848382655237
621000,0.11299294411304295
622000,0.1129929097034215
623000,0.1128486210996878
624000,0.11217266402967431
625000,0.11216933118926534
626000,0.11225599680511561
627000,0.11236034141320153
628000,0.11220665530413036
629000,0.11191285757181335
630000,0.11216248750162401
631000,0.11222509350448256
632000,0.11239418776643888
633000,0.11222712048996734
634000,0.11222397795552064
635000,0.11173921269173002
635000,0.11173921269173002
637000,0.111927219711959
638000,0.11165453481621966
639000,0.11140330692543522
640000,0.11143181379229657
641000,0.11137946196857651
642000,0.11153961273424391
643000,0.11153125052660624
644000,0.11098511434072275
645000,0.11079620200839385
645000,0.11079620200839385
647000,0.11062223320371446
648000,0.11093773281794148
649000,0.11139020441860831
650000,0.11109170205195992
651000,0.11129606091250663
652000,0.11119159884156754
653000,0.11102079445624022
654000,0.11125947112937003
655000,0.11160107957123301
656000,0.11143570211986221
657000,0.11137460845250272
658000,0.11134171614541669
659000,0.11138055531785326
660000,0.1121866328478963
661000,0.11161166678843414
662000,0.11171952067169061
663000,0.1120144323797933
664000,0.11177956256371041
665000,0.11205794366408224
666000,0.11211556742666266
667000,0.11234816120332129
668000,0.11231706094994497
669000,0.1125130813173798
670000,0.11280092418499411
671000,0.11276779635749982
672000,0.1130372762731032
673000,0.11314776212753545
674000,0.11283555051466357
675000,0.1127398919646474
676000,0.1127144838437394
677000,0.11267942494249024
678000,0.11275489543263481
679000,0.11280125733246993
680000,0.11224104939375269
681000,0.11246776664414992
682000,0.11206283406170671
683000,0.1116643272249481
684000,0.11164531662764775
685000,0.11206375133332473
686000,0.11230207473297275
687000,0.11254913344830246
688000,0.11253255739655449
689000,0.11274673889780132
690000,0.11260001419575418
691000,0.11294180979606475
692000,0.11268910603642955
693000,0.11263447719238277
694000,0.11262260108375963
695000,0.1123410153423732
696000,0.11240375853552129
697000,0.11274807813966185
698000,0.11221466754238199
699000,0.11227151838435406
700000,0.11217017391808785
701000,0.11248356452982072
702000,0.11207822627738326
703000,0.11243038313897295
704000,0.11260372519540747
705000,0.11265505402699802
706000,0.11301051149893493
707000,0.1131009677344981
708000,0.11286807347868233
709000,0.11293876586429608
710000,0.1128780328973725
711000,0.11287028650948108
712000,0.1130399637097391
713000,0.11266593877697034
714000,0.11267800084441246
715000,0.11284613939926308
716000,0.11310877749314055
717000,0.11287011268728998
718000,0.11370179780563311
719000,0.1136855623225639
720000,0.11359391787961673
721000,0.11365259325530887
722000,0.11387152061213145
723000,0.11422281405181303
724000,0.11422279325010509
725000,0.11402386917433856
726000,0.11402234861586262
727000,0.11404214023806548
728000,0.11414115938083262
729000,0.11464996587783503
730000,0.11542260650756123
731000,0.11529954426683872
732000,0.1150175864596155
733000,0.11480328896151827
734000,0.11505852109906939
735000,0.1152839821437578
736000,0.11525018900546515
737000,0.11566891754095777
738000,0.11610364575130822
739000,0.11578322241435002
739000,0.11578322241435002
741000,0.11564828525498493
742000,0.11543292054633998
743000,0.11569378276566081
744000,0.11555812118726713
745000,0.11557611590844025
746000,0.11581686952697319
747000,0.11557081995812993
747000,0.11557081995812993
749000,0.11534024622665555
750000,0.11547921982887245
751000,0.11551182484823729
752000,0.11600516524697235
753000,0.11609339796623865
754000,0.11661890892651194
755000,0.11672785779916849
756000,0.11677988397696211
757000,0.11800008883174741
758000,0.11816046199098407
759000,0.11817467582410296
760000,0.1188437416149063
761000,0.11882844642064297
762000,0.11908139334689574
763000,0.11908700849011744
764000,0.11878031885214164
765000,0.11856451557286661
766000,0.11856276980549856
767000,0.11862319496777389
768000,0.11858151415433164
769000,0.11902035991479214
770000,0.11869701009744955
771000,0.11879030804285756
772000,0.11910375480473162
773000,0.11929732692035334
774000,0.11975617972791773
775000,0.11990818878548135
776000,0.11989326888518184
777000,0.12012658258639962
778000,0.12051492131689066
779000,0.12075496692968837
780000,0.12097498681590599
781000,0.12082085104416977
781000,0.12082085104416977
783000,0.1207620282882254
784000,0.12094025373559095
785000,0.1206648916552578
786000,0.12054608337914621
787000,0.12098137544302026
788000,0.12103619727272927
789000,0.12103350521067091
790000,0.12168650081059207
791000,0.12138694827206462
792000,0.12125709453659661
793000,0.12144229801839239
794000,0.12098154108827137
795000,0.12059775825172117
796000,0.12037929138826262
797000,0.12027130898629047
798000,0.12023351162111469
799000,0.12053690741511199
800000,0.12041178646917497
801000,0.11976696417451768
802000,0.11932060136277318
803000,0.12009073343436347
804000,0.11988664301584936
805000,0.11983463669015672
806000,0.12031834519749082
807000,0.12008633107387869
808000,0.12017118438363492
