1000,0.24276071305451552
2000,0.13611930840598596
3000,0.13448246637692618
4000,0.12072141428591358
5000,0.11543502047828727
6000,0.1216048845491426
7000,0.10855851316997983
8000,0.1382515828393746
9000,0.1561278129059222
10000,0.15003486859481588
11000,0.14738828001695256
12000,0.13358920560024604
13000,0.13551550437229803
14000,0.13402968683788546
15000,0.13695357966394137
16000,0.14019477971672684
17000,0.1422973016752878
18000,0.16606175537589213
19000,0.15925280717599416
20000,0.15887182791785515
21000,0.16890028233426077
22000,0.179924628128738
23000,0.17550655951592845
24000,0.17625717496284735
25000,0.17884486620739937
26000,0.17961173174317585
27000,0.18284644246366188
28000,0.18157572704503672
29000,0.18035307139476855
30000,0.176043338704795
31000,0.17101345387058983
32000,0.16780299410060642
33000,0.16468443525084314
34000,0.16313668373653975
35000,0.15829736404947023
36000,0.1586535259917087
37000,0.15692936775861704
38000,0.1554657552561971
39000,0.15474668078002135
40000,0.1561967853445761
41000,0.15528127504850386
42000,0.15753429210531905
43000,0.16182514532300804
44000,0.16195279174607485
45000,0.15826788867939523
46000,0.15661691789193308
47000,0.15708893736457943
48000,0.15757743141803054
49000,0.15919722700553599
50000,0.1598178365164563
51000,0.1648194741289406
52000,0.16533056684288763
53000,0.1670959608339398
54000,0.1683615529331457
55000,0.16753772624066704
56000,0.16794266481649728
57000,0.16737759130754012
58000,0.16692944213124725
59000,0.16531581603259551
60000,0.16461840652817122
61000,0.16333434309163747
62000,0.16205659859771987
63000,0.15999551681364882
64000,0.16148214162530294
65000,0.16323413347118543
66000,0.16494316225050945
67000,0.16584539839397247
68000,0.16468202673335958
69000,0.16377664017626362
70000,0.1633816173953196
71000,0.1658067674957989
72000,0.16592030403439267
73000,0.16702838324196403
74000,0.16639700453100442
75000,0.16709603236914689
76000,0.1647703420184493
77000,0.16596670281888207
78000,0.16727430469303994
79000,0.16691145815858915
80000,0.1663380115966159
81000,0.16694737317319536
82000,0.16650954226395429
83000,0.16661211377170523
84000,0.1673357489496576
85000,0.16830459555027136
86000,0.16732607265122576
87000,0.16933429525159888
88000,0.16838132931496982
89000,0.170608392020368
90000,0.17001787947915423
91000,0.1699859578169145
92000,0.16947980721371952
93000,0.16823397286312916
94000,0.16708792776072925
95000,0.16722326245471678
96000,0.1661023990632289
97000,0.16636968151533515
98000,0.1655322539965768
99000,0.16514271560609822
100000,0.16476378123957888
101000,0.16466641085336034
102000,0.16516095335359268
103000,0.16291007523323614
104000,0.16213314106093094
105000,0.1630997377516306
106000,0.16332736677190815
107000,0.16415825362922665
108000,0.16407810028589098
109000,0.1639363128941826
110000,0.1631378880833324
111000,0.1626109805510641
112000,0.16274803769959068
113000,0.16254177659911417
114000,0.1621970449672187
115000,0.16164073422910943
116000,0.16259860617138255
117000,0.16200445086764093
118000,0.16212644267589077
119000,0.1615881615806541
120000,0.16104741044695986
121000,0.1618159539975557
122000,0.1629557580563729
123000,0.16198407792659414
124000,0.16242958269805022
125000,0.16234506453751918
126000,0.16186981310428752
127000,0.16101604384968154
128000,0.16086548954231933
129000,0.16000721796988682
130000,0.15957941020281244
131000,0.15849185584141365
132000,0.15827309058931277
133000,0.15778946466113175
134000,0.15769883138274832
135000,0.15870436160670828
136000,0.15889932027097323
137000,0.1582765325049844
138000,0.1580506899357168
139000,0.15854758457848545
140000,0.15967578426961598
141000,0.15880953887462157
142000,0.15962872513810528
143000,0.15839439575169437
144000,0.15877186467359028
145000,0.15853718797750022
146000,0.1579446057842763
147000,0.1585794554930412
148000,0.1588125219730195
149000,0.1584484005909233
150000,0.15830741188993971
151000,0.15825694842483343
152000,0.1571945616775889
153000,0.1576439375172561
154000,0.1583740451924354
155000,0.15851946265766362
156000,0.15880954817758697
157000,0.15867229542270075
158000,0.15848573918482092
159000,0.15919607457237644
160000,0.15883795141253543
161000,0.15931181304070247
162000,0.15895373429990928
163000,0.15851260937624895
164000,0.1587059300847494
165000,0.1594784137622297
166000,0.158734978746131
167000,0.15800603426294701
168000,0.15819797195721663
169000,0.15846839030543874
170000,0.1581998076334183
171000,0.15828815416346406
172000,0.15834616954592104
173000,0.15817611258978606
174000,0.1580260177390656
175000,0.1576328848591459
176000,0.15771130922170248
177000,0.15833269845381504
178000,0.1585156293788349
179000,0.15781686990286725
180000,0.15773019132829874
181000,0.1575568049692408
182000,0.1571682375168515
183000,0.156988938729926
184000,0.15665614119900018
185000,0.156994466753534
186000,0.15703186750215134
187000,0.1570145350604566
188000,0.15703993359375962
189000,0.15668638675022092
190000,0.15691519267315046
191000,0.15756632486510624
192000,0.1579151382146452
193000,0.15760035608390593
194000,0.15725171890967185
195000,0.1569337127691488
196000,0.15647794747649846
197000,0.15684351588465717
198000,0.15628436401973347
199000,0.15609899324117496
200000,0.15571269748562494
201000,0.15511101002848848
202000,0.15499737469034822
203000,0.15511767497433868
204000,0.1551080041332194
205000,0.15622447855867336
206000,0.15675838809330747
207000,0.15701562419689472
208000,0.15672958341039425
209000,0.1554065477172581
210000,0.15460135900290156
211000,0.15495773605275842
212000,0.15567469890073676
213000,0.15601350177314777
214000,0.15576031803118187
215000,0.15382059248448945
216000,0.1546945110395924
217000,0.15406030741157026
218000,0.1536870599099828
219000,0.15411753528973088
220000,0.15368785351008404
221000,0.15371776315620933
222000,0.15317085864543714
223000,0.15356706445787985
224000,0.1525136094665898
225000,0.1523768107533608
226000,0.15184887923877913
227000,0.1524203219807974
228000,0.15327124940251588
229000,0.15303980982477486
230000,0.153252954678032
231000,0.15356165335168578
232000,0.15298116334118497
233000,0.1529034363836995
234000,0.15269872219422562
235000,0.15190043417317525
236000,0.15177415295197658
237000,0.15233376772093304
238000,0.15243441723064888
239000,0.15196624970653733
240000,0.15275301520201026
241000,0.1522618969219145
242000,0.15079409242857622
243000,0.15185967885885723
244000,0.15203741786385377
245000,0.15149278958090867
246000,0.15112745498240798
247000,0.1511157729329587
248000,0.15196444780243631
249000,0.15248857794994336
250000,0.15289119643456311
251000,0.1535651834056118
252000,0.15337728824487482
253000,0.15236233932610993
254000,0.1516484442393974
255000,0.15169932365231395
256000,0.15138328363185724
257000,0.15141929947487506
258000,0.15186301134493027
259000,0.1511209911209699
260000,0.15069657839705192
261000,0.15075582592844447
262000,0.14989640508607668
263000,0.15020963819681749
264000,0.1509231970245742
265000,0.1507043643987819
266000,0.15125612772179214
267000,0.15136620126937822
268000,0.15172519309862442
269000,0.15093838352268035
270000,0.15081603847062447
271000,0.15090893606926722
272000,0.15025440183066296
273000,0.15097267144493623
274000,0.15056391403070044
275000,0.1508779457390308
276000,0.149824610083188
277000,0.1499374923261234
278000,0.15009024949540525
279000,0.15089413022491727
280000,0.151320985096749
281000,0.151538377574011
282000,0.15196724941832554
283000,0.1522765785503094
284000,0.15271164244236551
285000,0.1521672910903476
286000,0.15188610106475592
287000,0.15194115606005207
288000,0.15117029560807713
289000,0.15202463679412434
290000,0.1522735858698387
291000,0.15248750784786683
292000,0.151384570057021
293000,0.1511139816211626
294000,0.15134379451604
295000,0.1517081444601111
296000,0.15189202993899042
297000,0.15186648465382221
298000,0.15215467711500574
299000,0.15254999723083226
300000,0.1531507282846501
301000,0.15319836040974216
302000,0.15295131542836737
303000,0.15257877064426542
304000,0.15382426170676172
305000,0.1536564802382772
306000,0.1540317532585221
307000,0.15399451188742802
308000,0.15288487477026935
309000,0.1525079915893432
310000,0.15300027055955367
311000,0.1534891218998664
312000,0.1534709327928669
313000,0.1529843208628637
314000,0.15327086280697524
315000,0.15427254058664192
316000,0.15413699962968458
317000,0.15457832979401348
318000,0.1550315496965995
319000,0.15501796711306914
320000,0.15560622829221113
321000,0.15581693479609038
322000,0.1560668923472943
323000,0.15536408356975037
324000,0.15489613066120977
325000,0.15544003037800297
326000,0.1554572446818733
327000,0.15503333980792433
328000,0.15540890664643275
329000,0.1556782949107707
330000,0.1560390270357765
331000,0.15577085672336494
332000,0.15516886338964772
333000,0.15459215986224115
334000,0.1554110866157232
335000,0.15476108431103688
336000,0.15536816322879962
337000,0.155068171004539
338000,0.15492111104624792
339000,0.15437880413074992
340000,0.15396018003808962
341000,0.1547556715617007
342000,0.1553186748526412
343000,0.15506199039093446
344000,0.15506720953087796
345000,0.15498207004331185
346000,0.15572462745104107
347000,0.15680701940527045
348000,0.1559376209783366
349000,0.15584276781061912
350000,0.1564977733043886
351000,0.15709978248411396
352000,0.15667074496861358
353000,0.1570361683951002
354000,0.1574391566837601
355000,0.1580432862055337
356000,0.15880250120493292
357000,0.15891186141739416
358000,0.15930580089581725
359000,0.15918044924858418
360000,0.15885582355767877
361000,0.15783573050280392
362000,0.1579826343983408
363000,0.15838361083389457
364000,0.159037947584437
365000,0.15905070895764498
366000,0.15884922585777345
367000,0.15934151658045692
368000,0.15880318339912453
369000,0.15802335068725898
370000,0.15833716684799964
371000,0.15756189673841142
372000,0.15824809436836546
373000,0.1568945779325321
374000,0.1581412901409205
375000,0.15877093617103635
376000,0.15869664201036482
377000,0.16060278229746716
378000,0.16060130724008084
379000,0.16079373709717826
380000,0.1608055134495077
381000,0.1611944547902354
382000,0.16146400902652303
383000,0.16097726968333723
384000,0.1611398601490161
385000,0.160328444726945
386000,0.1600776558624282
387000,0.1610211744445924
388000,0.16148980532573018
389000,0.16203161996604992
390000,0.1624470441295882
391000,0.16293986661236698
392000,0.1623985764738066
393000,0.16251154631014633
394000,0.1621321189279483
395000,0.16295585782687663
396000,0.16276360383827632
397000,0.1629031716625438
398000,0.16219760422914578
399000,0.16175079186200692
400000,0.16314602211755108
401000,0.1627508548498501
402000,0.16269465339851974
403000,0.1631852297685088
404000,0.1634247040988426
405000,0.16365715457967872
406000,0.1635191987895688
407000,0.16280586497745428
408000,0.16270148832780462
409000,0.16256191910374626
410000,0.16264314573849079
411000,0.16303017895027205
412000,0.16323130625039783
413000,0.1635883537852197
414000,0.16312972586117389
415000,0.16291078136306464
416000,0.16293646327795397
417000,0.16340598845285376
418000,0.1636783027583777
419000,0.1626241888256608
420000,0.1628298950523458
421000,0.16254653275130462
422000,0.1618218420279694
423000,0.16116622608465014
424000,0.15998212163133535
425000,0.16100958477566923
426000,0.16026385390520664
427000,0.15904403590914223
428000,0.15845049312084092
429000,0.15823957605209998
430000,0.1586798659669171
431000,0.15909492095818048
432000,0.1596518301462443
433000,0.1608552489643799
434000,0.16126456121010568
435000,0.16184355888750895
436000,0.16128024930714305
437000,0.16147144302999566
438000,0.16130580103273465
439000,0.16112184182958142
440000,0.16212474884246744
441000,0.16141054619817322
442000,0.16120779903768595
443000,0.1603859056477133
444000,0.15997874067387713
445000,0.1605312792285321
446000,0.16087553113027805
447000,0.16112557052886706
448000,0.161089107624589
449000,0.16222981571099243
450000,0.16247085973040687
451000,0.16165630865143282
452000,0.1615463987620895
453000,0.16226209294953464
454000,0.1626317806141731
455000,0.1619929358327209
456000,0.1611152086256518
457000,0.16022484836769302
458000,0.15997623692039684
459000,0.16113375227528906
460000,0.16094357157938802
461000,0.16036555141657516
462000,0.16027145743409307
463000,0.1603245838450159
464000,0.16127342330518815
465000,0.16169020854423277
466000,0.16209749189615136
467000,0.162463389170733
468000,0.16201238396055617
469000,0.16244971659076995
470000,0.16383652250237038
471000,0.16418408976308102
472000,0.16297648742959905
473000,0.16345614523168744
474000,0.16277859404572187
475000,0.16243646683798216
476000,0.16202846666799786
477000,0.16107785930346513
478000,0.16210860539431626
479000,0.16209847171793482
480000,0.16073673536614982
481000,0.16106546905614716
482000,0.16125477834628307
483000,0.15992415844332464
484000,0.1595826122054367
485000,0.15939126308687626
486000,0.16035929136283664
487000,0.16037626334393923
488000,0.1607868127380523
489000,0.15970421144574284
490000,0.1592968882755541
491000,0.15997372844288843
492000,0.15960588446355511
493000,0.16064194155185293
494000,0.16031932387835376
495000,0.1600598432307379
496000,0.15898184057941966
497000,0.15896411925182474
498000,0.15798435537658792
499000,0.157848962913939
500000,0.1581587452814687
501000,0.15742314777936015
502000,0.15683772183105463
503000,0.15710957728413807
504000,0.15704339495954803
505000,0.157920054917834
506000,0.1579620877735395
507000,0.1577624510492784
508000,0.1576295353820869
509000,0.1581751080443369
510000,0.15872049402169386
511000,0.15828556512865852
512000,0.15744928151316748
513000,0.15858874759954114
514000,0.15880385465036237
515000,0.15892505627375736
516000,0.15794832341986223
517000,0.15634474635123036
518000,0.1555924301488762
519000,0.1550088831426613
520000,0.1547549281418386
521000,0.1545041578640268
522000,0.15367607938569455
523000,0.15479305055673048
524000,0.15492799043614255
525000,0.1547103514596183
526000,0.15443208760437904
527000,0.1535444401300972
528000,0.1531092896800867
529000,0.1515529747534418
530000,0.15071174376350918
531000,0.15040870120433164
532000,0.1503925212353712
533000,0.15034407402979258
534000,0.1506433044219196
535000,0.15140223775646386
536000,0.1527291520503433
537000,0.1531534591746274
538000,0.1524308008078812
539000,0.15277533395327964
540000,0.1529384059970396
541000,0.15306160191735602
542000,0.1532635227707778
543000,0.15320569169555232
544000,0.1538737178508579
545000,0.15416056739570175
546000,0.15478236204010587
547000,0.15386869034097134
548000,0.15415585199783202
549000,0.15432334534590028
550000,0.153514666141807
551000,0.15287894654783138
552000,0.15352887860648887
553000,0.1528211632530168
554000,0.15347865917419012
555000,0.15239454674118308
556000,0.1524940517348002
557000,0.15147190981746697
558000,0.15273840622109972
559000,0.15215814501419567
560000,0.15127098656156132
561000,0.1521066163881711
562000,0.15173901446631205
563000,0.15237599492156842
564000,0.15202857304050701
565000,0.15077122815198277
566000,0.15183236236316192
567000,0.15277878998234037
568000,0.15243852825049203
569000,0.1531476897866069
570000,0.15401812010756363
571000,0.1542772996925159
572000,0.15357251871519287
573000,0.15256990330976913
574000,0.15202180034583768
575000,0.1523319855143027
576000,0.151138456154946
577000,0.15163692354236727
578000,0.15128722735144606
579000,0.15183402391301007
580000,0.1517348824060978
581000,0.15118007510810388
582000,0.15236946755609368
583000,0.15288566488630995
584000,0.15294349243079364
585000,0.15280491392697745
586000,0.15265066003232658
587000,0.15331601641399265
588000,0.15355520100166983
589000,0.15399405517849168
590000,0.15425396639288835
591000,0.15459547646980612
592000,0.15444689484269342
593000,0.15603974056443276
594000,0.15647124952032704
595000,0.15708255400102905
596000,0.1570292527668812
597000,0.15624194333300404
598000,0.15674179073708228
599000,0.15682709602592018
600000,0.15640181126731914
601000,0.1569619788567725
602000,0.15701200577447305
603000,0.15608121944289144
604000,0.15569915396306255
605000,0.15549502365830337
606000,0.15464155509073488
607000,0.15535809242087156
608000,0.15528395922264018
609000,0.15510423305390258
610000,0.15542675758706592
611000,0.15460259547491148
612000,0.15460398050240196
613000,0.15426173158104975
614000,0.1543046310492157
615000,0.1551443256572867
616000,0.15463545915434737
617000,0.15496588550899026
618000,0.1537285269151897
619000,0.15460642973328098
620000,0.15555740881610114
621000,0.15472518986358197
622000,0.15408589038466733
623000,0.15459502573921519
624000,0.15296653251160314
625000,0.15294072884297738
626000,0.15218976060941788
627000,0.15252916314550033
628000,0.15249964988475312
629000,0.152987097890366
630000,0.1534441356237698
631000,0.15314098462167286
632000,0.15292041124148875
633000,0.15372368863860994
634000,0.15351884682456096
635000,0.15376452757382436
636000,0.1534957489787386
637000,0.15239141671745454
638000,0.15223104998124312
639000,0.15232151102023786
640000,0.15204664653942104
641000,0.15101908298216518
642000,0.15058963870954997
643000,0.15093792914286455
644000,0.15051132218460522
645000,0.1501315413236978
646000,0.15065952457533308
647000,0.15063179009974573
648000,0.15138425523388196
649000,0.15060769948756175
650000,0.15098746333902016
651000,0.15047567129573833
652000,0.1507564142909043
653000,0.1506212319855792
654000,0.15096926791524717
655000,0.15122281281482616
656000,0.15231149908612784
657000,0.1519307806267766
658000,0.151181665256617
659000,0.15147476526461878
660000,0.1524529879132869
661000,0.1521144231060897
662000,0.15219207485067607
663000,0.15256369286881968
664000,0.15128248931149474
665000,0.15124639099191428
666000,0.1511003283039167
667000,0.15203235679939855
668000,0.1528473058983113
669000,0.15244118429974063
670000,0.15351004673883697
671000,0.15346619249996946
672000,0.1539438857664103
673000,0.15388786754720815
674000,0.15417952143599623
675000,0.1535028003515497
676000,0.15484035423697287
677000,0.15535169363587323
678000,0.1556486296417024
679000,0.1551144832838711
680000,0.1553889881950859
681000,0.15472480333440602
682000,0.15434010998463743
683000,0.1536192347400628
684000,0.15392654678021517
685000,0.15547725201242327
686000,0.15631653977330234
687000,0.15678569006916254
688000,0.15592543432423622
689000,0.15550185522912874
690000,0.15516127895942994
691000,0.1541162907623564
692000,0.15341573047653786
693000,0.15250366077992064
694000,0.1526298049607932
695000,0.15254111171786866
696000,0.153143341666866
697000,0.15456456415151792
698000,0.1541537292426392
699000,0.15416999171114212
700000,0.15416878607218606
701000,0.15414521133307818
702000,0.1530946529606898
703000,0.15317493324540477
704000,0.15268523416497914
705000,0.15251936901605403
706000,0.15351090167753195
707000,0.15341502450030026
708000,0.15350327269008845
709000,0.15429524429172223
710000,0.15368571495328712
711000,0.1529803338755399
712000,0.15416031385843348
713000,0.15381039158345344
714000,0.1547958081122184
715000,0.15523794703306185
716000,0.15540766550644533
717000,0.15472838210368367
718000,0.1557598301204823
719000,0.15538127841189084
720000,0.15590121660488448
721000,0.15574548922454517
722000,0.1566230054377683
723000,0.15678543622560076
724000,0.15700794907104962
725000,0.15644332031126115
726000,0.15636363278366225
727000,0.15469938437418665
728000,0.1543520328321438
729000,0.15330693555122202
730000,0.15305417801594354
731000,0.15407385111442096
732000,0.15426038052248123
733000,0.15489946827129503
734000,0.15545332788945007
735000,0.1562695157218838
736000,0.15568101934684808
737000,0.1563691152758286
738000,0.15589831314789032
739000,0.1566386637187141
740000,0.15700233133970912
741000,0.15721920769599573
742000,0.15681376409084685
743000,0.15701081106276377
744000,0.1578475748594976
745000,0.15792580596802744
746000,0.15799825622410835
747000,0.15831035304493632
748000,0.15840286266917336
749000,0.157792712940235
750000,0.157119891511136
751000,0.15722426544655213
752000,0.15680113319364505
753000,0.15663878407842668
754000,0.15732918268453086
755000,0.15706714950628997
756000,0.15700002909908484
757000,0.15846789879908607
758000,0.15892200328334402
759000,0.1596369834957442
760000,0.15969781631649047
761000,0.15963893648689118
762000,0.15962914919351184
763000,0.1585307235940946
764000,0.15853020052937172
765000,0.15904750122444
766000,0.1587578605147677
767000,0.1592507987971575
768000,0.15941704212277266
769000,0.15966092953849823
770000,0.15944371163624282
771000,0.16031294312990355
772000,0.15977409583789265
773000,0.15955054347578465
774000,0.1589419439713746
775000,0.15972809951084616
776000,0.15928540655119003
777000,0.1593876958330448
778000,0.15939732679469726
779000,0.16127866326338738
780000,0.16321452650675491
781000,0.16337099910394118
782000,0.16335219289414335
783000,0.1636776570488409
784000,0.16389403465207936
785000,0.16386259329339337
786000,0.1626164575113831
787000,0.16288152773498948
788000,0.163120873500765
789000,0.16261859237166945
790000,0.16349223640380542
791000,0.16370640367296008
792000,0.163718089060594
793000,0.1637903418571243
794000,0.16431577384769797
795000,0.16428607972623946
796000,0.16393202846639837
797000,0.16432237306338932
798000,0.1647459253481751
799000,0.16527659779508472
800000,0.16531555856224373
801000,0.16424398210050953
802000,0.164398414508992
803000,0.16495076772224443
804000,0.165068995278263
805000,0.16507140959651528
806000,0.1650744324393406
807000,0.16562174567752372
808000,0.1654614254084165
