1000,0.11540483492993303
1000,0.11540483492993303
1000,0.11540483492993303
4000,0.06488501475969688
5000,0.05281322469527675
5000,0.05281322469527675
5000,0.05281322469527675
8000,0.08168060056163551
8000,0.08168060056163551
10000,0.06886712068685164
11000,0.10075391819840991
12000,0.07877826278682393
12000,0.07877826278682393
12000,0.07877826278682393
15000,0.07122490337840191
15000,0.07122490337840191
15000,0.07122490337840191
18000,0.13556701889451533
18000,0.13556701889451533
18000,0.13556701889451533
21000,0.1350919403264813
21000,0.1350919403264813
21000,0.1350919403264813
21000,0.1350919403264813
25000,0.13681180767971154
26000,0.13142478903039145
27000,0.12492422563107297
28000,0.12090250331639159
28000,0.12090250331639159
28000,0.12090250331639159
31000,0.11546341371771009
32000,0.11045799346797701
33000,0.11540257178039419
34000,0.10398126972909143
35000,0.10236325857819333
35000,0.10236325857819333
37000,0.0990614725378486
38000,0.09612138961544779
38000,0.09612138961544779
38000,0.09612138961544779
38000,0.09612138961544779
42000,0.09896813347293676
43000,0.11052203084163338
43000,0.11052203084163338
43000,0.11052203084163338
43000,0.11052203084163338
47000,0.10899524348378727
48000,0.11001588369608532
48000,0.11001588369608532
48000,0.11001588369608532
51000,0.11281327506784591
52000,0.11361247488922904
53000,0.11685033620524286
54000,0.12024968998870476
55000,0.11765884066605077
56000,0.12193807086076916
57000,0.12142717438524954
57000,0.12142717438524954
59000,0.11899968526531118
60000,0.1167226149802666
60000,0.1167226149802666
62000,0.11928362064069369
62000,0.11928362064069369
64000,0.12124736031888593
64000,0.12124736031888593
64000,0.12124736031888593
67000,0.12240920409324767
68000,0.12121514264236442
68000,0.12121514264236442
70000,0.11905321012178983
70000,0.11905321012178983
72000,0.11709297472043169
73000,0.12094214134659127
74000,0.12546418228261433
75000,0.12364031286512527
76000,0.12178464076268458
77000,0.12014289610362991
77000,0.12014289610362991
79000,0.12357473133480464
80000,0.12664741123821183
81000,0.12496401076122449
81000,0.12496401076122449
83000,0.12435221893997708
84000,0.1256082202465735
85000,0.126735682702775
86000,0.122578935286363
86000,0.122578935286363
88000,0.12497420462618732
88000,0.12497420462618732
90000,0.12259725864753274
91000,0.12231147975241455
92000,0.12102072097250138
92000,0.12102072097250138
94000,0.11971353155546514
95000,0.11970016930781663
96000,0.12038072984041659
97000,0.11944767133924056
98000,0.11851682179543327
99000,0.1169933674970192
100000,0.11647877550915037
101000,0.1153848489260061
101000,0.1153848489260061
103000,0.11328811033354834
103000,0.11328811033354834
105000,0.11434499688081987
106000,0.11335486171724662
107000,0.11232271381738171
108000,0.11381545687625545
109000,0.11377277868361509
110000,0.11311930753318515
111000,0.11217672727229965
112000,0.11153009331030597
112000,0.11153009331030597
112000,0.11153009331030597
112000,0.11153009331030597
116000,0.11292130766965601
117000,0.11195102561826872
118000,0.11126086408321793
118000,0.11126086408321793
120000,0.11101053620166011
120000,0.11101053620166011
120000,0.11101053620166011
120000,0.11101053620166011
124000,0.10916807731901625
124000,0.10916807731901625
124000,0.10916807731901625
124000,0.10916807731901625
128000,0.10829607410410341
129000,0.10742078729079106
129000,0.10742078729079106
131000,0.10517323997872433
132000,0.10530588741025625
133000,0.10509552684893161
134000,0.10436862719053278
134000,0.10436862719053278
136000,0.10643403131768266
137000,0.10667523022996721
137000,0.10667523022996721
137000,0.10667523022996721
140000,0.10763653763756091
141000,0.10618293421999739
141000,0.10618293421999739
143000,0.10469304438040934
143000,0.10469304438040934
145000,0.10645731037554355
145000,0.10645731037554355
147000,0.10787853016638284
148000,0.10764109154837274
149000,0.10692274841475748
150000,0.10880281251888771
151000,0.10845613689884093
151000,0.10845613689884093
151000,0.10845613689884093
151000,0.10845613689884093
151000,0.10845613689884093
156000,0.1097562765923701
156000,0.1097562765923701
158000,0.10993100574942419
159000,0.1092456619355609
160000,0.10856728733846795
161000,0.10789353250565484
162000,0.10931820371153882
163000,0.109679732334033
164000,0.10962308148500628
165000,0.10906185665424176
166000,0.1084482234967161
166000,0.1084482234967161
168000,0.10723034232563768
169000,0.10767730914055541
170000,0.10653034391634782
170000,0.10653034391634782
170000,0.10653034391634782
170000,0.10653034391634782
174000,0.10631284093622888
175000,0.10599791797846204
175000,0.10599791797846204
175000,0.10599791797846204
178000,0.10456972015108039
179000,0.1060142196014396
179000,0.1060142196014396
181000,0.10561826947735696
181000,0.10561826947735696
183000,0.1050001148893277
184000,0.10448343903979306
185000,0.10339033945776317
186000,0.103442209848381
187000,0.10383186602987925
188000,0.10360135593554662
189000,0.10308822661943473
189000,0.10308822661943473
191000,0.10257255881741473
191000,0.10257255881741473
193000,0.10304809910429864
194000,0.1026512124476067
195000,0.10219404309493271
195000,0.10219404309493271
197000,0.10285058966701127
198000,0.10275229099097528
199000,0.10304785974979497
200000,0.10166680855987091
200000,0.10166680855987091
200000,0.10166680855987091
203000,0.10267446458795744
204000,0.10218784599236261
205000,0.1030804831425516
205000,0.1030804831425516
207000,0.10300719573432587
207000,0.10300719573432587
207000,0.10300719573432587
210000,0.10232755407296917
211000,0.1031372343814446
211000,0.1031372343814446
213000,0.10360947077070823
214000,0.10524929026022355
215000,0.1050862262942832
216000,0.10464744236098007
216000,0.10464744236098007
218000,0.10512976940235029
218000,0.10512976940235029
218000,0.10512976940235029
221000,0.10476122040228573
221000,0.10476122040228573
221000,0.10476122040228573
221000,0.10476122040228573
225000,0.10394424903081485
226000,0.10306920183238552
226000,0.10306920183238552
226000,0.10306920183238552
229000,0.10264106822592567
230000,0.10224193970000725
230000,0.10224193970000725
232000,0.10183681588536349
233000,0.10202292244315994
234000,0.10160468496735145
235000,0.10117890630156426
235000,0.10117890630156426
235000,0.10117890630156426
238000,0.1004379039403403
239000,0.10059335635460358
240000,0.10120572914876286
241000,0.10109682045696962
242000,0.09993017719587491
243000,0.10037121771572753
243000,0.10037121771572753
243000,0.10037121771572753
243000,0.10037121771572753
247000,0.10106254907589624
248000,0.10066397685283783
248000,0.10066397685283783
250000,0.100264796364985
250000,0.100264796364985
252000,0.10130082824666428
253000,0.10058214495608252
253000,0.10058214495608252
253000,0.10058214495608252
256000,0.10033963758361329
257000,0.1000156708314254
257000,0.1000156708314254
259000,0.1000023270366983
260000,0.09999247077519009
261000,0.10091851964907646
262000,0.10157690479786721
262000,0.10157690479786721
262000,0.10157690479786721
265000,0.10122936908668055
266000,0.10194948746903659
267000,0.10240189596006465
268000,0.10258070998358845
268000,0.10258070998358845
270000,0.10225609126661593
271000,0.10285540903308794
272000,0.10253550570451798
273000,0.10297762157759024
274000,0.10263475697811779
275000,0.10266605746493106
276000,0.10195534651746009
276000,0.10195534651746009
278000,0.10175246530351699
279000,0.10206543810190885
280000,0.10260629367035357
281000,0.10200290105605098
282000,0.10149892594411172
283000,0.10115449306385806
283000,0.10115449306385806
285000,0.10124062735195175
286000,0.10139682723614052
287000,0.10086280235105291
288000,0.10053379291145396
288000,0.10053379291145396
290000,0.10117757663601551
291000,0.10086685923010766
291000,0.10086685923010766
293000,0.10054348021016256
294000,0.10074029914321059
295000,0.10050987969154469
296000,0.10021848358948397
297000,0.09989836768226255
298000,0.10039978727083158
299000,0.10132227730327018
300000,0.10103995943275247
300000,0.10103995943275247
302000,0.10104524247017707
303000,0.10052311531417533
304000,0.10118805936313649
305000,0.10090142856585524
306000,0.1004342952130425
306000,0.1004342952130425
308000,0.10061976423320772
308000,0.10061976423320772
310000,0.1003104036082383
311000,0.1009119830878138
312000,0.10034950627551077
312000,0.10034950627551077
314000,0.10071051626295156
315000,0.10081007938655262
316000,0.10112478623561819
317000,0.1005739008439939
318000,0.10096733907674257
319000,0.10041342488820772
319000,0.10041342488820772
321000,0.10107339859164986
322000,0.10053083662826376
323000,0.10048631934733124
324000,0.10023093990634532
325000,0.10042382966944582
326000,0.10014849934103306
327000,0.09991392789647807
328000,0.10021639421259798
328000,0.10021639421259798
330000,0.10010907234076671
331000,0.10110979057528803
332000,0.10086158565386044
333000,0.10043344870590515
334000,0.10015454170957824
334000,0.10015454170957824
336000,0.10052931197107322
337000,0.10025472103334179
338000,0.09955079983265307
339000,0.09959682943221049
340000,0.09988825864775347
341000,0.09992254474519703
342000,0.1015176307102992
342000,0.1015176307102992
342000,0.1015176307102992
345000,0.10180452122707392
345000,0.10180452122707392
347000,0.10129692352178829
348000,0.10171086952564273
348000,0.10171086952564273
350000,0.10203402411289529
350000,0.10203402411289529
350000,0.10203402411289529
350000,0.10203402411289529
350000,0.10203402411289529
355000,0.10222070416261349
356000,0.10147671166714567
357000,0.10121253808614657
357000,0.10121253808614657
357000,0.10121253808614657
360000,0.10095406658051316
361000,0.101339245098329
361000,0.101339245098329
363000,0.10142305977496895
363000,0.10142305977496895
365000,0.10116458312886972
366000,0.10093783574442716
367000,0.10175501237317879
368000,0.1015039238447924
368000,0.1015039238447924
370000,0.10261709272392494
370000,0.10261709272392494
372000,0.10207557975135885
373000,0.10228366893591861
374000,0.10203655334509197
375000,0.10182524002735228
376000,0.10164188719004585
377000,0.10140278837246262
377000,0.10140278837246262
379000,0.10116955185571697
380000,0.10116296264510773
381000,0.10120022609495892
382000,0.10102768730375258
383000,0.10079053396551695
384000,0.10089294701060368
385000,0.10121840789353817
386000,0.10105629979803248
387000,0.10123041808341507
387000,0.10123041808341507
387000,0.10123041808341507
390000,0.10172300143203007
391000,0.10200035842911112
392000,0.10201968180669752
393000,0.10178412023159698
394000,0.10173552906860873
395000,0.1015301819519957
396000,0.10131277003334947
396000,0.10131277003334947
398000,0.10118179659306153
399000,0.1013219236653084
399000,0.1013219236653084
399000,0.1013219236653084
402000,0.10160574732795011
402000,0.10160574732795011
404000,0.1012182027282032
405000,0.10192930550358403
406000,0.10252927288633099
406000,0.10252927288633099
408000,0.1028121219328545
409000,0.10296734836510757
410000,0.10250378242195811
410000,0.10250378242195811
412000,0.10253022307606785
413000,0.10279084585059604
413000,0.10279084585059604
415000,0.10282509299702144
416000,0.10327430399517826
417000,0.10357440810965515
417000,0.10357440810965515
419000,0.10359328658194657
420000,0.10348151750038267
421000,0.10332142369911594
422000,0.10295089397732458
423000,0.10270839223994571
423000,0.10270839223994571
425000,0.10305322301887364
426000,0.10297125877489495
427000,0.10298432158769834
428000,0.10321051619623553
429000,0.10303182810067103
429000,0.10303182810067103
431000,0.1028341805530685
431000,0.1028341805530685
433000,0.10311522697911334
434000,0.10346821075934765
434000,0.10346821075934765
436000,0.10289922368270338
437000,0.10275136536170658
438000,0.10312051297210821
439000,0.10318322596576177
440000,0.10301422754562466
441000,0.10264651457714145
442000,0.10244337103467946
442000,0.10244337103467946
444000,0.10269363794707048
444000,0.10269363794707048
446000,0.1029198142840923
447000,0.10296983039766562
447000,0.10296983039766562
447000,0.10296983039766562
450000,0.10281404408244726
451000,0.10302590327378276
452000,0.10284954352557238
453000,0.10274454044842281
454000,0.10301347166439416
454000,0.10301347166439416
456000,0.103225670815375
457000,0.10307390576706214
458000,0.10287785394336518
458000,0.10287785394336518
460000,0.10309936066263219
461000,0.10315057443602563
462000,0.10321818826993583
462000,0.10321818826993583
464000,0.10339832518620792
465000,0.10379905822094268
465000,0.10379905822094268
467000,0.10364440305462062
468000,0.10346339044522032
468000,0.10346339044522032
470000,0.10400067089862931
471000,0.10380758071773068
472000,0.10368207081565743
473000,0.10351156493476653
474000,0.10288506924727112
475000,0.1030270684814387
475000,0.1030270684814387
477000,0.10278233618378842
478000,0.10271049307588749
479000,0.1023685876689156
480000,0.10261606276108012
481000,0.10278180486056918
482000,0.1026539789147314
483000,0.10253889829997181
483000,0.10253889829997181
485000,0.10276382391245799
486000,0.10302316321541168
486000,0.10302316321541168
488000,0.10310455230035176
489000,0.10312843831355378
490000,0.10331253015971574
491000,0.10368904552258332
492000,0.10340807222535876
493000,0.10380959990165962
494000,0.10363149468389984
494000,0.10363149468389984
496000,0.1034889338564416
496000,0.1034889338564416
498000,0.10351399676935928
498000,0.10351399676935928
500000,0.10333760025779858
501000,0.10359842834345745
502000,0.10370797346410447
503000,0.10354056345401481
503000,0.10354056345401481
505000,0.10337736354495632
506000,0.10391637483555002
507000,0.10416896478832169
507000,0.10416896478832169
509000,0.10383109045869086
510000,0.10351404448028546
510000,0.10351404448028546
512000,0.1036940697428605
513000,0.10405392090655186
513000,0.10405392090655186
515000,0.103740769337011
515000,0.103740769337011
515000,0.103740769337011
515000,0.103740769337011
519000,0.10363609476066996
520000,0.10351296018951951
521000,0.10318934376840402
522000,0.10293880776908143
523000,0.10332857524141789
524000,0.10316172571451038
525000,0.10342575063256636
526000,0.10372475028297679
526000,0.10372475028297679
528000,0.10396219540161977
529000,0.1037964731775507
529000,0.1037964731775507
531000,0.10373343224018956
532000,0.10343545847690175
533000,0.10363731698928556
534000,0.10405134798018434
535000,0.10389789288789887
536000,0.10435667291319886
537000,0.10482013465944859
538000,0.10465098693513039
539000,0.10489794977854114
540000,0.1049532914648818
541000,0.10513601697862048
541000,0.10513601697862048
541000,0.10513601697862048
544000,0.10523570167053704
545000,0.10494632384329612
546000,0.10495480650923913
546000,0.10495480650923913
548000,0.10485440158882432
549000,0.10469506701127694
549000,0.10469506701127694
551000,0.10496580228087467
552000,0.10521450243603693
552000,0.10521450243603693
554000,0.10527975079771631
554000,0.10527975079771631
554000,0.10527975079771631
557000,0.10512956865565733
558000,0.10531424292185945
559000,0.10518315028499801
560000,0.10453272890862875
561000,0.10468214955566345
562000,0.10489313764759162
563000,0.10523230928190923
564000,0.10527870266303148
565000,0.10505894207432823
565000,0.10505894207432823
567000,0.10510165088800504
568000,0.1051636059118266
569000,0.10514211193277176
570000,0.10573785926087334
570000,0.10573785926087334
572000,0.10563026022699741
573000,0.10547930719005207
573000,0.10547930719005207
575000,0.10566939035519775
576000,0.10559672509640837
576000,0.10559672509640837
578000,0.10535541540723997
579000,0.10538319591608261
580000,0.10523946735696031
581000,0.10509947599403019
582000,0.10561171565726794
583000,0.10620420966228611
583000,0.10620420966228611
585000,0.10637793287030252
585000,0.10637793287030252
587000,0.10623891344258761
588000,0.10609814468667336
589000,0.10647008750240236
590000,0.10675275931656358
591000,0.1070115541675637
592000,0.1070621897595331
593000,0.10723822644832771
594000,0.10729679931277539
595000,0.10716544248171896
596000,0.10702357658872164
596000,0.10702357658872164
598000,0.106787957315051
599000,0.10677176075387615
600000,0.10644827886555581
601000,0.10726425745457538
602000,0.1071755161554201
603000,0.10784933974429627
604000,0.10811675022583513
605000,0.10816048802616955
605000,0.10816048802616955
605000,0.10816048802616955
608000,0.10823811028019027
608000,0.10823811028019027
610000,0.1084247804031062
610000,0.1084247804031062
610000,0.1084247804031062
613000,0.10828517211286302
614000,0.10833290369002709
615000,0.10868356316275075
616000,0.10872595658538729
617000,0.10846828533680729
618000,0.10824452832937807
619000,0.10848135031107185
620000,0.10868558644906788
621000,0.10860400449724034
622000,0.1084821755869951
623000,0.1086533234766461
624000,0.1080133445770226
625000,0.10789572375885376
626000,0.10784282750448257
627000,0.10758585501531438
628000,0.10766012169842831
629000,0.1075336456535869
630000,0.10771477991739929
631000,0.10776466240741339
632000,0.10750861685048167
633000,0.1072503729851949
634000,0.10712460694497279
635000,0.10694742922639315
635000,0.10694742922639315
637000,0.10700819509535732
638000,0.10679011693907578
639000,0.10670706855862033
640000,0.10674192971180374
641000,0.10686764744785203
642000,0.10693283463173796
643000,0.10680556616989005
644000,0.10655305089824912
645000,0.106428388522369
645000,0.106428388522369
645000,0.106428388522369
648000,0.10638898524351757
649000,0.10658732529113876
650000,0.10634428357823586
651000,0.10671603970793614
652000,0.10659673588515475
653000,0.10641752764811778
654000,0.10659274299304312
655000,0.10671051014572858
656000,0.10672212997892723
657000,0.10637644182050067
657000,0.10637644182050067
659000,0.10626696251538097
660000,0.10614948705582918
661000,0.10602926132026692
662000,0.10597838346643848
663000,0.10564858382480537
664000,0.10542371838487986
665000,0.10568614684019316
666000,0.10557380586606768
667000,0.10570495587761396
668000,0.10547061194314229
669000,0.1054422244673962
669000,0.1054422244673962
671000,0.10544732465534389
672000,0.10551870432606583
673000,0.10566699237381658
674000,0.10545856172058586
675000,0.10535623665493479
676000,0.10526113922861324
677000,0.10514228238227843
677000,0.10514228238227843
679000,0.10528716793168476
680000,0.10516941829160198
681000,0.10515059237466458
682000,0.10508306978303564
683000,0.10487171590026113
684000,0.10465704815907294
685000,0.10481865977151614
686000,0.1047563422756363
687000,0.10474192493493227
687000,0.10474192493493227
689000,0.10472681072006697
690000,0.10453959857127826
691000,0.10436813597888277
691000,0.10436813597888277
693000,0.10414829089735378
694000,0.10405209039846582
695000,0.10394907152568639
696000,0.1038091834376747
697000,0.10402139417049745
698000,0.10404807907481337
699000,0.10419291570497705
700000,0.10408333085601738
701000,0.10437990199750907
702000,0.10399389473544111
703000,0.1046037044904588
704000,0.10470811716496377
705000,0.10453655459976102
706000,0.10473787174209245
706000,0.10473787174209245
708000,0.10468129551486317
709000,0.10465294785654733
710000,0.10474120641324335
711000,0.10446666884844281
712000,0.10463547473587693
713000,0.10473529039403967
714000,0.10493477834594933
715000,0.10505675902713509
716000,0.10528439741468246
717000,0.10538261242072164
718000,0.10562072592023669
719000,0.10551305009518998
720000,0.1056793475617254
721000,0.10557085732987787
722000,0.10558058320063263
723000,0.10562904708605446
723000,0.10562904708605446
723000,0.10562904708605446
726000,0.10553065139992782
727000,0.10542365116528549
728000,0.10517667664116981
728000,0.10517667664116981
730000,0.10543650854993462
731000,0.10541893086436721
731000,0.10541893086436721
733000,0.10526083502630719
734000,0.10526155130912243
735000,0.10535187348837317
736000,0.10538827522597499
737000,0.1055522986186585
738000,0.10559135756362988
739000,0.10548743035103843
739000,0.10548743035103843
741000,0.10539847829858348
742000,0.105465270257579
743000,0.10546018341132456
744000,0.10521395650781594
745000,0.10571754497106507
746000,0.10504487491182724
747000,0.1050103062969823
747000,0.1050103062969823
749000,0.1050219537988819
750000,0.10517895760091915
751000,0.1049474596620472
752000,0.10531814272356595
753000,0.10529121603979967
754000,0.1057985253284531
755000,0.10595909040097547
756000,0.10620815305270465
757000,0.10655668752805585
758000,0.10654202968268889
758000,0.10654202968268889
760000,0.10687555212562852
761000,0.10661955682441765
762000,0.10655545994698937
763000,0.10631020627611827
764000,0.10631302819039502
765000,0.1061954727068088
766000,0.10638003484883914
767000,0.10660333462885191
768000,0.10655104391667035
769000,0.10625450783978337
770000,0.10614922672712365
771000,0.10649920179010135
772000,0.10645177463092287
773000,0.1064221397379981
774000,0.10608861759141675
775000,0.10618153694787319
776000,0.10615596682705268
777000,0.10649502838734148
778000,0.10669780174300632
779000,0.10669562682698433
780000,0.10664301471033398
781000,0.10671222782790926
781000,0.10671222782790926
783000,0.106840907750518
784000,0.10661102365606716
785000,0.10631949641003169
785000,0.10631949641003169
787000,0.10670297331330418
788000,0.10652559341717753
789000,0.106737270942745
790000,0.10720696674334385
791000,0.10698927313260881
792000,0.10698146753584488
793000,0.10676699560015512
794000,0.10676582639279729
795000,0.10656547613187334
796000,0.1066569453790682
797000,0.10674138784603332
798000,0.10686185162433555
799000,0.10741774888043437
800000,0.10742186794979097
801000,0.10780631069908746
802000,0.10780526464441727
803000,0.1078032176204778
804000,0.10759226547306375
805000,0.10774672903231854
806000,0.1081931065239989
807000,0.1082902904644296
808000,0.10781315505092745
