1000,0.4157770389570287
2000,0.3479516165231268
3000,0.3356664508200008
4000,0.3542607234962697
5000,0.38532479033933525
6000,0.3743511463750292
7000,0.37517015336130966
8000,0.3910161046308555
9000,0.4010581284200642
10000,0.3925238341310875
11000,0.38558689696290205
12000,0.37835871223750867
13000,0.37080384907787556
14000,0.36471251173686603
15000,0.3727403750511517
16000,0.36465696624575683
17000,0.35790202357074735
18000,0.36543993733924973
19000,0.35585490839859835
20000,0.353249649236636
21000,0.35987704949626254
22000,0.36233180705066065
23000,0.35686602312328924
24000,0.3474232997402109
25000,0.34435826562378574
26000,0.3396053408923944
27000,0.3430623950805301
28000,0.33916800524689783
29000,0.3374460136461545
30000,0.33644172288386676
31000,0.33487453973617204
32000,0.3352263724027801
33000,0.33163609198519906
34000,0.3319521085792844
35000,0.32919121021687875
36000,0.3266571941456938
37000,0.3254338748429611
38000,0.3234566427456626
39000,0.32488931563418466
40000,0.3247291207802343
41000,0.32457180713073425
42000,0.32447183829316245
43000,0.3294330484410019
44000,0.32875044940794257
45000,0.3275539999824573
46000,0.32660153524236324
47000,0.3265438274629665
48000,0.32718033297448496
49000,0.3247103084643093
50000,0.3259027353633564
51000,0.3266347719571546
52000,0.3276257775760971
53000,0.32627153442442003
54000,0.32678509294313657
55000,0.32519391640302203
56000,0.32561235527468907
57000,0.32538155214478987
58000,0.32559508020662087
59000,0.323081822338355
60000,0.3216523536981684
61000,0.3213777265591366
62000,0.3197248114533225
63000,0.3189274142254298
64000,0.32188172490330225
65000,0.32089786955194366
66000,0.3196484022930302
67000,0.3194458185542883
68000,0.3193777937696116
69000,0.3196158925293993
70000,0.3227677444513019
71000,0.3240661583666492
72000,0.3254034689572077
73000,0.32687138882061023
74000,0.3267911183243991
75000,0.3290645167663418
76000,0.32818749382421447
77000,0.3273174524053906
78000,0.32701964736492034
79000,0.32604744245190953
80000,0.3256811459456726
81000,0.3250319252912234
82000,0.32560552185732533
83000,0.3279459583180083
84000,0.32715626578490564
85000,0.3296116823203164
86000,0.32782060731188023
87000,0.32822404379508247
88000,0.3263305209167322
89000,0.328520914057093
90000,0.32941632841587926
91000,0.32722138415494617
92000,0.32740203547109
93000,0.32754321547578114
94000,0.32722239612712606
95000,0.3256284942430816
96000,0.3255801514504696
97000,0.32466680232541745
98000,0.32389154770998213
99000,0.3264744376235778
100000,0.32527623201308464
101000,0.3253661094753514
102000,0.3232382963279931
103000,0.32159876908756185
104000,0.32102935547746597
105000,0.32100409690051
106000,0.3182276233623739
107000,0.3169329694052637
108000,0.31773402832191816
109000,0.31642669702069204
110000,0.3143228014974402
111000,0.3129245687740452
112000,0.3151706448837188
113000,0.3150392344229548
114000,0.31513043703220217
115000,0.31493956464666784
116000,0.3161218808342949
117000,0.31510814138095455
118000,0.31476375247210103
119000,0.31389232497229314
120000,0.31113126183302064
121000,0.3128693351053937
122000,0.31255697989197667
123000,0.3093614540464044
124000,0.3085187593127146
125000,0.30913022979550403
126000,0.31002688203200385
127000,0.31035866592311667
128000,0.3097170703905431
129000,0.3072325787252546
130000,0.30761555271885016
131000,0.307102053573097
132000,0.30658775820454254
133000,0.3069201120252786
134000,0.30641920011291907
135000,0.30853339468573415
136000,0.3078748105087595
137000,0.30853370269114794
138000,0.3089486921068889
139000,0.3103712363063373
140000,0.31126080347716195
141000,0.3113207916867035
142000,0.31174926694166166
143000,0.31019335298443695
144000,0.3078890850600699
145000,0.306650095454665
146000,0.3062100996874683
147000,0.30758314668812614
148000,0.30861322008722086
149000,0.30723089701691536
150000,0.30855519049381097
151000,0.306938678946268
152000,0.3060252955786967
153000,0.30551554927457436
154000,0.3036105586470608
155000,0.3046454772718005
156000,0.3071361114045848
157000,0.3084477203417083
158000,0.3090160046558434
159000,0.3088261880115147
160000,0.30751901676283794
161000,0.3070329770190226
162000,0.30725495130351077
163000,0.30606893579843625
164000,0.30620329708645394
165000,0.3056655969414541
166000,0.3030364784776148
167000,0.3040568711627889
168000,0.3041234825638323
169000,0.304948854071705
170000,0.304317976171827
171000,0.3017974436407311
172000,0.29952386581503193
173000,0.2985997345602741
174000,0.29758390606244967
175000,0.2982484556563482
176000,0.29817781078422334
177000,0.29724626951005256
178000,0.2962877507054088
179000,0.2958024602217516
180000,0.2989274149793966
181000,0.29842990286149074
182000,0.29703828671913785
183000,0.29700143487391456
184000,0.2940638068349864
185000,0.2925879280502586
186000,0.29181129533115263
187000,0.29241825522539816
188000,0.29191045882033484
189000,0.2937179009028121
190000,0.2927735140308513
191000,0.29230392870256283
192000,0.29211418374626824
193000,0.2921673140385332
194000,0.2925120433921254
195000,0.2927658879038061
196000,0.2923400253451575
197000,0.29326501997501314
198000,0.2926242548690017
199000,0.2918642164296549
200000,0.290304893602675
201000,0.2906307668936938
202000,0.2915173381754195
203000,0.2927571772289065
204000,0.29430426610034316
205000,0.2964570622308259
206000,0.29647015239000757
207000,0.29663658688881467
208000,0.2973598895000853
209000,0.2946199661909055
210000,0.29435554782189693
211000,0.2946510161637108
212000,0.2946756132317018
213000,0.29125979206278535
214000,0.29019884884833536
215000,0.29053234456272925
216000,0.29122496272214166
217000,0.2895404573590141
218000,0.2908113954714412
219000,0.29641188338506946
220000,0.29778928240625563
221000,0.2959588815574171
222000,0.2968623119147627
223000,0.296262717114081
224000,0.2977078678225533
225000,0.29731690355150636
226000,0.29732786279948586
227000,0.29632957373343766
228000,0.2958741296275668
229000,0.29676557949953647
230000,0.29811468267506575
231000,0.2978958742905031
232000,0.29827184092065523
233000,0.2996715230070982
234000,0.29922182637649924
235000,0.2989368053362373
236000,0.298918016467059
237000,0.29850001548910554
238000,0.29793014391769945
239000,0.29843019151250116
240000,0.29940109303518275
241000,0.2983385029127503
242000,0.2969891562467454
243000,0.29598912575626357
244000,0.2998485367624247
245000,0.3002645189628382
246000,0.298292164196279
247000,0.29842080711863694
248000,0.29795546862128847
249000,0.2993549237182798
250000,0.29920601640408373
251000,0.2968447873268681
252000,0.2974120929494568
253000,0.297616741617102
254000,0.2981650607874245
255000,0.29830160418904755
256000,0.2967528073374531
257000,0.29499424146435305
258000,0.29456564463449153
259000,0.2942041736785282
260000,0.2936984512927186
261000,0.2942932642338379
262000,0.2942689175144038
263000,0.2957610050918385
264000,0.297372001722458
265000,0.2977156878282441
266000,0.2989255983716988
267000,0.29759508271374135
268000,0.29969708613559054
269000,0.3005076459650962
270000,0.3033976013218737
271000,0.30169787073867804
272000,0.3007962077269097
273000,0.3050124691738048
274000,0.30673840424374293
275000,0.30488624067438247
276000,0.3041177850489007
277000,0.3046600056097543
278000,0.3060572842130473
279000,0.3067135263228682
280000,0.30752239644725204
281000,0.3088523352659449
282000,0.3080196388715041
283000,0.3089593961438191
284000,0.31036103989664626
285000,0.3126601183635802
286000,0.3119072510126402
287000,0.31258574494358093
288000,0.31275214863756595
289000,0.31260430020186647
290000,0.31264189101705564
291000,0.3153347078152988
292000,0.3152903196985375
293000,0.3162262390689768
294000,0.3164182045360798
295000,0.3155527404432286
296000,0.31517004871342735
297000,0.31663827261927896
298000,0.315553727839069
299000,0.31571954689524306
300000,0.31774002659585265
301000,0.31668163544727046
302000,0.31840493919990565
303000,0.317303363187862
304000,0.31908183249480665
305000,0.3173445185943391
306000,0.3155213291863148
307000,0.3166424803567611
308000,0.3153083923256049
309000,0.3157965313381414
310000,0.31793568788528814
311000,0.3185471393628234
312000,0.3176941553147601
313000,0.31763269753709233
314000,0.3190953535863541
315000,0.3201903349082578
316000,0.31929666648448163
317000,0.3179956738800333
318000,0.31843296572302415
319000,0.3162561245469543
320000,0.3126753787550385
321000,0.31136094821629995
322000,0.3143631453306426
323000,0.3130032985227973
324000,0.3153469369235134
325000,0.3157201720806082
326000,0.315967966470566
327000,0.31709264481097044
328000,0.31897059771098146
329000,0.3171572692266649
330000,0.3187588872008588
331000,0.31961510333999266
332000,0.3199924040725852
333000,0.3196015842431736
334000,0.31978562357871515
335000,0.31848567221507834
336000,0.31917337746229
337000,0.3176496152188206
338000,0.3177415384733837
339000,0.3183548911502125
340000,0.3169503457071259
341000,0.3154123025085122
342000,0.31837311425459025
343000,0.31793955767213966
344000,0.31866495688441987
345000,0.31682689160617794
346000,0.3161625637188708
347000,0.31690416000632965
348000,0.3179198534823901
349000,0.31750153359710326
350000,0.3158838317175357
351000,0.31580703241965036
352000,0.316165057627227
353000,0.3175161312332259
354000,0.32008477653951345
355000,0.3192914632268422
356000,0.3195556970289608
357000,0.3215549680935993
358000,0.3220690774540399
359000,0.32207033360761883
360000,0.32230512200084227
361000,0.3209497539367353
362000,0.31992457168405747
363000,0.32088733549323994
364000,0.3236854108673258
365000,0.32063462327937103
366000,0.32082784125224856
367000,0.3205735687745471
368000,0.31959560868758596
369000,0.3189831215399977
370000,0.31841791771589023
371000,0.3178113484166598
372000,0.31540402821845465
373000,0.31558392335809454
374000,0.3173823720773187
375000,0.31243331511941164
376000,0.314289260024915
377000,0.3141189838910416
378000,0.31394779557833025
379000,0.31389127801103806
380000,0.3131459411315365
381000,0.31175236702713105
382000,0.30961206246764506
383000,0.3082758507702837
384000,0.30682609487611784
385000,0.3063334393557583
386000,0.3049507406866039
387000,0.30565479365264003
388000,0.3061864223745833
389000,0.3073226731473345
390000,0.30644048700479426
391000,0.30637189593269876
392000,0.3048940030160942
393000,0.3016106496597871
394000,0.30210868140135344
395000,0.3035127769451816
396000,0.30318381988259
397000,0.3045449867349511
398000,0.30242681131486826
399000,0.30397131645815867
400000,0.30311666762149586
401000,0.30282561480324127
402000,0.30050239229995546
403000,0.3004092272872433
404000,0.30052320276260674
405000,0.29868799252427325
406000,0.2989505777228861
407000,0.29871929675263653
408000,0.2981130293345068
409000,0.2978655075144027
410000,0.29666769067491644
411000,0.293502085300228
412000,0.29528855927846553
413000,0.2961411441488855
414000,0.29678514935680067
415000,0.2970032495798462
416000,0.2973475529886657
417000,0.29946185871594533
418000,0.3009357968622491
419000,0.3008282503244102
420000,0.30206793628353346
421000,0.30145530096501305
422000,0.30308558973014593
423000,0.30132163934849276
424000,0.2997339777649751
425000,0.29968818672796727
426000,0.2964947578308284
427000,0.2962210644973796
428000,0.2948574251905719
429000,0.2924644305622588
430000,0.29297029654444723
431000,0.29218861309190036
432000,0.2907245770942052
433000,0.2920280713927575
434000,0.29274573920721586
435000,0.29369638996516
436000,0.2946373536333035
437000,0.29471784619887254
438000,0.2966504024722324
439000,0.2987284237031239
440000,0.29834519527943903
441000,0.29947942490521634
442000,0.29892401254141193
443000,0.2981058751084236
444000,0.3015186788177097
445000,0.29980204812600186
446000,0.30010614190000995
447000,0.30059451812622673
448000,0.3007824157150226
449000,0.3023314879619186
450000,0.30198376488670353
451000,0.30154042170554957
452000,0.3014559001350799
453000,0.3037762928470441
454000,0.30246619465865765
455000,0.3011069607862447
456000,0.3015331194322459
457000,0.30147447041409087
458000,0.30040525010814073
459000,0.30171858862877765
460000,0.30259827168468345
461000,0.30235235775029945
462000,0.3026005653449351
463000,0.3024172017780714
464000,0.3049118027550411
465000,0.3051289351462502
466000,0.3052710871314084
467000,0.3062961967472288
468000,0.3067600238567105
469000,0.30668936080592707
470000,0.30951220506487537
471000,0.3088663195316645
472000,0.3106307202149734
473000,0.31223352297253937
474000,0.3117720660756375
475000,0.310442024515663
476000,0.31000131400130454
477000,0.3094272809817088
478000,0.3089400530805502
479000,0.3078094596652891
480000,0.30612830557793225
481000,0.3054047825399848
482000,0.30644921453568963
483000,0.3055790610760826
484000,0.3083015064000332
485000,0.3080456299193812
486000,0.30997312822564776
487000,0.3084187933935614
488000,0.30939092696576126
489000,0.30842206805559114
490000,0.30746624712127907
491000,0.3081488476503667
492000,0.3077556334793876
493000,0.30701719610249334
494000,0.30683002624851774
495000,0.3062248685167143
496000,0.303583388735187
497000,0.30480839767979706
498000,0.3047592760536552
499000,0.3032293921907875
500000,0.30592653053138863
501000,0.30812923954126686
502000,0.3073654721085504
503000,0.30897448144586975
504000,0.3092145641249865
505000,0.30727199216647955
506000,0.3104292526558488
507000,0.31104457641542205
508000,0.3110610200166635
509000,0.31180816154735425
510000,0.3123664378005187
511000,0.3147700914073683
512000,0.31560371468732024
513000,0.31374229728540615
514000,0.31433748831935215
515000,0.3140098905551307
516000,0.3116243374819136
517000,0.3094720699407576
518000,0.30866619417673324
519000,0.30773859456735125
520000,0.30640619108979855
521000,0.3064682645508891
522000,0.30632332087123626
523000,0.30667602203524236
524000,0.3074427740946205
525000,0.3085000945839404
526000,0.3088814203043634
527000,0.30900869124266617
528000,0.3096583311430353
529000,0.31010115397586496
530000,0.3105876620843787
531000,0.3105850603072868
532000,0.30894028757837677
533000,0.3085594975727385
534000,0.30805345165463993
535000,0.31054872961379043
536000,0.31099165957446495
537000,0.31118876005728224
538000,0.31030942672554757
539000,0.3105446873591031
540000,0.30661046884796395
541000,0.3051747238378493
542000,0.307432433117654
543000,0.3063982145933832
544000,0.3043724772647344
545000,0.30213853519443046
546000,0.30064487384729194
547000,0.29952308839138275
548000,0.2993099467636876
549000,0.29822590447642905
550000,0.2978339195973173
551000,0.2981585458188178
552000,0.29857511993292596
553000,0.30011086315903096
554000,0.29809962554430913
555000,0.2959188106727162
556000,0.2972528284724255
557000,0.29651949888025625
558000,0.29487820280242294
559000,0.2948273732027377
560000,0.2949622567810699
561000,0.2938170804460375
562000,0.2935853156302963
563000,0.2948477724729672
564000,0.2932504573456128
565000,0.29199392800524915
566000,0.2884315573310597
567000,0.2904848463030852
568000,0.2926844405609345
569000,0.2920837979243964
570000,0.2943768295941379
571000,0.2954485534690025
572000,0.29214845145970336
573000,0.28886802930888505
574000,0.288214493222454
575000,0.28809156368248534
576000,0.2878657525644762
577000,0.288751157025301
578000,0.28968736617310126
579000,0.2900129305936511
580000,0.2894984258704263
581000,0.29065195729001375
582000,0.29263795241237817
583000,0.2959220118278595
584000,0.29582588695921563
585000,0.293801203505912
586000,0.2939629358668164
587000,0.29184868388652857
588000,0.2891810216707786
589000,0.29144918883884985
590000,0.2901196316092514
591000,0.289480480196039
592000,0.2897247832589492
593000,0.2907443733028508
594000,0.29157242459029353
595000,0.2911264530731027
596000,0.2932895448524631
597000,0.29487805632884695
598000,0.29504170633924137
599000,0.29619477502573693
600000,0.29465387831483325
601000,0.2953379450550923
602000,0.2959310458201631
603000,0.2941325716525511
604000,0.2943712597623259
605000,0.2932749229487066
606000,0.2935199647960214
607000,0.2917279041159043
608000,0.29070567816875814
609000,0.2902094745065543
610000,0.289665658804634
611000,0.2873307669138192
612000,0.28683373985583405
613000,0.2847689000051188
614000,0.2867812623690169
615000,0.28530926176106663
616000,0.2852702930839417
617000,0.28525985892431993
618000,0.2878100212930502
619000,0.2880872452978811
620000,0.2885547460698747
621000,0.29157046706041145
622000,0.29075121773746493
623000,0.2901734937609923
624000,0.28900488066165414
625000,0.2884467614160134
626000,0.29024434079776606
627000,0.2902519527461255
628000,0.28965125423100013
629000,0.28962694047908966
630000,0.290983807784232
631000,0.2916987393571967
632000,0.29347751104766595
633000,0.29381753082582496
634000,0.29455800151893397
635000,0.295074307586745
636000,0.29552969945283214
637000,0.2943989778733719
638000,0.29287166660642705
639000,0.29299376300035274
640000,0.29349528673139114
641000,0.29544623070966863
642000,0.29612040171653775
643000,0.2925772203248585
644000,0.29279653587938514
645000,0.2925039187442375
646000,0.2929608504276308
647000,0.29502278435026413
648000,0.2950512244657873
649000,0.29471338972719036
650000,0.2965615055559661
651000,0.2972207340251444
652000,0.29622074905187934
653000,0.29588426556074815
654000,0.29645392867224857
655000,0.2975077265501099
656000,0.2986095500182132
657000,0.29936311917068154
658000,0.300500539770336
659000,0.3017022410216289
660000,0.3030095394746744
661000,0.3026497808545074
662000,0.3026169796397616
663000,0.3018408898848764
664000,0.3003772185602427
665000,0.299524420757145
666000,0.3013847439594891
667000,0.30202438607394155
668000,0.30015323456465226
669000,0.29837499537554374
670000,0.298143227013622
671000,0.2963130058243024
672000,0.29455179194920705
673000,0.29662015975849015
674000,0.29952914898177824
675000,0.29773436415599636
676000,0.2988916286931873
677000,0.2990867117729815
678000,0.2997692204347444
679000,0.2999168555865695
680000,0.3006663941349159
681000,0.3008118715623725
682000,0.29925733661768167
683000,0.2973684663180797
684000,0.2954309334725304
685000,0.29582295746351567
686000,0.2952677708956576
687000,0.29698280663592513
688000,0.2974264554804813
689000,0.2987896777124433
690000,0.29530075211942824
691000,0.29721465410407766
692000,0.2974006596743959
693000,0.29572017054398875
694000,0.2959979751196397
695000,0.29584999766745285
696000,0.2941129602180053
697000,0.29381600037135475
698000,0.29268757223105235
699000,0.2920252004053241
700000,0.291468163144939
701000,0.29247180482804824
702000,0.289067700394356
703000,0.29056741999081803
704000,0.29283122978162385
705000,0.2920805082256869
706000,0.29428597378518234
707000,0.2953325720401011
708000,0.2965605315683272
709000,0.29706629044770944
710000,0.299891439468837
711000,0.29836522838497276
712000,0.2995857117299475
713000,0.30084808733867624
714000,0.300855984707476
715000,0.29985443363895703
716000,0.3008713691265996
717000,0.30066230687531137
718000,0.3026191464918824
719000,0.30148245627471026
720000,0.30147875653499306
721000,0.29972694559818547
722000,0.2970912863476637
723000,0.2989520071767023
724000,0.2980822170541224
725000,0.3000714094802277
726000,0.30004800839817264
727000,0.3003547209479727
728000,0.3015967740232943
729000,0.3038089648029603
730000,0.30416110941970226
731000,0.3017113944052277
732000,0.3001684346224892
733000,0.30097727620085585
734000,0.30171376570556946
735000,0.30175941975546333
736000,0.30236480769334667
737000,0.2997300678682621
738000,0.2976617893719709
739000,0.2975564699910689
740000,0.2978880338639637
741000,0.2992278713210845
742000,0.2978566849060346
743000,0.29907569180338794
744000,0.3004007713876775
745000,0.30098666295480797
746000,0.3007005258345468
747000,0.30074209381149436
748000,0.2995412148985628
749000,0.30067626147692855
750000,0.30012781960577334
751000,0.2987950200138441
752000,0.2989854486320459
753000,0.2983608454990244
754000,0.2976178361024912
755000,0.29687558477685594
756000,0.29734732358643956
757000,0.2982026362182296
758000,0.296431449842521
759000,0.2973626728067445
760000,0.2950222546027473
761000,0.2936624954219992
762000,0.29285976887992765
763000,0.29469648534962667
764000,0.29520700470000955
765000,0.29770289340392864
766000,0.300010723737878
767000,0.2980316254023945
768000,0.29670692893140027
769000,0.29647482390229846
770000,0.2940957404879605
771000,0.294395125743914
772000,0.29506994059316655
773000,0.295515215710878
774000,0.29375580659901357
775000,0.29267623443267676
776000,0.29354537525908553
777000,0.29151642527070054
778000,0.29027703055363424
779000,0.2927010916100022
780000,0.2949495932057492
781000,0.29549967213367895
782000,0.29549532135000833
783000,0.2945262219146614
784000,0.2978845700280036
785000,0.2986064407754406
786000,0.2966245766588659
787000,0.29888231312375885
788000,0.2981018858602156
789000,0.2989079678193905
790000,0.30020544852771114
791000,0.3016627324008241
792000,0.30073369354840496
793000,0.30287643554830185
794000,0.30472472414080015
795000,0.30252002241964965
796000,0.3012893019720582
797000,0.30135735986630346
798000,0.30325322520064457
799000,0.3038415557487184
800000,0.304314146207859
801000,0.3044812193954809
802000,0.3029435141738136
803000,0.305101595294155
804000,0.30297845476567353
805000,0.3006790685551624
806000,0.3020429853445742
807000,0.30187701406977374
808000,0.2988305370239236
