1000,0.3501047345076785
2000,0.2858771224876674
3000,0.2883754298980534
4000,0.2922162964114733
5000,0.31403703305900627
6000,0.3117543857564325
7000,0.310294568678432
8000,0.3080352801382166
9000,0.3166719626498217
10000,0.3078651355723951
11000,0.3027153157593881
12000,0.2949895679028406
13000,0.2865716200489266
14000,0.28244471581985675
15000,0.2853505723995858
16000,0.28055325070840936
17000,0.2774298459249542
18000,0.28115668603211086
19000,0.27485680899069215
20000,0.2726072086048237
21000,0.27618468854329237
22000,0.27745105398769
23000,0.2737007675182754
24000,0.26698372052724856
25000,0.2637111745318684
26000,0.26120777927572486
27000,0.2645307477705851
28000,0.26074322543418865
29000,0.25901334653197633
30000,0.2589594788499385
31000,0.25675171199804925
32000,0.2570884497699281
33000,0.25399106338527927
34000,0.25225890651330657
35000,0.25162172950675443
36000,0.25174520211074286
37000,0.250068236721954
38000,0.24888818131761123
39000,0.2506230096817834
40000,0.2522141349711998
41000,0.2526174891549439
42000,0.2517739373256004
43000,0.25409289978656124
44000,0.25451409684078485
45000,0.2532502528489251
46000,0.2525296494401859
47000,0.25261134863272533
48000,0.2532231166698221
49000,0.25143336311178804
50000,0.2530775572277282
51000,0.25377097763381024
52000,0.25304417033738075
53000,0.2529513022538597
54000,0.25356957321816703
55000,0.2519475763825719
56000,0.25200520379748365
57000,0.2509336706368585
58000,0.2512819728209277
59000,0.2500196570124529
60000,0.2489642545177668
61000,0.24816574911396305
62000,0.24729491254742447
63000,0.24658730993246875
64000,0.24778559096145428
65000,0.24709583583235123
66000,0.24686254170858096
67000,0.2462844978349466
68000,0.24629338964976874
69000,0.2459319925062195
70000,0.24858430371787568
71000,0.24913106555840694
72000,0.24960238948250021
73000,0.250427135278682
74000,0.24995767812754116
75000,0.2512424548076683
76000,0.2503659676198591
77000,0.2501559058694154
78000,0.25016015251544477
79000,0.24885790324027576
80000,0.24880225808099993
81000,0.24838490571619493
82000,0.2480396480484574
83000,0.24855706101921315
84000,0.24851969850132008
85000,0.2496818393347934
86000,0.24789563041091997
87000,0.24823034441670877
88000,0.2467690034687165
89000,0.24755823512596967
90000,0.2474353080219836
91000,0.24659802686082302
92000,0.24688708990787087
93000,0.24655249763117332
94000,0.24583708022789977
95000,0.24460642375915373
96000,0.2446747490551713
97000,0.24407504873418032
98000,0.24365367302700877
99000,0.2442676064512842
100000,0.24384965606433173
101000,0.24279098725343673
102000,0.24257325554795373
103000,0.24052470223997038
104000,0.239100080101288
105000,0.23744641370810057
106000,0.23655578680630568
107000,0.23570818168846386
108000,0.23520519421342448
109000,0.2340484349173862
110000,0.2333495573609478
111000,0.23316930392320814
112000,0.23422208785443474
113000,0.23516441401687146
114000,0.234664554839655
115000,0.23355646710928707
116000,0.23446563753006497
117000,0.23403024795089256
118000,0.23215581468655608
119000,0.23214090702298243
120000,0.23177366379644815
121000,0.23091533857052554
122000,0.23043857471450724
123000,0.23056293131778735
124000,0.23155869618865824
125000,0.23162234789985206
126000,0.2314907778698177
127000,0.22930432570703455
128000,0.22974508606564598
129000,0.2285370644933633
130000,0.22797731266613727
131000,0.2272914113939445
132000,0.22655830754812561
133000,0.22763965626517307
134000,0.22786538579493937
135000,0.22841653045501661
136000,0.2289108239698873
137000,0.22934830259110156
138000,0.2291302283137713
139000,0.22954371842127805
140000,0.2296818735654131
141000,0.22911557547362685
142000,0.2305743366171658
143000,0.22781024152964627
144000,0.22704289535561128
145000,0.22742195155557465
146000,0.22709530589279017
147000,0.22733470590209293
148000,0.22709195522790374
149000,0.2272816375338326
150000,0.22600815300941873
151000,0.2249197136757719
152000,0.22452736973033144
153000,0.2244307377866959
154000,0.22293881014405242
155000,0.2238570480906392
156000,0.2244184992890588
157000,0.2250996084437514
158000,0.2248314337787731
159000,0.22623835939742634
160000,0.22579730722583882
161000,0.22494749685356646
162000,0.2249078979447418
163000,0.22417771661293992
164000,0.2234458493739276
165000,0.2241151159750952
166000,0.22289294956475775
167000,0.22269113967314827
168000,0.2220666950441773
169000,0.2228188270390507
170000,0.22008139694309586
171000,0.21947143388208107
172000,0.21794527235243868
173000,0.21661412213625247
174000,0.21753206102274816
175000,0.216817930759336
176000,0.21729226542747185
177000,0.21725716013877513
178000,0.21668526459397408
179000,0.21670658218350336
180000,0.21773832160200232
181000,0.21817276005332
182000,0.21777332910805788
183000,0.21653045692034187
184000,0.21594148948697478
185000,0.2142604783216643
186000,0.21550946312759714
187000,0.2154873697994819
188000,0.21610852286900012
189000,0.2149673436189928
190000,0.2151967728840662
191000,0.21587512888607838
192000,0.21499383211799503
193000,0.2153611003879034
194000,0.21603214987505584
195000,0.21716440693358596
196000,0.21583076915529875
197000,0.21627615312333437
198000,0.2158796791208764
199000,0.21448846675586192
200000,0.21507046167738175
201000,0.214258855379784
202000,0.21591355367298615
203000,0.2173039859243878
204000,0.21851806370619084
205000,0.21897224065895465
206000,0.21924041671858774
207000,0.21925319644664873
208000,0.21912818659972505
209000,0.2174432388527499
210000,0.21751267847203087
211000,0.2170444010072717
212000,0.21580705301473155
213000,0.2147979061304012
214000,0.21449722113787872
215000,0.21483094950949833
216000,0.21406008623331724
217000,0.2145258040985022
218000,0.21567183767527087
219000,0.2187739196696536
220000,0.2193609878664193
221000,0.21752349681487526
222000,0.21728611074705356
223000,0.21760206721305222
224000,0.21791054700503582
225000,0.21746382127205327
226000,0.21695268292924447
227000,0.2173224891847014
228000,0.21742000952616233
229000,0.21898934333993003
230000,0.21882175237811857
231000,0.21979952160401797
232000,0.21946788981785018
233000,0.21911991678658535
234000,0.2195910686230779
235000,0.21823543332000514
236000,0.2179346321395383
237000,0.21750622717359686
238000,0.218319212979143
239000,0.21700925722202158
240000,0.2172289769697637
241000,0.2167648229689416
242000,0.2152454825609879
243000,0.21724359772429552
244000,0.21846107153503083
245000,0.2182502541808774
246000,0.2177100429580227
247000,0.21670089803743867
248000,0.21703276631942742
249000,0.21819643787141518
250000,0.21771428091536776
251000,0.21776286084195992
252000,0.21742601824366006
253000,0.21713732186594872
254000,0.2178839999655432
255000,0.21740779157376705
256000,0.2160304076760243
257000,0.21532992703790577
258000,0.2161712712285173
259000,0.21519596343374092
260000,0.2158834715493705
261000,0.21667187175392486
262000,0.2157619355401067
263000,0.21690420395801124
264000,0.217678906204421
265000,0.21762654672025983
266000,0.2194150682741744
267000,0.21941948870221392
268000,0.2209878545859523
269000,0.220230276734207
270000,0.22169144507650662
271000,0.2214547881227626
272000,0.22188265724940007
273000,0.2245377864733181
274000,0.22352386187383239
275000,0.22219348118711146
276000,0.22256650952812396
277000,0.22377237003993622
278000,0.22449461534703438
279000,0.22473320143621459
280000,0.22436036890560515
281000,0.22424507147690528
282000,0.22445816462921442
283000,0.2256394082691631
284000,0.2259621758673369
285000,0.22689865575677284
286000,0.22609372980653064
287000,0.22550095756143965
288000,0.2260782742667935
289000,0.22608308661907695
290000,0.22551385876484306
291000,0.22644525135286092
292000,0.22712038100821108
293000,0.226982772499216
294000,0.22748775449043648
295000,0.2268257245712059
296000,0.2281527873848856
297000,0.22756796678569172
298000,0.22843332702312227
299000,0.22866077537920135
300000,0.2288392046585983
301000,0.22922162870753235
302000,0.22858519065791297
303000,0.22792737895717619
304000,0.22887996213967698
305000,0.22792689554863094
306000,0.22708338168354633
307000,0.22748691113844596
308000,0.22700502288951624
309000,0.22846540799573145
310000,0.22943018107248184
311000,0.22973183132361694
312000,0.22961242141538163
313000,0.22935910935277973
314000,0.23040509575669824
315000,0.23102736090024661
316000,0.2307512881151051
317000,0.22981911376677064
318000,0.22995746894372876
319000,0.22683008591875428
320000,0.2263008922286208
321000,0.22763277366980963
322000,0.22821437739020434
323000,0.22749265240126187
324000,0.22787022702169968
325000,0.2289203538730421
326000,0.22939364196990686
327000,0.2305535654284267
328000,0.2311543755173471
329000,0.23060407690309256
330000,0.23155602196588912
331000,0.23240507351642115
332000,0.23238384678778762
333000,0.2316704827547394
334000,0.2307694764002365
335000,0.23068244666271745
336000,0.23120985096489868
337000,0.2298076940561077
338000,0.22960890645640128
339000,0.23033913141356896
340000,0.2275639483136493
341000,0.22932242213441442
342000,0.2307213919328539
343000,0.23000219023426866
344000,0.2296050486503173
345000,0.22991166559908857
346000,0.2312850149242005
347000,0.2323721579381454
348000,0.23118899815722785
349000,0.23046417084888332
350000,0.23089988936110592
351000,0.23119234198353147
352000,0.23197155866765712
353000,0.2328043158550642
354000,0.23357257516324365
355000,0.23380611392667053
356000,0.23434802639514044
357000,0.23483181587495006
358000,0.23352069255251143
359000,0.23358473863784665
360000,0.2335395572868773
361000,0.23333784331782648
362000,0.23425467584501497
363000,0.2338075220845808
364000,0.23348246268684503
365000,0.23220816744503667
366000,0.2316628201413875
367000,0.23207594736887813
368000,0.2296404743695767
369000,0.22882356665023476
370000,0.22794088709197757
371000,0.22752927771140924
372000,0.22794334593290813
373000,0.224865349633424
374000,0.2256334541767017
375000,0.22599875804950895
376000,0.22598992560545372
377000,0.2248523722353031
378000,0.22524748401908057
379000,0.22615046302298772
380000,0.22512125796782345
381000,0.2247743671652397
382000,0.22370926826357398
383000,0.22255590642663786
384000,0.22193912771256327
385000,0.22159406289264907
386000,0.22226096970152115
387000,0.22269106447786907
388000,0.22252060531243537
389000,0.2236808555901978
390000,0.2243104669784085
391000,0.2232128618366526
392000,0.22325203467281107
393000,0.22303072254988224
394000,0.22235045752569896
395000,0.2227499289322591
396000,0.22197997647352402
397000,0.2228171132336692
398000,0.2223914330744786
399000,0.22289604785136305
400000,0.2224813882327568
401000,0.22204396173563568
402000,0.22057406370068475
403000,0.22125711717795246
404000,0.21980779237124945
405000,0.22003785639023862
406000,0.22081071062164204
407000,0.21988667040698223
408000,0.22006647432985574
409000,0.2191165480388959
410000,0.21783326404619371
411000,0.21725809592883255
412000,0.2180283096961356
413000,0.2192304963610252
414000,0.21853201599938926
415000,0.21812071310588937
416000,0.21930950270421068
417000,0.22063934951734002
418000,0.21984690360401782
419000,0.22048511132789528
420000,0.2209722501860906
421000,0.2208747604441396
422000,0.2196756623409608
423000,0.22028204006272714
424000,0.21866008339710258
425000,0.21831936300350133
426000,0.21753884015991345
427000,0.21593058232888473
428000,0.21484406923208677
429000,0.21426522852715807
430000,0.21274993571394243
431000,0.21211273731968
432000,0.21287124768168217
433000,0.21420113968296994
434000,0.2149122032680775
435000,0.21616733853325293
436000,0.21462400757022884
437000,0.21666939376810795
438000,0.21661588939760862
439000,0.21715699508039132
440000,0.2190166378113754
441000,0.21755634547426242
442000,0.21668745703893713
443000,0.21732250727820032
444000,0.21812362260644638
445000,0.2179827227464438
446000,0.21799937644400416
447000,0.2174754577921845
448000,0.2180074590844072
449000,0.2185583815719874
450000,0.21889445434006302
451000,0.21814024565859894
452000,0.21760645463014286
453000,0.2178721148841319
454000,0.21764121207453935
455000,0.21683086246587624
456000,0.21759933578248633
457000,0.21684717045108778
458000,0.21696073825885362
459000,0.21746751489900323
460000,0.21777205361050772
461000,0.21732444693391495
462000,0.2177517215100068
463000,0.21766827186366453
464000,0.21787209270874694
465000,0.21845291125625446
466000,0.21773060156843985
467000,0.2191405993275139
468000,0.22007658867625207
469000,0.22065791416243252
470000,0.2223402499629963
471000,0.2238089524744115
472000,0.2242669368629481
473000,0.22541664967762445
474000,0.22401578790541787
475000,0.2242578810490091
476000,0.22271549927962472
477000,0.22156809523334117
478000,0.22121117948171734
479000,0.22039177241341867
480000,0.2206907759412843
481000,0.2199657637216433
482000,0.22089469113021454
483000,0.22033121028741326
484000,0.22183975204787107
485000,0.22108527424675387
486000,0.22247684390695094
487000,0.22178741014760414
488000,0.22224515107564943
489000,0.2208050604824403
490000,0.22076064336024154
491000,0.22071699467872727
492000,0.21981377693162835
493000,0.2208732708244041
494000,0.22053851228615498
495000,0.22038071359350242
496000,0.21955733049951426
497000,0.21913186847884114
498000,0.21980463979585796
499000,0.21839275906328795
500000,0.21906103673158078
501000,0.22014959068772555
502000,0.2201579968406633
503000,0.2200602754156739
504000,0.2196946250317484
505000,0.21978171692314186
506000,0.22109301197159614
507000,0.22228570787045004
508000,0.22178592994906332
509000,0.22237243108861468
510000,0.22340170970021278
511000,0.22440444108126
512000,0.22383888092158855
513000,0.22354062869967337
514000,0.22349508006826505
515000,0.2228758972261643
516000,0.2215388763460215
517000,0.2202126801356206
518000,0.22028485897925498
519000,0.21964534193012492
520000,0.2189134831937157
521000,0.2187936587428543
522000,0.2188548910457278
523000,0.21912923524381261
524000,0.2203565237608047
525000,0.22045670648310572
526000,0.2214648545298717
527000,0.22246162479339587
528000,0.22298745999822087
529000,0.22334603159135213
530000,0.22363360500207213
531000,0.2230081584813659
532000,0.22218146217242837
533000,0.2210350822856351
534000,0.2213690689499691
535000,0.22189750350922235
536000,0.22319226425479813
537000,0.22349078675644
538000,0.22264233367519926
539000,0.2219573920601574
540000,0.2207470092534801
541000,0.22024073414210682
542000,0.22090775019863562
543000,0.22047711892015895
544000,0.21876964653469308
545000,0.21867076309803013
546000,0.21746999163402667
547000,0.2163753295514503
548000,0.21620130606545723
549000,0.2145990269257006
550000,0.21374413366796086
551000,0.2157799737807512
552000,0.21618059082047617
553000,0.2155288952792988
554000,0.21496764186290476
555000,0.21543120482808847
556000,0.21486224944208998
557000,0.21466372511891665
558000,0.21467649253983234
559000,0.21401074076005164
560000,0.2131509174476596
561000,0.21412976998973823
562000,0.21408083410334103
563000,0.21524081178931959
564000,0.2135096818744371
565000,0.21251400450117292
566000,0.21336121710279912
567000,0.21331754763794492
568000,0.21428027345160802
569000,0.21558345969561632
570000,0.2148854482679944
571000,0.21476755005187453
572000,0.2134151522083396
573000,0.21197377338391243
574000,0.21218416464744064
575000,0.2129699129546696
576000,0.2129808228995659
577000,0.21480830968607614
578000,0.21360165978699314
579000,0.21430771659782408
580000,0.21378595257622893
581000,0.21467249323330262
582000,0.21538138851302416
583000,0.21717672907863006
584000,0.21638436623678223
585000,0.2162316624366997
586000,0.2147598836238686
587000,0.2146714041082442
588000,0.21315672649298253
589000,0.2147284881944592
590000,0.2142366275162832
591000,0.21388812971895704
592000,0.21414818990026827
593000,0.2133492131175339
594000,0.2136396782939533
595000,0.21361330082543786
596000,0.21472325362776012
597000,0.21439847116015107
598000,0.21383442115348134
599000,0.21551341903058768
600000,0.21351575886736662
601000,0.2141682406782458
602000,0.21511371640406213
603000,0.21421516422960546
604000,0.2147802978456956
605000,0.21433853148363297
606000,0.21292315074179127
607000,0.21229003337523664
608000,0.2120518782436431
609000,0.21129142951482774
610000,0.21187132996174843
611000,0.21014797048097997
612000,0.20921280376322351
613000,0.20862892154708
614000,0.2093819292785106
615000,0.2093717241866622
616000,0.20961901474987996
617000,0.21066218971363826
618000,0.21103527189777724
619000,0.2121459195208205
620000,0.21310208398333083
621000,0.21348645911772215
622000,0.21342097837096327
623000,0.2132168867851072
624000,0.21161868630604214
625000,0.21196966017575516
626000,0.21253055458845654
627000,0.21262150666438878
628000,0.21220134751768402
629000,0.21219732315469597
630000,0.21368200161872414
631000,0.21420453535329445
632000,0.2143733837653281
633000,0.2145532527968113
634000,0.21424152310849368
635000,0.2132709764167214
636000,0.2144478178759341
637000,0.21415610527033216
638000,0.21417370414381645
639000,0.21312134798390622
640000,0.21429008268585636
641000,0.2146906641675287
642000,0.21356427862087757
643000,0.21250040922335528
644000,0.2122138155651835
645000,0.21197244197001106
646000,0.21317849356103882
647000,0.21432214030260072
648000,0.21385287821091645
649000,0.21450545421971212
650000,0.21537229066795827
651000,0.21420388481110025
652000,0.21408582583997643
653000,0.2138362152984955
654000,0.21391731076014828
655000,0.21424468615545036
656000,0.2139597799493689
657000,0.21428915910728472
658000,0.21542190685754237
659000,0.21594103988132765
660000,0.2170687948535663
661000,0.21725162978526852
662000,0.21686771528918905
663000,0.21601106678898965
664000,0.2157285438250705
665000,0.21577986253495748
666000,0.21539997653185244
667000,0.21465394480913397
668000,0.2137916477444262
669000,0.21327410113902598
670000,0.21240881330193995
671000,0.2114829348730883
672000,0.21148362243494992
673000,0.2136484551525874
674000,0.21522389265439257
675000,0.2138852196734669
676000,0.21599290707345978
677000,0.2151084590245947
678000,0.21679449436976875
679000,0.21591578081460552
680000,0.21669589350120408
681000,0.2162450790643512
682000,0.21571614530782296
683000,0.2141178103262909
684000,0.21322329424536646
685000,0.21453971381890774
686000,0.2139580012820167
687000,0.21452355990420965
688000,0.21505486293608042
689000,0.21364406351616072
690000,0.2126345105391233
691000,0.21320619167539143
692000,0.21274012548132612
693000,0.21175694687869714
694000,0.2124252784585818
695000,0.21214431895207758
696000,0.21169126055397203
697000,0.2123850545736359
698000,0.2121335571114788
699000,0.21157133898015898
700000,0.21267167901990222
701000,0.2112577724977061
702000,0.20963843765804632
703000,0.21144558534290223
704000,0.21109684135794293
705000,0.21113512690418126
706000,0.21129663008717897
707000,0.2115336526673181
708000,0.21251700268178103
709000,0.21380846454147542
710000,0.21331876435263603
711000,0.21385994248401283
712000,0.21510734181484192
713000,0.2151708865207031
714000,0.21495554933808642
715000,0.2148956960493537
716000,0.2148865605833631
717000,0.21414329305970434
718000,0.21458474299585487
719000,0.21379244769115865
720000,0.21356762565621323
721000,0.21286697753331577
722000,0.21253689496262806
723000,0.212194976144416
724000,0.21304828476669144
725000,0.2126588487945022
726000,0.21147879340652634
727000,0.21154800999511378
728000,0.21237477933337123
729000,0.21362502237264158
730000,0.21270536038918195
731000,0.21224310524003964
732000,0.21192522209333958
733000,0.2125765373292552
734000,0.21227185763654338
735000,0.2121725649299505
736000,0.20915579629002473
737000,0.20864641499815814
738000,0.20847598251639238
739000,0.20862093807259416
740000,0.2090618829269863
741000,0.21014545186939068
742000,0.20969360027643336
743000,0.21108027177285602
744000,0.21157583117184176
745000,0.21175800473237422
746000,0.2107695127060655
747000,0.2107417852367959
748000,0.21106292911870633
749000,0.21160060290202581
750000,0.21084276112617756
751000,0.21039942323918984
752000,0.2107378994360195
753000,0.21034269131215258
754000,0.21044686373358593
755000,0.21060015250929773
756000,0.2109204290641805
757000,0.2120271844020298
758000,0.2103027922760152
759000,0.21047873109585738
760000,0.20948465833160537
761000,0.20883395725367337
762000,0.2090820843900207
763000,0.2089551338236666
764000,0.20961386708897975
765000,0.21139919444913313
766000,0.2116870086059264
767000,0.2106758333753307
768000,0.21018355561770785
769000,0.20937248913462855
770000,0.2082466905308542
771000,0.20897628551053757
772000,0.20984893475382976
773000,0.20822638541411817
774000,0.20613734776113324
775000,0.20735347409097662
776000,0.2064566526409547
777000,0.20623519590791864
778000,0.20500844054375908
779000,0.20778904642186743
780000,0.20854343329035052
781000,0.2094165592411241
782000,0.20918564410931692
783000,0.20931890173291684
784000,0.2108403537690658
785000,0.20990938644728208
786000,0.20934205596843417
787000,0.20899374492146439
788000,0.20969810839458225
789000,0.20979211470395068
790000,0.21156103409711516
791000,0.21100297482712482
792000,0.21212570742623013
793000,0.21318355627574143
794000,0.21232690908731855
795000,0.2115207536825602
796000,0.21130284668737848
797000,0.21076278070352583
798000,0.21149131417810738
799000,0.21187952098553076
800000,0.2125059606785426
801000,0.21256271933908882
802000,0.21292198669565993
803000,0.21208404983799914
804000,0.21231720635999682
805000,0.2122185561450363
806000,0.21209441391658232
807000,0.21218741758022208
808000,0.2110900794421729
