1000,0.138127
2000,0.1252965
3000,0.13337596
4000,0.1529278
5000,0.17021255
6000,0.1949009
7000,0.19632846
8000,0.19843774
9000,0.20791495
10000,0.20637363
11000,0.20759274
12000,0.20768955
13000,0.20631194
14000,0.20602584
15000,0.2070485
16000,0.20836258
17000,0.20702632
18000,0.20745935
19000,0.2083723
20000,0.20918737
21000,0.21172272
22000,0.21364455
23000,0.21592271
24000,0.21541522
25000,0.21611387
26000,0.21765862
27000,0.21944103
28000,0.21835929
29000,0.21927474
30000,0.21992363
31000,0.22074243
32000,0.22107992
33000,0.22242029
34000,0.22373644
35000,0.22557737
36000,0.2271296
37000,0.22656997
38000,0.22735192
39000,0.22765987
40000,0.22727734
41000,0.2280147
42000,0.2289008
43000,0.22983123
44000,0.22986339
45000,0.23066734
46000,0.23062983
47000,0.23072568
48000,0.23115757
49000,0.23051707
50000,0.23196124
51000,0.23452885
52000,0.2368706
53000,0.23908478
54000,0.24050944
55000,0.23991863
56000,0.23858035
57000,0.23986138
58000,0.24075653
59000,0.24013887
60000,0.24148443
61000,0.2421839
62000,0.24232835
63000,0.24234927
64000,0.24260385
65000,0.24265164
66000,0.2432438
67000,0.2441497
68000,0.24419507
69000,0.24391934
70000,0.24435934
71000,0.24363214
72000,0.24415629
73000,0.24337132
74000,0.24488679
75000,0.24548136
76000,0.24527898
77000,0.24566282
78000,0.24631698
79000,0.24661212
80000,0.24755041
81000,0.24780765
82000,0.2474927
83000,0.24806997
84000,0.24741803
85000,0.24701856
86000,0.2464208
87000,0.24630481
88000,0.24586996
89000,0.24687625
90000,0.24770169
91000,0.24747561
92000,0.2469863
93000,0.2460933
94000,0.24637082
95000,0.24693719
96000,0.2466702
97000,0.24713132
98000,0.24672411
99000,0.24834783
100000,0.24786389
101000,0.24728772
102000,0.24772778
103000,0.2470939
104000,0.24530807
105000,0.24599446
106000,0.24635233
107000,0.24603246
108000,0.24631296
109000,0.2462959
110000,0.24611954
111000,0.24531138
112000,0.24565995
113000,0.24695356
114000,0.24747956
115000,0.24774256
116000,0.24707346
117000,0.24658334
118000,0.24663606
119000,0.24673353
120000,0.24653448
121000,0.2474771
122000,0.24715719
123000,0.24809402
124000,0.24819015
125000,0.24802183
126000,0.24780008
127000,0.24700604
128000,0.24758367
129000,0.24668759
130000,0.24589114
131000,0.2449374
132000,0.2464825
133000,0.2456095
134000,0.24513605
135000,0.24509789
136000,0.24523798
137000,0.24655263
138000,0.24678539
139000,0.24641721
140000,0.24699469
141000,0.24705487
142000,0.24694364
143000,0.24757455
144000,0.24823959
145000,0.24803342
146000,0.24877024
147000,0.24904923
148000,0.24980928
149000,0.24911615
150000,0.24875519
151000,0.24958386
152000,0.24886875
153000,0.24913527
154000,0.24946763
155000,0.24911392
156000,0.24963333
157000,0.2500417
158000,0.24946895
159000,0.24955338
160000,0.24908875
161000,0.24964489
162000,0.2495969
163000,0.24890836
164000,0.24909674
165000,0.24900281
166000,0.24848932
167000,0.25036243
168000,0.25059444
169000,0.25164062
170000,0.25175902
171000,0.25084597
172000,0.25096676
173000,0.250569
174000,0.25032339
175000,0.25055578
176000,0.25044098
177000,0.2507034
178000,0.2513534
179000,0.2518456
180000,0.25194284
181000,0.25232524
182000,0.25158033
183000,0.25155118
184000,0.25173652
185000,0.25197455
186000,0.25186417
187000,0.2511623
188000,0.2513953
189000,0.25100368
190000,0.2505328
191000,0.25007492
192000,0.24990526
193000,0.24966429
194000,0.24915369
195000,0.24810185
196000,0.24789797
197000,0.2470228
198000,0.24623157
199000,0.24667001
200000,0.24619171
201000,0.24548842
202000,0.24581836
203000,0.24539644
204000,0.24556613
205000,0.24555193
206000,0.2436879
207000,0.24324545
208000,0.24274282
209000,0.24248482
210000,0.24334706
211000,0.24319749
212000,0.24362701
213000,0.24415743
214000,0.24434899
215000,0.24497232
216000,0.24647406
217000,0.24579029
218000,0.24568927
219000,0.24515885
220000,0.24518353
221000,0.24561262
222000,0.24442671
223000,0.24440227
224000,0.24383982
225000,0.24434805
226000,0.24521767
227000,0.2446872
228000,0.24432714
229000,0.24493301
230000,0.24585956
231000,0.24662091
232000,0.24715982
233000,0.2473586
234000,0.24850461
235000,0.24866891
236000,0.2492771
237000,0.24929617
238000,0.24885479
239000,0.24868774
240000,0.2486498
241000,0.24973345
242000,0.25034335
243000,0.25018957
244000,0.25017384
245000,0.25003105
246000,0.24984553
247000,0.2507561
248000,0.2525406
249000,0.25199714
250000,0.25274453
251000,0.25297564
252000,0.253445
253000,0.2531618
254000,0.2530175
255000,0.2539226
256000,0.25522965
257000,0.25513303
258000,0.25585946
259000,0.25663623
260000,0.25640693
261000,0.25696063
262000,0.25693694
263000,0.2571657
264000,0.2570627
265000,0.2559531
266000,0.2560614
267000,0.25504118
268000,0.25644818
269000,0.25631866
270000,0.25741577
271000,0.25808325
272000,0.2584239
273000,0.2584855
274000,0.25807536
275000,0.25787938
276000,0.2579789
277000,0.258387
278000,0.2583742
279000,0.25838512
280000,0.25838208
281000,0.25917828
282000,0.2594054
283000,0.2599395
284000,0.25913447
285000,0.2591355
286000,0.25869167
287000,0.25923285
288000,0.25978592
289000,0.2607806
290000,0.2610298
291000,0.26083672
292000,0.2603459
293000,0.26095188
294000,0.26120427
295000,0.26199874
296000,0.26238045
297000,0.2622107
298000,0.2613788
299000,0.26226386
300000,0.26210266
301000,0.2620333
302000,0.26189673
303000,0.26275232
304000,0.26393908
305000,0.2632749
306000,0.26298988
307000,0.26341563
308000,0.26315063
309000,0.26338056
310000,0.2638342
311000,0.26422223
312000,0.26412696
313000,0.26332074
314000,0.2635347
315000,0.26473638
316000,0.263355
317000,0.2639626
318000,0.2629969
319000,0.26324582
320000,0.26207265
321000,0.26211518
322000,0.26326296
323000,0.26440445
324000,0.2648913
325000,0.26486638
326000,0.26541096
327000,0.2657547
328000,0.26626417
329000,0.2664231
330000,0.2667951
331000,0.26591673
332000,0.26598918
333000,0.2650553
334000,0.26611003
335000,0.2658631
336000,0.2653553
337000,0.2644228
338000,0.26529422
339000,0.26451245
340000,0.26342577
341000,0.2629911
342000,0.26342064
343000,0.26387104
344000,0.26300073
345000,0.262728
346000,0.26186883
347000,0.2616156
348000,0.26081982
349000,0.26000354
350000,0.26025704
351000,0.26009008
352000,0.26026645
353000,0.26096052
354000,0.2609324
355000,0.26173356
356000,0.26215383
357000,0.26265454
358000,0.2638442
359000,0.26345578
360000,0.26336205
361000,0.2632183
362000,0.26284772
363000,0.2636724
364000,0.26368034
365000,0.2636136
366000,0.26462778
367000,0.26498267
368000,0.2644944
369000,0.26422146
370000,0.26497662
371000,0.2641388
372000,0.26413727
373000,0.2632833
374000,0.2638778
375000,0.26328588
376000,0.263749
377000,0.2639505
378000,0.2635144
379000,0.26313874
380000,0.26273498
381000,0.2634713
382000,0.26263887
383000,0.26287448
384000,0.2626637
385000,0.26174048
386000,0.26241592
387000,0.26416498
388000,0.26361272
389000,0.26307812
390000,0.26343447
391000,0.2638346
392000,0.26434928
393000,0.26337028
394000,0.263943
395000,0.2644983
396000,0.26621082
397000,0.26689294
398000,0.2679334
399000,0.26866156
400000,0.26823762
401000,0.26863217
402000,0.26961714
403000,0.26934984
404000,0.2695802
405000,0.26996052
406000,0.27084595
407000,0.26980317
408000,0.26937172
409000,0.26986802
410000,0.26949066
411000,0.26890534
412000,0.2697966
413000,0.26958498
414000,0.26841486
415000,0.26883116
416000,0.26835737
417000,0.26815754
418000,0.26814643
419000,0.2687532
420000,0.2678353
421000,0.26913932
422000,0.27014342
423000,0.27094775
424000,0.27117363
425000,0.27230778
426000,0.27163258
427000,0.2712577
428000,0.2713524
429000,0.2709834
430000,0.26999792
431000,0.26897702
432000,0.26917225
433000,0.269222
434000,0.26986644
435000,0.27148175
436000,0.2716757
437000,0.27168742
438000,0.27092
439000,0.27188024
440000,0.2726359
441000,0.27302667
442000,0.27328986
443000,0.2736337
444000,0.2734555
445000,0.27349383
446000,0.2734703
447000,0.27354786
448000,0.27313063
449000,0.27268824
450000,0.27293727
451000,0.27319396
452000,0.27273592
453000,0.27259368
454000,0.2729227
455000,0.27182743
456000,0.27200097
457000,0.2714754
458000,0.27157837
459000,0.27101195
460000,0.27197152
461000,0.27223632
462000,0.27196386
463000,0.2721233
464000,0.27341503
465000,0.27309448
466000,0.2725006
467000,0.27234435
468000,0.27313814
469000,0.2730133
470000,0.27337053
471000,0.272638
472000,0.272448
473000,0.2711365
474000,0.2711109
475000,0.27127227
476000,0.27046618
477000,0.2701769
478000,0.27115124
479000,0.27194348
480000,0.2724763
481000,0.27421665
482000,0.27418542
483000,0.27501273
484000,0.27429318
485000,0.27235165
486000,0.27263424
487000,0.2732609
488000,0.27331445
489000,0.27353704
490000,0.27253008
491000,0.2719742
492000,0.27238765
493000,0.27262014
494000,0.2721623
495000,0.27245706
496000,0.2716232
497000,0.27106652
498000,0.2708501
499000,0.27093238
500000,0.2706294
501000,0.27093348
502000,0.2727102
503000,0.27269065
504000,0.27289832
505000,0.273652
506000,0.27337706
507000,0.2749867
508000,0.27504343
509000,0.27479655
510000,0.27407196
511000,0.27404463
512000,0.27519187
513000,0.2761405
514000,0.27615753
515000,0.27610582
516000,0.2777806
517000,0.27797002
518000,0.27728492
519000,0.27714393
520000,0.27698648
521000,0.2766236
522000,0.276376
523000,0.27685255
524000,0.27651042
525000,0.27562267
526000,0.27570167
527000,0.27676547
528000,0.27551898
529000,0.27601892
530000,0.27582502
531000,0.2747249
532000,0.27532682
533000,0.2752763
534000,0.27580747
535000,0.27689856
536000,0.27577466
537000,0.2757619
538000,0.27690083
539000,0.27720237
540000,0.27868268
541000,0.2788915
542000,0.27813178
543000,0.27779412
544000,0.278911
545000,0.27884185
546000,0.27914843
547000,0.28002396
548000,0.2797704
549000,0.2803241
550000,0.2806015
551000,0.2806145
552000,0.27876022
553000,0.27993977
554000,0.2800633
555000,0.27920538
556000,0.2778003
557000,0.27694282
558000,0.27723923
559000,0.2770495
560000,0.27845067
561000,0.27954617
562000,0.27850294
563000,0.27857307
564000,0.27955133
565000,0.2800794
566000,0.2797043
567000,0.2808448
568000,0.2827846
569000,0.28405613
570000,0.28539723
571000,0.28663808
572000,0.2857206
573000,0.28540546
574000,0.28575885
575000,0.2857497
576000,0.28626174
577000,0.286031
578000,0.28625605
579000,0.28733233
580000,0.28840226
581000,0.28794622
582000,0.28764933
583000,0.2880409
584000,0.28729555
585000,0.28717947
586000,0.28793603
587000,0.28676257
588000,0.2859871
589000,0.28613532
590000,0.2856197
591000,0.28654817
592000,0.28705847
593000,0.28896984
594000,0.2889799
595000,0.28783786
596000,0.2892673
597000,0.28842083
598000,0.28819048
599000,0.288002
600000,0.2878543
601000,0.2884585
602000,0.2881615
603000,0.28692406
604000,0.28640902
605000,0.28673038
606000,0.2872099
607000,0.28807935
608000,0.28691784
609000,0.2870874
610000,0.2865275
611000,0.2857808
612000,0.28536212
613000,0.28483742
614000,0.28390497
615000,0.28377464
616000,0.28501076
617000,0.28547856
618000,0.28721368
619000,0.28742394
620000,0.2876875
621000,0.28701898
622000,0.28611824
623000,0.2874434
624000,0.28685644
625000,0.28710377
626000,0.28766108
627000,0.28784093
628000,0.28916618
629000,0.28841776
630000,0.28840807
631000,0.28792614
632000,0.2879803
633000,0.28716063
634000,0.28742066
635000,0.2877901
636000,0.28698677
637000,0.28764087
638000,0.288527
639000,0.28941718
640000,0.28959674
641000,0.28990778
642000,0.28952098
643000,0.28722295
644000,0.28716588
645000,0.28805366
646000,0.28631318
647000,0.28581238
648000,0.28648952
649000,0.2859025
650000,0.28625008
651000,0.28626043
652000,0.28592408
653000,0.28651616
654000,0.28593287
655000,0.2860479
656000,0.28732783
657000,0.28759834
658000,0.2890647
659000,0.2895116
660000,0.28892314
661000,0.28952605
662000,0.29044488
663000,0.29076183
664000,0.29029492
665000,0.28993237
666000,0.28882924
667000,0.2879956
668000,0.28637138
669000,0.28616965
670000,0.28528962
671000,0.28661388
672000,0.28809172
673000,0.2879651
674000,0.288997
675000,0.29038948
676000,0.2903896
677000,0.29025263
678000,0.2891477
679000,0.28841624
680000,0.28807166
681000,0.2902397
682000,0.29089782
683000,0.2909197
684000,0.29052675
685000,0.29026824
686000,0.29168898
687000,0.29101452
688000,0.28922692
689000,0.28809443
690000,0.2876395
691000,0.28739813
692000,0.28706384
693000,0.28847328
694000,0.28951105
695000,0.28959158
696000,0.29080203
697000,0.2930637
698000,0.29302338
699000,0.29461902
700000,0.29447138
701000,0.2935348
702000,0.2940258
703000,0.2945071
704000,0.29479143
705000,0.29516712
706000,0.29423475
707000,0.29277447
708000,0.29184872
709000,0.29235113
710000,0.29235277
711000,0.2920072
712000,0.29137596
713000,0.2898679
714000,0.29119074
715000,0.29111087
716000,0.29222462
717000,0.29257417
718000,0.29243264
719000,0.29257256
720000,0.29253307
721000,0.29125556
722000,0.29120997
723000,0.29191068
724000,0.29136688
725000,0.28994218
726000,0.28891027
727000,0.28911212
728000,0.28970328
729000,0.28911895
730000,0.28866425
731000,0.2879516
732000,0.28634247
733000,0.28732616
734000,0.28791326
735000,0.28801435
736000,0.28772283
737000,0.28849238
738000,0.28902712
739000,0.28845608
740000,0.28916714
741000,0.28903463
742000,0.28905827
743000,0.28901085
744000,0.28903344
745000,0.28899926
746000,0.28836164
747000,0.2886057
748000,0.2902688
749000,0.28945512
750000,0.2900716
751000,0.29008752
752000,0.29016417
753000,0.28922504
754000,0.2894049
755000,0.29085127
756000,0.2911956
757000,0.29278186
758000,0.29272234
759000,0.29163226
760000,0.2910608
761000,0.29069287
762000,0.29128262
763000,0.29283264
764000,0.29261962
765000,0.29307166
766000,0.29192284
767000,0.29198903
768000,0.29217672
769000,0.29232267
770000,0.292791
771000,0.29345283
772000,0.2936901
773000,0.2924891
774000,0.292555
775000,0.29281956
776000,0.2937834
777000,0.294136
778000,0.29378948
779000,0.2946134
780000,0.29573402
781000,0.29560614
782000,0.29657903
783000,0.29733253
784000,0.29808354
785000,0.2979286
786000,0.29803804
787000,0.2982445
788000,0.29953212
789000,0.29960307
790000,0.29934457
791000,0.29988024
792000,0.29971668
793000,0.29920962
794000,0.2985013
795000,0.29898787
796000,0.29940602
797000,0.2986344
798000,0.29648578
799000,0.2976311
800000,0.29695258
801000,0.2972019
802000,0.29800004
803000,0.29776376
804000,0.29851046
805000,0.296988
806000,0.29579043
807000,0.2954504
808000,0.2955604
