1000,0.11040623701410368
2000,0.20492994135970044
3000,0.24527581709636642
4000,0.2639835074568461
5000,0.2841585374456675
6000,0.29765445659547274
7000,0.3134264764992301
8000,0.32057995996915567
9000,0.322678427323064
10000,0.32245921748880374
11000,0.3211719085229561
12000,0.3198728111091117
13000,0.31913620628256467
14000,0.3178155137853616
15000,0.31682372633430705
16000,0.3156817304235706
17000,0.31415864425278933
18000,0.3131567301631518
19000,0.31267068147946625
20000,0.3119301022420816
21000,0.3107231801595145
22000,0.3099412002254688
23000,0.3095439004470807
24000,0.3094536580024052
25000,0.30956837546358246
26000,0.3099227678842929
27000,0.30969865041360983
28000,0.3090122002495198
29000,0.30851510228724993
30000,0.3081335752105478
31000,0.3077684468604842
32000,0.3072791017266869
33000,0.30706104751613855
34000,0.30618271739332326
35000,0.305674683566248
36000,0.305246073457376
37000,0.30461179633731145
38000,0.3044444367094902
39000,0.30484287806224925
40000,0.304951537368894
41000,0.3042779830341483
42000,0.30366843197891336
43000,0.3032306153816824
44000,0.3026076595024652
45000,0.30219131578944924
46000,0.3018530349838893
47000,0.3018178220283097
48000,0.3015421029758955
49000,0.3012836585098068
50000,0.30124172787219433
51000,0.3013823012625212
52000,0.30144412382362
53000,0.3016271072512168
54000,0.3017049872647057
55000,0.3015159365906292
56000,0.30113771261804234
57000,0.30079893642318317
58000,0.300522218175574
59000,0.30054528790535595
60000,0.30027394454356243
61000,0.30018471024308574
62000,0.2998337023733274
63000,0.2996151735568656
64000,0.29910549445320095
65000,0.29852197604774167
66000,0.2981103953054758
67000,0.2979769655900678
68000,0.298026713054314
69000,0.29785853412427377
70000,0.2979722681000327
71000,0.29760524946577993
72000,0.297427355488866
73000,0.2974743332930042
74000,0.29727651563291324
75000,0.29695875644198255
76000,0.29862675969302654
77000,0.2985140003015598
78000,0.2980614913900693
79000,0.2977132696956396
80000,0.2967068495353063
81000,0.2955711541026831
82000,0.2940961463153362
83000,0.29325371115406357
84000,0.29291051687300207
85000,0.2926340956538916
86000,0.29233374064664047
87000,0.29188235857586065
88000,0.2916464635084073
89000,0.29140264016389844
90000,0.29123561846713225
91000,0.2909321118295193
92000,0.2907364349663258
93000,0.2903443935463826
94000,0.2901641211807728
95000,0.2902215100377798
96000,0.2902891337176164
97000,0.2900454768637816
98000,0.2895899685223897
99000,0.28927929830054444
100000,0.289018573731184
101000,0.2888413706769546
102000,0.2888001466989517
103000,0.2887222707768281
104000,0.28856044917802015
105000,0.28835408521195255
106000,0.2882960741867622
107000,0.2884167794932922
108000,0.2884953895509243
109000,0.2887969164699316
110000,0.28872873693704604
111000,0.2886120341767867
112000,0.28842062372962635
113000,0.2881508931865295
114000,0.2877708009630442
115000,0.2875432270119588
116000,0.287966280033191
117000,0.28819120045502983
118000,0.28839882973829906
119000,0.28859014296531676
120000,0.2886440397948027
121000,0.28845554429789383
122000,0.2879959107190371
123000,0.28764673063655694
124000,0.28761772182087103
125000,0.2874750260412693
126000,0.2872870239019394
127000,0.2868268519987663
128000,0.2863270325859388
129000,0.28589367171128593
130000,0.28588366670409837
131000,0.2860996714780728
132000,0.28622971020142235
133000,0.28648033138612905
134000,0.28616845644513766
135000,0.2860287392238776
136000,0.2857667508224646
137000,0.2856132639348507
138000,0.28544458278020224
139000,0.28590306234856444
140000,0.2865277454406023
141000,0.28706389578183494
142000,0.287085037663579
143000,0.2869071085502704
144000,0.28666736905276774
145000,0.28643302886684735
146000,0.2865273225257794
147000,0.28637183082600437
148000,0.2859674355189005
149000,0.2856522472600142
150000,0.28559205056726933
151000,0.2856358130127192
152000,0.2855556827038527
153000,0.28542670626938343
154000,0.2851850815465053
155000,0.2849317143211762
156000,0.2851584327220917
157000,0.2851320904692014
158000,0.2849831315080325
159000,0.2847370865941048
160000,0.28466170620918274
161000,0.2847307171672583
162000,0.2848813755263885
163000,0.28456650757789614
164000,0.28493937402963637
165000,0.28498536215225856
166000,0.28518926474452017
167000,0.28553459483385085
168000,0.2859147967795531
169000,0.28568648333350816
170000,0.2853938261071841
171000,0.2848746028492848
172000,0.28455473060905934
173000,0.28471655717492106
174000,0.2846784592618545
175000,0.28450353879233203
176000,0.2842793552875519
177000,0.2839090348680814
178000,0.2841215158700943
179000,0.2840930736611287
180000,0.2842750518321991
181000,0.28440726278722284
182000,0.2843123243351777
183000,0.28408595198392866
184000,0.28387266788383325
185000,0.2840839909662803
186000,0.28434970625241596
187000,0.2847932691971461
188000,0.284833837673068
189000,0.2846844212462505
190000,0.2844992365390062
191000,0.2840979855606953
192000,0.2838397005299727
193000,0.2836895051300526
194000,0.28368273299435776
195000,0.2836131590306759
196000,0.2840235000650088
197000,0.28448242057363193
198000,0.2848948311656713
199000,0.28513949234286945
200000,0.2852219121456146
201000,0.2851655949850877
202000,0.28553094387054445
203000,0.2858299578030904
204000,0.2862510210822026
205000,0.2863403024673462
206000,0.28670786063869796
207000,0.2872482095311085
208000,0.2876458905786276
209000,0.28792890576521557
210000,0.28822804905474186
211000,0.2884612244119247
212000,0.28923504646122455
213000,0.2895724868575732
214000,0.28957137193779153
215000,0.2894104271829128
216000,0.2893482195387284
217000,0.289309924552838
218000,0.28923487933476766
219000,0.28964935572445394
220000,0.28950006841123105
221000,0.2894609349220991
222000,0.2896261215408643
223000,0.28993141738077005
224000,0.29021228706339997
225000,0.29063558993736904
226000,0.2908208526621262
227000,0.2912118670841058
228000,0.2914206880579392
229000,0.29164730550845464
230000,0.29199462769925594
231000,0.2918462926795085
232000,0.2918401022354762
233000,0.2918353753040234
234000,0.2917646052191655
235000,0.29169875195622447
236000,0.2915242828279734
237000,0.291451686690251
238000,0.2913982119311889
239000,0.2909886501332124
240000,0.29078197199602923
241000,0.29051423965394496
242000,0.290141007343928
243000,0.28986080119510493
244000,0.28993716139594716
245000,0.2897397228380044
246000,0.2899579669584831
247000,0.2902036813646555
248000,0.2902191202590863
249000,0.2904752917985121
250000,0.2904387311339378
251000,0.29036518332362177
252000,0.2905168144404888
253000,0.2903267462948958
254000,0.2902691481312116
255000,0.2898747393488884
256000,0.2896454810500145
257000,0.28965499516328175
258000,0.28989374232292175
259000,0.28995475548505784
260000,0.2898347401916981
261000,0.289873266334335
262000,0.28972266524036727
263000,0.28983526850740116
264000,0.2898695743829012
265000,0.29010264193018276
266000,0.29028362938265007
267000,0.2905563217699528
268000,0.29049106254180274
269000,0.29073553581535816
270000,0.291196070805192
271000,0.2912250696768363
272000,0.2911575402468443
273000,0.291114250048995
274000,0.2909329220453898
275000,0.29095223918060464
276000,0.2910915081699689
277000,0.29103006164729595
278000,0.2909879794418812
279000,0.2906121498942375
280000,0.2903281250993411
281000,0.2898901635905107
282000,0.2892713040510813
283000,0.288641231700778
284000,0.28827436809241774
285000,0.2881209596445163
286000,0.2879639001240333
287000,0.2874737555136283
288000,0.28748308892548086
289000,0.2872511150489251
290000,0.2871918387264013
291000,0.28688009847700596
292000,0.28692235533893107
293000,0.28690925987064836
294000,0.28651991418997447
295000,0.28606600692868234
296000,0.2858494810561339
297000,0.2856046967456738
298000,0.28530414881308874
299000,0.28543772602081297
300000,0.28523764080305897
301000,0.28521489967405794
302000,0.2851612299184004
303000,0.2853682603339354
304000,0.2854074817597866
305000,0.28553192821145057
306000,0.28588342961668967
307000,0.2859462025562922
308000,0.28595299592614176
309000,0.2860394873519739
310000,0.2860304213265578
311000,0.28613620276252427
312000,0.2863562199473381
313000,0.28654190580546857
314000,0.28657967592279115
315000,0.28671159097055593
316000,0.2865710376302401
317000,0.28657719093064465
318000,0.28657935017844044
319000,0.28670435400307176
320000,0.2870747625529766
321000,0.2874533259173234
322000,0.2874521443446477
323000,0.2874430839071671
324000,0.28741152757406235
325000,0.28766839516659576
326000,0.28778337305784224
327000,0.2878729586948951
328000,0.2878689021915197
329000,0.2880598175774018
330000,0.2884682917445898
331000,0.28845910225311916
332000,0.28815606006483235
333000,0.28761217164993286
334000,0.2874418674657742
335000,0.2873136200706164
336000,0.28704855508605637
337000,0.2870296933303277
338000,0.2871482344220082
339000,0.2875047380824884
340000,0.2872888884395361
341000,0.28702942017714184
342000,0.28650491796433925
343000,0.28648597245415053
344000,0.28603996366262435
345000,0.2856536199549834
346000,0.2854337542156378
347000,0.28542726941903435
348000,0.285034285719196
349000,0.28483674121896424
350000,0.28487388423085214
351000,0.28482097186148164
352000,0.2847560122211774
353000,0.2844405076702436
354000,0.2845700035144885
355000,0.28466625219086805
356000,0.28457409783701104
357000,0.28446174803376195
358000,0.28466300195952254
359000,0.28522046881914137
360000,0.2854815194209417
361000,0.28575927481551966
362000,0.28578607641657194
363000,0.2857415096908808
364000,0.2858169798950354
365000,0.28568902480602265
366000,0.285817871282498
367000,0.2857838089863459
368000,0.2860025754024585
369000,0.2864906404266755
370000,0.2871191595594088
371000,0.2873616404781739
372000,0.2875291421363751
373000,0.28752506875495115
374000,0.287254204471906
375000,0.28693686792254447
376000,0.28669786763687927
377000,0.28636232576767606
378000,0.28578503117958703
379000,0.28557477867603304
380000,0.28539209606746835
381000,0.28479333146413166
382000,0.28423436570167543
383000,0.2838766772548358
384000,0.2836923074573278
385000,0.2835678573598464
386000,0.2837678240487973
387000,0.28365798341234527
388000,0.2835826281259457
389000,0.2834397418051958
390000,0.28333959592382113
391000,0.28368502407769364
392000,0.2841284449895223
393000,0.284485591729482
394000,0.2845798334479332
395000,0.28426604949931306
396000,0.28384107288718224
397000,0.2839507830440998
398000,0.284204352731506
399000,0.28381753277778626
400000,0.2832849118014177
401000,0.282599510371685
402000,0.2823165009667476
403000,0.28209670608739057
404000,0.2817083054979642
405000,0.281437089557449
406000,0.28126629869143166
407000,0.281443142230312
408000,0.2815021332850059
409000,0.2815215393702189
410000,0.28153773994743825
411000,0.28150292027990026
412000,0.28156538150211174
413000,0.2814324174523354
414000,0.28095426491896314
415000,0.28085742258032165
416000,0.28093649143973987
417000,0.2814734374384085
418000,0.28170895141363145
419000,0.2819364522645871
420000,0.2820199614465237
421000,0.2819735327263673
422000,0.2817380380630493
423000,0.28175648659467695
424000,0.2812347012460232
425000,0.28059681391716
426000,0.280181896318992
427000,0.28015462049345174
428000,0.28050416770080727
429000,0.2807147079656521
430000,0.28075996475915116
431000,0.2807405687272549
432000,0.28102155006925267
433000,0.2810606331030528
434000,0.28082450392345587
435000,0.28050033878783387
436000,0.28009208251039186
437000,0.2799280931353569
438000,0.27955044552187125
439000,0.2796400671650966
440000,0.27977749273677666
441000,0.27968277314305307
442000,0.27945042707026
443000,0.2791690217256546
444000,0.278816901649038
445000,0.27880879014730453
446000,0.2785548390448093
447000,0.2782108117888371
448000,0.2780864135523637
449000,0.2779717287272215
450000,0.2780962164153655
451000,0.2781686614702145
452000,0.2780983879615863
453000,0.2783440199593703
454000,0.2785296340882778
455000,0.2787697220245997
456000,0.27899882767597833
457000,0.2795533502499262
458000,0.27950482670466104
459000,0.2794728387594223
460000,0.2795486866384745
461000,0.2792088165382544
462000,0.27901012208561105
463000,0.2789111864964167
464000,0.2790491313834985
465000,0.27868587625523406
466000,0.27850671029587587
467000,0.2780114504595598
468000,0.2777418080170949
469000,0.2776403365979592
470000,0.2778768407553434
471000,0.27807723760108155
472000,0.2779108620733023
473000,0.2775019759237766
474000,0.27761292504767576
475000,0.278119190454483
476000,0.278716824700435
477000,0.2789358582844337
478000,0.27914903546869757
479000,0.27943684776127337
480000,0.27938065627714
481000,0.279339103748401
482000,0.2791117256482442
483000,0.2792186620632807
484000,0.27955025109152
485000,0.2797013875693083
486000,0.27982912811636923
487000,0.27958643924693266
488000,0.2793045886109273
489000,0.2794012559950352
490000,0.27969226546585557
491000,0.27984633651375773
492000,0.2795465576251348
493000,0.2791284486701091
494000,0.27902328519026437
495000,0.27869157649079956
496000,0.27884989833831786
497000,0.27886389239132403
498000,0.2793434075315793
499000,0.28008757389585176
500000,0.2805452975432078
501000,0.28077542077501616
502000,0.2809076350927353
503000,0.28100700776278975
504000,0.28095978206396105
505000,0.28094293910264967
506000,0.28111985908448694
507000,0.2809413777242104
508000,0.2807242328375578
509000,0.2804794648637374
510000,0.2804224410951138
511000,0.28041921082139015
512000,0.28025155609846114
513000,0.2799933051665624
514000,0.27954807063440484
515000,0.279101767256856
516000,0.2787199917534987
517000,0.27875980771084624
518000,0.27883875283102194
519000,0.27861252263685066
520000,0.27864686513940495
521000,0.27897957977155846
522000,0.27936010361711183
523000,0.27977702367305757
524000,0.2803049721767505
525000,0.2808591995884975
526000,0.28115080111225443
527000,0.2815031965871652
528000,0.2813883215636015
529000,0.2809418062120676
530000,0.2803171525299549
531000,0.2798767293393612
532000,0.2793786938985189
533000,0.2791196620563666
534000,0.2788393083661795
535000,0.27862092599272725
536000,0.2788217562983433
537000,0.27909300305942697
538000,0.27955572205781937
539000,0.27979493959248064
540000,0.2803258751084407
541000,0.2802864802827438
542000,0.28046998189886413
543000,0.2804774350821972
544000,0.28050407288968565
545000,0.2803159886797269
546000,0.2801152810752392
547000,0.2801662691881259
548000,0.28019977852205435
549000,0.280041642571489
550000,0.2798703699459632
551000,0.2800310781598091
552000,0.28011036906639736
553000,0.2801572950134675
554000,0.2798618375658989
555000,0.27959894920388856
556000,0.2794358660380046
557000,0.2793823683410883
558000,0.2792920331756274
559000,0.27899486417075
560000,0.2789090890735388
561000,0.2789004260003567
562000,0.2792607704252005
563000,0.27957536693414053
564000,0.2796278076519569
565000,0.27948793773849806
566000,0.2794433128883441
567000,0.2794341798474391
568000,0.2792488846580187
569000,0.27905483671526116
570000,0.2791113558212916
571000,0.27871627716720104
572000,0.278718923980991
573000,0.2779715015987555
574000,0.27735558669269084
575000,0.2769314151853323
576000,0.27663192454477153
577000,0.276290074005723
578000,0.2760352175484101
579000,0.27573587324718635
580000,0.2756462815751632
581000,0.27556392625967663
582000,0.2754150761117538
583000,0.27529507377247014
584000,0.2753435890823603
585000,0.27548280512789886
586000,0.27566190592447914
587000,0.2756723455041647
588000,0.27584367092947165
589000,0.2758728082130353
590000,0.2760127595315377
591000,0.27602203509708245
592000,0.2758564174771309
593000,0.2758142744700114
594000,0.27613012346625326
595000,0.27595461760958034
596000,0.2756553839445114
597000,0.27539422641694544
598000,0.2748265210688114
599000,0.2742453095465899
600000,0.27355699730912847
601000,0.2734810519814491
602000,0.273670844172438
603000,0.2739195912629366
604000,0.27430263000229993
605000,0.27446722652514777
606000,0.2748303189625343
607000,0.27518980113665265
608000,0.2758202457030614
609000,0.27602381992340086
610000,0.27585735624531904
611000,0.27578426425655683
612000,0.2756731964101394
613000,0.27514679154256977
614000,0.2746909634868304
615000,0.2742205686519543
616000,0.2741585931827625
617000,0.27392100280026593
618000,0.2738565034220616
619000,0.27360502427319683
620000,0.2738117432395617
621000,0.27413741036256156
622000,0.27414747429390746
623000,0.2741955576737722
624000,0.27441231179237363
625000,0.2742825436145067
626000,0.2738772811293602
627000,0.27356289117534954
628000,0.2733618167936802
629000,0.2735693868647019
630000,0.2737786493301392
631000,0.2740449435512225
632000,0.27398167593280476
633000,0.2739132324854533
634000,0.2737503512253364
635000,0.2737198775410652
636000,0.27367039790252845
637000,0.27350004607935746
638000,0.273330828572313
639000,0.27290352327128253
640000,0.2724719943155845
641000,0.2721352891971668
642000,0.2718852176616589
643000,0.27195349483191966
644000,0.27212664810816445
645000,0.27219522212445735
646000,0.2721843465169271
647000,0.27178876055777074
648000,0.2716508303483327
649000,0.2716123112191757
650000,0.27153385198613006
651000,0.27155067163705826
652000,0.2713817388912042
653000,0.2711831495712201
654000,0.2709845281988382
655000,0.2707978149453799
656000,0.27052111419538655
657000,0.27046731434265775
658000,0.2700440537830194
659000,0.2694985124518474
660000,0.26893809519708156
661000,0.26836177087326846
662000,0.2683454377700885
663000,0.26828063076734543
664000,0.26822866344451907
665000,0.26809006156027315
666000,0.2677623335222403
667000,0.26778037861486276
668000,0.26765673558910685
669000,0.2673943634430567
670000,0.26715918640295666
671000,0.2673961403320233
672000,0.26803009133040906
673000,0.26878205049037934
674000,0.2693488291054964
675000,0.2694441007574399
676000,0.2692031684219837
677000,0.2688805334965388
678000,0.26884915760159495
679000,0.2687034486879905
680000,0.26824334543943407
681000,0.2677057971109947
682000,0.2673654955724875
683000,0.26726142623027166
684000,0.2672553703635931
685000,0.26720095220704876
686000,0.26656552726030347
687000,0.2663427358567715
688000,0.26682731560866035
689000,0.26672618849078816
690000,0.2665322044193745
691000,0.2661646225353082
692000,0.2658492516428232
693000,0.26580219475428263
694000,0.26569384192427
695000,0.2654518353193998
696000,0.2650386069417
697000,0.2651028480678797
698000,0.2648964703828096
699000,0.26453726734717686
700000,0.26440208038687707
701000,0.2641775130877892
702000,0.2640961237450441
703000,0.2638390881617864
704000,0.2637410040100416
705000,0.2636735908339421
706000,0.26369802037874857
707000,0.2637915078351895
708000,0.2635515369772911
709000,0.2635447443475326
710000,0.2632671720683575
711000,0.2631353081961473
712000,0.2629768752406041
713000,0.2629650293389956
714000,0.2632704388151566
715000,0.26352779278159144
716000,0.2637128516584635
717000,0.26390183143814405
718000,0.26382186289876697
719000,0.26323218013097843
720000,0.26267546879003445
721000,0.2624397662555178
722000,0.26275452693055074
723000,0.2633367233698567
724000,0.2640719881132245
725000,0.26437177906682097
726000,0.26463445447633666
727000,0.2648391038005551
728000,0.2650162282958627
729000,0.265324379739662
730000,0.265439744733274
731000,0.265681364176174
732000,0.2657279980207483
733000,0.26619560515135526
734000,0.2665408010457953
735000,0.2670358426893751
736000,0.26749571638554337
737000,0.2675978499725461
738000,0.26788684986780087
739000,0.26784946652998526
740000,0.26788560720533133
741000,0.26846160070846475
742000,0.2685207971905669
743000,0.2687092522159219
744000,0.26893325527757406
745000,0.26912474719931684
746000,0.26889418545862037
747000,0.26815294052660466
748000,0.26778262403607367
749000,0.26735146427651246
750000,0.2671091843197743
751000,0.267047649115324
752000,0.26708419919510684
753000,0.2669797255396843
754000,0.2674453489482403
755000,0.2681645401616891
756000,0.26873099092642466
757000,0.26901402668654917
758000,0.26865941620369754
759000,0.2686965941041708
760000,0.26875340603291986
761000,0.26909789791703226
762000,0.2689063351104657
763000,0.2684288518577814
764000,0.2683615281035503
765000,0.26860276054342586
766000,0.2687534505327543
767000,0.26918818555772306
768000,0.2690854243884484
769000,0.26911345274249715
770000,0.26866404089331625
771000,0.268524340108037
772000,0.26819839686652025
773000,0.2683927469650904
774000,0.2687815822313229
775000,0.26905225033561386
776000,0.2695357224792242
777000,0.2697714453140895
778000,0.2698634669532379
779000,0.2699508766581615
780000,0.27031143236160277
781000,0.2703606450309356
782000,0.2703080157438914
783000,0.2705921311030785
784000,0.2706829639673233
785000,0.2706304080337286
786000,0.27031025200585523
787000,0.2701011200497548
788000,0.26985714772343633
789000,0.2699007501800855
790000,0.2700441737572352
791000,0.2702323616296053
792000,0.2702834663937489
793000,0.27072764839480323
794000,0.27118390701462824
795000,0.2716068235610922
796000,0.2717376618608832
797000,0.2715764757667979
798000,0.2712952675198515
799000,0.27092408551524083
800000,0.27079921329269807
801000,0.2704751778965195
802000,0.27037277069936194
803000,0.27030494952450196
804000,0.2703703310812513
805000,0.2703581112548709
806000,0.27010305455575384
807000,0.27017738656451307
808000,0.2700531062160929
