999,-0.02028125
1999,-0.0080625
2999,-0.005734375
3999,-0.0019296875
4999,0.000178125
5999,0.0025182292
6999,0.003482143
7999,0.004330078
8999,0.004095486
9999,0.0051546874
10999,0.007834375
11999,0.008023437
12999,0.00864375
13999,0.008798437
14999,0.008065625
15999,0.00668125
16999,0.006821875
17999,0.0063375
18999,0.0060515627
19999,0.0045515625
20999,0.004715625
21999,0.0050546876
22999,0.0046484377
23999,0.0042890627
24999,0.005071875
25999,0.005340625
26999,0.0047015627
27999,0.0052125
28999,0.0056046876
29999,0.0063140625
30999,0.005425
31999,0.004553125
32999,0.0046640625
33999,0.004328125
34999,0.0035453124
35999,0.003540625
36999,0.00405
37999,0.004321875
38999,0.004525
39999,0.0034796875
40999,0.0028359375
41999,0.00334375
42999,0.003453125
43999,0.0027203124
44999,0.003365625
45999,0.0023984376
46999,0.0024125
47999,0.0009421875
48999,0.0006453125
49999,0.0023625
50999,0.0040953127
51999,0.0041046874
52999,0.00481875
53999,0.0052875
54999,0.0045546875
55999,0.0054703127
56999,0.005175
57999,0.005940625
58999,0.00533125
59999,0.0045578126
60999,0.00398125
61999,0.002990625
62999,0.002228125
63999,0.0025765626
64999,0.002490625
65999,0.0032328125
66999,0.0035546876
67999,0.002225
68999,0.0040890626
69999,0.003921875
70999,0.003575
71999,0.003884375
72999,0.0040984377
73999,0.003225
74999,0.003603125
75999,0.0025765626
76999,0.00185
77999,0.0031921875
78999,0.0017984374
79999,0.001803125
80999,0.00271875
81999,0.0039828126
82999,0.0044515627
83999,0.004984375
84999,0.004921875
85999,0.0051828125
86999,0.0052515627
87999,0.00541875
88999,0.00595625
89999,0.0051703127
90999,0.0038375
91999,0.003340625
92999,0.002953125
93999,0.0031
94999,0.002853125
95999,0.003353125
96999,0.003271875
97999,0.002525
98999,0.00335
99999,0.004278125
100999,0.0052046874
101999,0.00508125
102999,0.004915625
103999,0.00468125
104999,0.0052796877
105999,0.005065625
106999,0.0048640626
107999,0.005021875
108999,0.00354375
109999,0.002665625
110999,0.0019453125
111999,0.0019
112999,0.0016578125
113999,0.002275
114999,0.00245
115999,0.0021640626
116999,0.0025421875
117999,0.0028984374
118999,0.00305625
119999,0.0031484375
120999,0.0030203124
121999,0.00215625
122999,0.0023765625
123999,0.0016140625
124999,0.0010296875
125999,0.000865625
126999,0.0005375
127999,0.0002359375
128999,0.00106875
129999,0.002065625
130999,0.0019125
131999,0.0033390624
132999,0.00353125
133999,0.003546875
134999,0.003375
135999,0.00345625
136999,0.0030359374
137999,0.0038921875
138999,0.003965625
139999,0.003703125
140999,0.003803125
141999,0.0028234376
142999,0.002359375
143999,0.0024625
144999,0.002253125
145999,0.0020609375
146999,0.0025125
147999,0.0006625
148999,-0.000290625
149999,1.09375e-05
150999,0.0007109375
151999,8.75e-05
152999,0.0006453125
153999,0.0009640625
154999,0.0012703125
155999,0.002028125
156999,0.0022234374
157999,0.0032375
158999,0.0038171874
159999,0.0033671875
160999,0.0026234374
161999,0.0033296875
162999,0.0037421875
163999,0.003646875
164999,0.004478125
165999,0.0036859375
166999,0.0042109373
167999,0.003725
168999,0.002734375
169999,0.002228125
170999,0.00229375
171999,0.0030859376
172999,0.001615625
173999,0.001396875
174999,0.0003890625
175999,0.000596875
176999,0.0006390625
177999,0.0012859375
178999,0.0019984376
179999,0.0024203125
180999,0.0032140624
181999,0.0027328124
182999,0.00334375
183999,0.00405625
184999,0.0044125
185999,0.004453125
186999,0.003984375
187999,0.003409375
188999,0.003309375
189999,0.002921875
190999,0.002278125
191999,0.0017734375
192999,0.0026078124
193999,0.0023734374
194999,0.0020015624
195999,0.0023375
196999,0.0030796875
197999,0.0038203124
198999,0.0037640624
199999,0.004178125
200999,0.004653125
201999,0.0052703125
202999,0.0052234377
203999,0.0047515626
204999,0.0056640627
205999,0.0064015626
206999,0.00625625
207999,0.0054609375
208999,0.00543125
209999,0.00620625
210999,0.0063796877
211999,0.0062671877
212999,0.0055671874
213999,0.00595
214999,0.00555625
215999,0.005034375
216999,0.0039171875
217999,0.0050859377
218999,0.0052546873
219999,0.003534375
220999,0.0039046875
221999,0.0039609377
222999,0.0036984375
223999,0.003778125
224999,0.0037234374
225999,0.0035515625
226999,0.00441875
227999,0.003334375
228999,0.0030890624
229999,0.0037625
230999,0.0032140624
231999,0.0022015625
232999,0.0031859374
233999,0.0021296875
234999,0.0027859374
235999,0.002159375
236999,0.0013421875
237999,0.0009125
238999,0.001275
239999,0.0009875
240999,0.0001546875
241999,0.001428125
242999,0.0003375
243999,0.000734375
244999,-0.000446875
245999,7.8125e-06
246999,0.0009171875
247999,0.0020921875
248999,0.0014953126
249999,0.002371875
250999,0.00314375
251999,0.002653125
252999,0.0026046876
253999,0.0026578126
254999,0.0032234376
255999,0.003584375
256999,0.00329375
257999,0.0031203125
258999,0.0029015625
259999,0.0032890625
260999,0.0039734375
261999,0.0041375
262999,0.0043140627
263999,0.0046703126
264999,0.004846875
265999,0.0044328123
266999,0.004165625
267999,0.0043421877
268999,0.0061734375
269999,0.005734375
270999,0.00488125
271999,0.0048890626
272999,0.0054203123
273999,0.0056828125
274999,0.00545625
275999,0.0056125
276999,0.0054828124
277999,0.005028125
278999,0.0036609375
279999,0.003303125
280999,0.003403125
281999,0.00246875
282999,0.001846875
283999,0.00135
284999,0.0017734375
285999,0.0011
286999,0.0015671875
287999,0.0018390625
288999,0.0021046875
289999,0.0021375
290999,0.001728125
291999,0.0025609375
292999,0.001825
293999,0.00190625
294999,0.00030625
295999,0.0006421875
296999,0.0004015625
297999,0.0001375
298999,9.53125e-05
299999,0.000121875
300999,0.001015625
301999,0.0012578125
302999,0.002390625
303999,0.0029734375
304999,0.0037953125
305999,0.0047359373
306999,0.004528125
307999,0.0045875
308999,0.0043078125
309999,0.003859375
310999,0.003315625
311999,0.003440625
312999,0.0026859376
313999,0.0020234375
314999,0.0023640625
315999,0.0006125
316999,0.000665625
317999,0.0011234375
318999,0.00125
319999,0.001203125
320999,0.00086875
321999,0.00030625
322999,0.0012515625
323999,0.001221875
324999,0.0009953125
325999,0.0014890624
326999,0.00205
327999,0.0010875
328999,0.0016515625
329999,0.0019953125
330999,0.0018125
331999,0.0014921875
332999,0.0016421875
333999,0.0018015625
334999,0.001490625
335999,0.0022125
336999,0.0021890625
337999,0.0029078126
338999,0.0026171876
339999,0.0017296874
340999,0.0019
341999,0.00151875
342999,0.0014625
343999,0.0019671875
344999,0.001534375
345999,0.0009328125
346999,0.000196875
347999,0.00018125
348999,0.000590625
349999,0.0015921874
350999,0.0015765625
351999,0.0023640625
352999,0.001646875
353999,0.0010515625
354999,0.001621875
355999,0.0021734375
356999,0.002734375
357999,0.0029921874
358999,0.002928125
359999,0.0029171875
360999,0.0038859374
361999,0.0036546874
362999,0.0038796875
363999,0.00428125
364999,0.00410625
365999,0.00455
366999,0.00470625
367999,0.00436875
368999,0.00345
369999,0.0033640624
370999,0.00258125
371999,0.00224375
372999,0.0013375
373999,0.000921875
374999,0.0012046875
375999,-0.000109375
376999,-0.0006140625
377999,-0.0006265625
378999,-0.0002625
379999,-0.0005734375
380999,-0.0006671875
381999,-0.000778125
382999,0.00025625
383999,0.000528125
384999,0.00106875
385999,0.00155
386999,0.0007578125
387999,0.000575
388999,0.000190625
389999,0.0010453125
390999,0.0018203125
391999,0.0029921874
392999,0.0028484375
393999,0.002121875
394999,0.002278125
395999,0.0023828126
396999,0.002959375
397999,0.0025015625
398999,0.002965625
399999,0.001696875
400999,0.0008015625
401999,0.0004203125
402999,-6.5625e-05
403999,0.0007265625
404999,-5.625e-05
405999,-0.0005453125
406999,-0.0002484375
407999,0.000546875
408999,-0.0003953125
409999,0.00054375
410999,0.001003125
411999,0.0007546875
412999,0.0011671875
413999,0.0003203125
414999,0.00068125
415999,0.001596875
416999,0.0018875
417999,0.0018796875
418999,0.0028359375
419999,0.002834375
420999,0.0020953126
421999,0.0020765625
422999,0.00151875
423999,0.0022578125
424999,0.001628125
425999,0.0016703125
426999,0.002121875
427999,0.0019390625
428999,0.00101875
429999,0.0016203125
430999,0.002315625
431999,0.002784375
432999,0.00343125
433999,0.0033140625
434999,0.0035671876
435999,0.0025484376
436999,0.001525
437999,0.0018765625
438999,0.0033953125
439999,0.0020453124
440999,0.0017296874
441999,0.0020140626
442999,0.0019265625
443999,0.002234375
444999,0.00238125
445999,0.00238125
446999,0.001821875
447999,0.0012390625
448999,0.0005265625
449999,0.0002609375
450999,8.59375e-05
451999,5.3125e-05
452999,5.9375e-05
453999,9.0625e-05
454999,0.0006078125
455999,0.0009859375
456999,0.001859375
457999,0.0018984375
458999,0.0022390625
459999,0.0031109375
460999,0.0031859374
461999,0.0025
462999,0.0025671874
463999,0.00225
464999,0.001284375
465999,0.002221875
466999,0.002125
467999,0.0023515625
468999,0.001853125
469999,0.0018328124
470999,0.00121875
471999,0.0014796875
472999,0.002334375
473999,0.0027203124
474999,0.00286875
475999,0.0027078125
476999,0.003253125
477999,0.00264375
478999,0.003384375
479999,0.0030375
480999,0.00454375
481999,0.0038578126
482999,0.003671875
483999,0.003396875
484999,0.0032875
485999,0.00266875
486999,0.0021625
487999,0.0024890625
488999,0.0018046875
489999,0.0026390625
490999,0.002078125
491999,0.002334375
492999,0.0020015624
493999,0.0012484374
494999,0.0020015624
495999,0.0019078125
496999,0.0019625
497999,0.00243125
498999,0.0025203126
499999,0.0022703125
500999,0.002403125
501999,0.0026859376
502999,0.00298125
503999,0.003390625
504999,0.0031765625
505999,0.0037265625
506999,0.003265625
507999,0.002715625
508999,0.003053125
509999,0.0029
510999,0.002559375
511999,0.00218125
512999,0.00134375
513999,0.0017234375
514999,0.001278125
515999,0.0007265625
516999,0.0015328125
517999,0.002259375
518999,0.0021578125
519999,0.002565625
520999,0.002853125
521999,0.0031921875
522999,0.0038390625
523999,0.00461875
524999,0.0054234373
525999,0.006234375
526999,0.005265625
527999,0.0039609377
528999,0.0036125
529999,0.002653125
530999,0.0024375
531999,0.001928125
532999,0.0013109375
533999,0.0004015625
534999,-4.53125e-05
535999,-0.000340625
536999,0.001134375
537999,0.002196875
538999,0.0020921875
539999,0.0026578126
540999,0.0032546874
541999,0.0036875
542999,0.0038453124
543999,0.0036265624
544999,0.003596875
545999,0.002940625
546999,0.0017484375
547999,0.001059375
548999,0.0018921875
549999,0.0021203125
550999,0.0019328125
551999,0.0018546875
552999,0.00165625
553999,0.0015640625
554999,0.0008109375
555999,0.001278125
556999,0.001415625
557999,0.0022828125
558999,0.0022890626
559999,0.0019546875
560999,0.0020375
561999,0.0023609374
562999,0.00229375
563999,0.0032203125
564999,0.0042890627
565999,0.0035640625
566999,0.00395625
567999,0.003221875
568999,0.002096875
569999,0.0021265624
570999,0.0016484375
571999,0.0011328125
572999,0.000425
573999,-0.0003125
574999,-0.0010125
575999,-0.0007859375
576999,-0.000840625
577999,-7.8125e-06
578999,0.0010390625
579999,0.00133125
580999,0.0011109374
581999,0.0016625
582999,0.003071875
583999,0.003575
584999,0.003521875
585999,0.0035546876
586999,0.0032484375
587999,0.00326875
588999,0.002409375
589999,0.0024484375
590999,0.00251875
591999,0.0019
592999,0.00185625
593999,0.0013375
594999,0.0011578125
595999,0.00111875
596999,0.0011328125
597999,0.000403125
598999,0.0009890625
599999,0.0010375
600999,0.00205625
601999,0.002246875
602999,0.0018359375
603999,0.0021046875
604999,0.0025140624
605999,0.002675
606999,0.00316875
607999,0.002615625
608999,0.001959375
609999,0.0016515625
610999,0.0015921874
611999,0.0013515624
612999,0.000675
613999,0.0004359375
614999,0.0004546875
615999,3.90625e-05
616999,-0.0005859375
617999,-0.0001640625
618999,0.0008546875
619999,0.0010390625
620999,0.00021875
621999,0.000840625
622999,0.0016546875
623999,0.001296875
624999,0.0017046875
625999,0.00248125
626999,0.0028125
627999,0.0034640625
628999,0.00218125
629999,0.00145625
630999,0.0018265625
631999,0.0019484375
632999,0.0023734374
633999,0.0021265624
634999,0.002815625
635999,0.002525
636999,0.00251875
637999,0.0013875
638999,0.001040625
639999,0.0012796875
640999,0.0008734375
641999,0.00041875
642999,0.000746875
643999,0.0015515625
644999,-0.00030625
645999,-0.001221875
646999,-0.0017734375
647999,-0.0014875
648999,-0.0013921876
649999,-0.00095625
650999,-0.0008328125
651999,-0.0011
652999,-0.0017890625
653999,-0.001625
654999,-0.0010828126
655999,6.40625e-05
656999,-0.000275
657999,-0.0010265625
658999,-0.0006703125
659999,-0.00120625
660999,-0.000509375
661999,0.0001125
662999,-0.00110625
663999,-0.0017296874
664999,-0.001834375
665999,-0.0022484376
666999,-0.00115
667999,-0.0006578125
668999,-0.0002640625
669999,5.625e-05
670999,0.0007703125
671999,0.0007484375
672999,0.0016984375
673999,0.0021859375
674999,0.0026328126
675999,0.0032453125
676999,0.00333125
677999,0.004128125
678999,0.0033359374
679999,0.002196875
680999,0.000409375
681999,0.000628125
682999,0.0002640625
683999,-0.0002171875
684999,-0.0006984375
685999,-0.0007515625
686999,-0.0013359375
687999,-0.0010828126
688999,-0.0013515624
689999,-0.000846875
690999,-0.00046875
691999,-0.000803125
692999,-0.0003859375
693999,2.1875e-05
694999,0.00103125
695999,0.000296875
696999,-0.0001484375
697999,-0.000815625
698999,0.0008328125
699999,0.0010703125
700999,0.0009265625
701999,0.000678125
702999,0.0011125
703999,0.0004546875
704999,0.000346875
705999,0.0006359375
706999,0.000640625
707999,0.000659375
708999,0.0004234375
709999,0.0008546875
710999,0.0012015625
711999,0.0014234375
712999,0.0007296875
713999,0.00165
714999,0.00103125
715999,0.001275
716999,0.0015375
717999,0.0010125
718999,0.0001375
719999,-0.000396875
720999,-0.0003546875
721999,-0.0004984375
722999,9.84375e-05
723999,-0.000284375
724999,-0.0002453125
725999,-0.000209375
726999,3.125e-06
727999,0.000875
728999,0.0017078125
729999,0.00143125
730999,0.0017453125
731999,0.0019296875
732999,0.0017
733999,0.0015015625
734999,0.0016484375
735999,0.0019390625
736999,0.002540625
737999,0.0019421875
738999,0.001403125
739999,0.0018953125
740999,0.001475
741999,0.0015625
742999,0.0014140625
743999,0.0015765625
744999,0.0014578125
745999,0.00099375
746999,0.000353125
747999,0.00066875
748999,0.0003890625
749999,0.0004921875
750999,0.000975
751999,0.001496875
752999,0.0021
753999,0.0024703124
754999,0.00253125
755999,0.0028171875
756999,0.0022609376
757999,0.001965625
758999,0.0022828125
759999,0.0021578125
760999,0.0012546876
761999,0.000328125
762999,-0.000178125
763999,-0.0009296875
764999,-0.0008421875
765999,-0.00096875
766999,-4.53125e-05
767999,0.000515625
768999,-0.0001046875
769999,-0.0006890625
770999,0.0001015625
771999,0.00048125
772999,0.001021875
773999,0.0021
774999,0.00239375
775999,0.0019453125
776999,0.0014640625
777999,0.0016453125
778999,0.00270625
779999,0.0037109375
780999,0.0028546874
781999,0.0028265624
782999,0.0020875
783999,0.001246875
784999,0.0009921875
785999,0.000734375
786999,0.0015359375
787999,0.0011671875
788999,0.0009
789999,0.000903125
790999,0.0015671875
791999,0.0013984375
792999,0.0011734375
793999,0.001146875
794999,0.0011234375
795999,0.0014015625
796999,-0.0001390625
797999,-0.0005203125
798999,0.000265625
799999,-0.00034375
800999,-0.00056875
801999,0.0004671875
802999,0.0006796875
803999,0.000559375
804999,0.0006296875
805999,0.0013875
806999,0.0018703125
807999,0.002771875
