1000,34.6864287853241
2000,50.34635806083679
3000,65.84842801094055
4000,81.43730115890503
5000,96.99284219741821
6000,112.64739394187927
7000,128.1995804309845
8000,143.8781383037567
9000,159.37659001350403
10000,175.21635627746582
11000,190.702574968338
12000,206.36384177207947
13000,221.86096048355103
14000,237.46705412864685
15000,252.95844674110413
16000,268.5064866542816
17000,284.0247845649719
18000,299.5927584171295
19000,315.0697212219238
20000,330.7758107185364
21000,346.27496671676636
22000,362.0393521785736
23000,377.8249065876007
24000,393.7160851955414
25000,409.53973484039307
26000,425.4840672016144
27000,441.2855725288391
28000,457.07839274406433
29000,472.7723751068115
30000,488.8142247200012
31000,504.70787048339844
32000,520.6091854572296
33000,536.5248894691467
34000,552.4652464389801
35000,568.263756275177
36000,583.9578144550323
37000,599.5079071521759
38000,615.2218859195709
39000,630.754118680954
40000,646.5137062072754
41000,662.0740435123444
42000,677.8037130832672
43000,693.4635996818542
44000,709.062789440155
45000,724.546187877655
46000,740.117618560791
47000,755.6961061954498
48000,771.3077521324158
49000,786.8343052864075
50000,802.6617515087128
51000,818.2073583602905
52000,833.8251402378082
53000,849.5193555355072
54000,865.2039246559143
55000,880.7864713668823
56000,896.4150469303131
57000,911.9358043670654
58000,927.4870507717133
59000,943.0040528774261
60000,958.739550113678
61000,974.2167046070099
62000,989.8658742904663
63000,1005.3720502853394
64000,1021.1023981571198
65000,1036.7906448841095
66000,1052.4006669521332
67000,1068.0636150836945
68000,1083.8517413139343
69000,1099.6495010852814
70000,1115.7349445819855
71000,1131.4391667842865
72000,1147.3948891162872
73000,1163.169017314911
74000,1178.9615700244904
75000,1194.7177634239197
76000,1210.5820546150208
77000,1226.3436760902405
78000,1242.0436317920685
79000,1257.6679105758667
80000,1273.5750846862793
81000,1289.128413438797
82000,1304.8765947818756
83000,1320.5631046295166
84000,1336.1489589214325
85000,1351.7703087329865
86000,1367.3625605106354
87000,1382.864837884903
88000,1398.583431482315
89000,1414.1616945266724
90000,1430.139880180359
91000,1445.769954919815
92000,1461.6119983196259
93000,1477.1193234920502
94000,1492.7416632175446
95000,1508.2725608348846
96000,1523.8799450397491
97000,1539.3912494182587
98000,1554.9827361106873
99000,1570.4835121631622
100000,1586.266762971878
101000,1601.7763996124268
102000,1617.3862009048462
103000,1632.895534992218
104000,1648.4836020469666
105000,1664.00337266922
106000,1679.663324356079
107000,1695.1595861911774
108000,1710.757203578949
109000,1726.2561266422272
110000,1742.0802817344666
111000,1757.569834470749
112000,1773.1609263420105
113000,1788.6694374084473
114000,1804.2468347549438
115000,1819.7581884860992
116000,1835.3423955440521
117000,1850.8886034488678
118000,1866.4745721817017
119000,1882.0169293880463
120000,1897.7574291229248
121000,1913.2572486400604
122000,1928.8482196331024
123000,1944.3611342906952
124000,1959.966234445572
125000,1975.45627450943
126000,1991.0251252651215
127000,2006.5326793193817
128000,2022.113834619522
129000,2037.609521150589
130000,2053.403743505478
131000,2068.9082129001617
132000,2084.5243587493896
133000,2100.0332324504852
134000,2115.6227838993073
135000,2131.113706588745
136000,2146.7157945632935
137000,2162.230315923691
138000,2177.7857275009155
139000,2193.285787343979
140000,2209.021261692047
141000,2224.5274403095245
142000,2240.1106374263763
143000,2255.691542863846
144000,2271.296553850174
145000,2286.8340499401093
146000,2302.4173572063446
147000,2317.9370200634003
148000,2333.5465331077576
149000,2349.05828666687
150000,2364.862410068512
151000,2380.3740134239197
152000,2395.9452567100525
153000,2411.43954873085
154000,2426.9985694885254
155000,2442.4776310920715
156000,2458.0812680721283
157000,2473.565941095352
158000,2489.159346342087
159000,2504.651679992676
160000,2520.3971638679504
161000,2535.920009613037
162000,2551.5089495182037
163000,2567.0051283836365
164000,2582.561000108719
165000,2598.0534448623657
166000,2613.6153585910797
167000,2629.11639380455
168000,2644.711526155472
169000,2660.205263376236
170000,2675.9458849430084
171000,2691.4305641651154
172000,2706.995350122452
173000,2722.4909954071045
174000,2738.0898497104645
175000,2753.589251756668
176000,2769.1497824192047
177000,2784.64298248291
178000,2800.250232934952
179000,2815.7695116996765
180000,2831.530309677124
181000,2847.0392892360687
182000,2862.6256992816925
183000,2878.124913215637
184000,2893.6868059635162
185000,2909.1998183727264
186000,2924.786171913147
187000,2940.2756690979004
188000,2955.8928849697113
189000,2971.4033913612366
190000,2987.115896463394
191000,3002.6036307811737
192000,3018.1568098068237
193000,3033.6528890132904
194000,3049.2501571178436
195000,3064.8236808776855
196000,3080.4924681186676
197000,3096.0576951503754
198000,3111.697939634323
199000,3127.2772471904755
200000,3143.1392142772675
201000,3158.6215031147003
202000,3174.16059923172
203000,3189.661778450012
204000,3205.200828075409
205000,3220.685073375702
206000,3236.2486395835876
207000,3251.750061750412
208000,3267.30930685997
209000,3282.807448387146
210000,3298.568271636963
211000,3314.0640785694122
212000,3329.6354587078094
213000,3345.142771959305
214000,3360.7652990818024
215000,3376.2585990428925
216000,3391.848410844803
217000,3407.3616461753845
218000,3422.937412261963
219000,3438.4413063526154
220000,3454.162192583084
221000,3469.6745805740356
222000,3485.258520126343
223000,3500.812808036804
224000,3516.4517998695374
225000,3532.026534795761
226000,3547.693215370178
227000,3563.2700097560883
228000,3578.9242208004
229000,3594.5076282024384
230000,3610.3655893802643
231000,3625.852959394455
232000,3641.455105781555
233000,3656.951206922531
234000,3672.5652096271515
235000,3688.0806035995483
236000,3703.6369700431824
237000,3719.122583389282
238000,3734.7199091911316
239000,3750.219910144806
240000,3765.9503881931305
241000,3781.4945878982544
242000,3797.0820455551147
243000,3812.5990092754364
244000,3828.1722390651703
245000,3843.6715433597565
246000,3859.2283098697662
247000,3874.7277760505676
248000,3890.32542014122
249000,3905.817055463791
250000,3921.624761581421
251000,3937.1327695846558
252000,3952.719398021698
253000,3968.223191022873
254000,3983.8079690933228
255000,3999.3048453330994
256000,4014.8795461654663
257000,4030.401435613632
258000,4045.9661383628845
259000,4061.482500076294
260000,4077.257606983185
261000,4092.767668247223
262000,4108.367377758026
263000,4123.9091947078705
264000,4139.543716430664
265000,4155.12451338768
266000,4170.774654388428
267000,4186.361697435379
268000,4202.020234107971
269000,4217.585606336594
270000,4233.402612686157
271000,4248.905616760254
272000,4264.502080202103
273000,4280.013506412506
274000,4295.578771114349
275000,4311.092576980591
276000,4326.673490762711
277000,4342.162385463715
278000,4357.750114202499
279000,4373.249148607254
280000,4389.0795567035675
281000,4404.583222866058
282000,4420.181509256363
283000,4435.689980983734
284000,4451.302783250809
285000,4466.904827833176
286000,4482.563684463501
287000,4498.15273976326
288000,4513.803882598877
289000,4529.386167526245
290000,4545.1972732543945
291000,4560.699310541153
292000,4576.265650510788
293000,4591.744097948074
294000,4607.322281837463
295000,4622.896666288376
296000,4638.570024251938
297000,4654.175602436066
298000,4669.831553936005
299000,4685.389209270477
300000,4701.151821374893
301000,4716.657717227936
302000,4732.2482743263245
303000,4747.747814655304
304000,4763.3288514614105
305000,4778.8224329948425
306000,4794.414013147354
307000,4809.912926197052
308000,4825.51557135582
309000,4841.026453495026
310000,4856.88467335701
311000,4872.388198137283
312000,4888.037766218185
313000,4903.527978897095
314000,4919.12432384491
315000,4934.617964267731
316000,4950.211878538132
317000,4965.736332416534
318000,4981.325884580612
319000,4996.834218740463
320000,5012.602210044861
321000,5028.12916135788
322000,5043.741881847382
323000,5059.278673648834
324000,5074.876440286636
325000,5090.3903205394745
326000,5105.970370054245
327000,5121.488645792007
328000,5137.1012415885925
329000,5152.585536003113
330000,5168.347807884216
331000,5183.861447572708
332000,5199.475385427475
333000,5214.973251819611
334000,5230.586465120316
335000,5246.0691614151
336000,5261.641530513763
337000,5277.142261505127
338000,5292.751551866531
339000,5308.249074935913
340000,5323.999827384949
341000,5339.5027322769165
342000,5355.079393863678
343000,5370.5705473423
344000,5386.1358325481415
345000,5401.633711338043
346000,5417.203177213669
347000,5432.731631994247
348000,5448.30343079567
349000,5463.808485746384
350000,5479.557147502899
351000,5495.034711122513
352000,5510.618031740189
353000,5526.099777460098
354000,5541.694646596909
355000,5557.189318418503
356000,5572.871238231659
357000,5588.469357728958
358000,5604.139464139938
359000,5619.890087127686
360000,5635.785890817642
361000,5651.390409708023
362000,5667.0534818172455
363000,5682.681528568268
364000,5698.294040679932
365000,5713.838601112366
366000,5729.675801753998
367000,5745.349413871765
368000,5761.063718080521
369000,5776.702493906021
370000,5792.613621234894
371000,5808.2020127773285
372000,5823.963254928589
373000,5839.56395316124
374000,5855.357279062271
375000,5871.0993621349335
376000,5886.920027732849
377000,5902.579390287399
378000,5918.2854561805725
379000,5933.91795873642
380000,5949.817855358124
381000,5965.42835855484
382000,5981.12291765213
383000,5996.706629753113
384000,6012.320179700851
385000,6027.813748598099
386000,6043.559809684753
387000,6059.279480457306
388000,6074.9872488975525
389000,6090.588307857513
390000,6106.41796708107
391000,6121.9967296123505
392000,6137.679506063461
393000,6153.194232940674
394000,6168.810419559479
395000,6184.459166526794
396000,6200.176110744476
397000,6215.769960165024
398000,6231.563461303711
399000,6247.233678102493
400000,6263.214469194412
401000,6278.898406267166
402000,6294.5036334991455
403000,6310.029561281204
404000,6325.675299406052
405000,6341.2101974487305
406000,6356.845503330231
407000,6372.349512577057
408000,6387.9859964847565
409000,6403.686953544617
410000,6419.733918190002
411000,6435.368872642517
412000,6451.095878124237
413000,6466.757403612137
414000,6482.430244922638
415000,6497.996537446976
416000,6513.648195028305
417000,6529.327303886414
418000,6545.10250711441
419000,6560.769807338715
420000,6576.722157716751
421000,6592.3389847278595
422000,6608.064076900482
423000,6623.648367881775
424000,6639.251608133316
425000,6654.878457307816
426000,6670.536689281464
427000,6686.053608894348
428000,6701.664391279221
429000,6717.191824913025
430000,6732.940062046051
431000,6748.443451881409
432000,6764.0631902217865
433000,6779.575968265533
434000,6795.204498529434
435000,6810.72420668602
436000,6826.346672773361
437000,6841.872091293335
438000,6857.458013296127
439000,6873.012045621872
440000,6888.792227745056
441000,6904.3156814575195
442000,6919.9094145298
443000,6935.43167257309
444000,6951.047687530518
445000,6966.556958436966
446000,6982.134681463242
447000,6997.674599170685
448000,7013.262415409088
449000,7028.758117437363
450000,7044.548729419708
451000,7060.082600593567
452000,7075.665222644806
453000,7091.185234069824
454000,7106.791950702667
455000,7122.3010420799255
456000,7137.939626455307
457000,7153.432182073593
458000,7169.057812213898
459000,7184.566283226013
460000,7200.384294271469
461000,7215.914325475693
462000,7231.502507686615
463000,7247.018041610718
464000,7262.645200252533
465000,7278.170446157455
466000,7293.746886253357
467000,7309.25276517868
468000,7324.89346075058
469000,7340.421028852463
470000,7356.163194894791
471000,7371.693653106689
472000,7387.3689177036285
473000,7402.986978530884
474000,7418.663387775421
475000,7434.295921325684
476000,7449.987906932831
477000,7465.5712122917175
478000,7481.256806612015
479000,7496.906459569931
480000,7512.784720659256
481000,7528.399159193039
482000,7544.090393066406
483000,7559.7054624557495
484000,7575.409469842911
485000,7590.937516212463
486000,7606.552178859711
487000,7622.064339876175
488000,7637.687121391296
489000,7653.223074197769
490000,7669.014234542847
491000,7684.526067972183
492000,7700.178483247757
493000,7715.704883098602
494000,7731.323134183884
495000,7746.847546815872
496000,7762.448843717575
497000,7777.972253322601
498000,7793.581658840179
499000,7809.102573871613
500000,7824.955817937851
501000,7840.483116865158
502000,7856.111796140671
503000,7871.643310785294
504000,7887.2859144210815
505000,7902.814893245697
506000,7918.446527719498
507000,7933.99453163147
508000,7949.599294185638
509000,7965.129801750183
510000,7980.952301979065
511000,7996.498503923416
512000,8012.159085512161
513000,8027.706483840942
514000,8043.301305770874
515000,8058.8459351062775
516000,8074.474142789841
517000,8090.007804632187
518000,8105.635345458984
519000,8121.192781925201
520000,8136.959711790085
521000,8152.487984895706
522000,8168.1264317035675
523000,8183.650863409042
524000,8199.249198913574
525000,8214.784448385239
526000,8230.395109891891
527000,8245.937468528748
528000,8261.566324234009
529000,8277.10496354103
530000,8292.91154718399
531000,8308.451777458191
532000,8324.085017442703
533000,8339.595104932785
534000,8355.282551288605
535000,8370.808178424835
536000,8386.426382303238
537000,8401.974412441254
538000,8417.596795797348
539000,8433.13069844246
540000,8448.963795423508
541000,8464.577231884003
542000,8480.234860658646
543000,8495.851558208466
544000,8511.516570329666
545000,8527.125935554504
546000,8542.817906141281
547000,8558.415447235107
548000,8574.084657907486
549000,8589.674124717712
550000,8605.49509382248
551000,8621.028804302216
552000,8636.627840518951
553000,8652.158213615417
554000,8667.754934072495
555000,8683.268296718597
556000,8698.872786998749
557000,8714.372836589813
558000,8730.03652215004
559000,8745.545859575272
560000,8761.376960754395
561000,8776.937897205353
562000,8792.563395738602
563000,8808.103300571442
564000,8823.788330316544
565000,8839.34514594078
566000,8854.971739530563
567000,8870.520053386688
568000,8886.15421462059
569000,8901.69554400444
570000,8917.472892284393
571000,8933.02976679802
572000,8948.649453878403
573000,8964.187283277512
574000,8979.820471286774
575000,8995.346659898758
576000,9011.025884389877
577000,9026.573867321014
578000,9042.246620416641
579000,9057.797040700912
580000,9073.602287054062
581000,9089.228960752487
582000,9105.001637458801
583000,9120.605063676834
584000,9136.20927786827
585000,9151.770092248917
586000,9167.493339300156
587000,9183.02705526352
588000,9198.631766319275
589000,9214.231216192245
590000,9230.099035263062
591000,9245.639478206635
592000,9261.25728392601
593000,9276.797833442688
594000,9292.39742565155
595000,9307.911425590515
596000,9323.539559841156
597000,9339.058824062347
598000,9354.679550886154
599000,9370.184075117111
600000,9385.944672107697
601000,9401.473761796951
602000,9417.109143018723
603000,9432.634659290314
604000,9448.253149032593
605000,9463.753281354904
606000,9479.336095809937
607000,9494.863543987274
608000,9510.46626663208
609000,9525.984439373016
610000,9541.761992931366
611000,9557.282055854797
612000,9572.889434576035
613000,9588.43525505066
614000,9604.052882194519
615000,9619.556844472885
616000,9635.191554307938
617000,9650.730794906616
618000,9666.374244689941
619000,9681.914372205734
620000,9697.690301179886
621000,9713.233208179474
622000,9728.859340429306
623000,9744.398253440857
624000,9760.065961360931
625000,9775.583175420761
626000,9791.191051721573
627000,9806.707395792007
628000,9822.329502105713
629000,9837.88749885559
630000,9853.673281431198
631000,9869.17824935913
632000,9884.803650140762
633000,9900.346920967102
634000,9915.999521493912
635000,9931.52590584755
636000,9947.119621038437
637000,9962.659860610962
638000,9978.311924934387
639000,9993.86067867279
640000,10009.627782583237
641000,10025.171338558197
642000,10040.78206205368
643000,10056.302199602127
644000,10071.946035385132
645000,10087.476926088333
646000,10103.065304517746
647000,10118.634893655777
648000,10134.344012260437
649000,10149.97894692421
650000,10165.852523088455
651000,10181.48202085495
652000,10197.194665431976
653000,10212.805657863617
654000,10228.534138202667
655000,10244.136713981628
656000,10259.85346531868
657000,10275.47060418129
658000,10291.167825222015
659000,10306.770908117294
660000,10322.650101184845
661000,10338.196056365967
662000,10353.828509092331
663000,10369.362022638321
664000,10385.003030776978
665000,10400.526582956314
666000,10416.152727603912
667000,10431.675500154495
668000,10447.312553405762
669000,10462.853939771652
670000,10478.608533620834
671000,10494.16692829132
672000,10509.804427623749
673000,10525.346751451492
674000,10541.002940893173
675000,10556.540628433228
676000,10572.191132307053
677000,10587.771171092987
678000,10603.41014122963
679000,10618.954820632935
680000,10634.77670288086
681000,10650.336418390274
682000,10665.981429576874
683000,10681.519710302353
684000,10697.1475212574
685000,10712.668054103851
686000,10728.292336702347
687000,10743.843959093094
688000,10759.434368610382
689000,10774.985194206238
690000,10790.791503190994
691000,10806.348066329956
692000,10821.94492816925
693000,10837.489839076996
694000,10853.147944450378
695000,10868.678442716599
696000,10884.300019025803
697000,10899.86839723587
698000,10915.51126408577
699000,10931.06971168518
700000,10946.874681949615
701000,10962.419534683228
702000,10978.090855836868
703000,10993.636105537415
704000,11009.272170305252
705000,11024.814460754395
706000,11040.441145181656
707000,11055.974249362946
708000,11071.607716560364
709000,11087.139903068542
710000,11102.938015699387
711000,11118.486639738083
712000,11134.129045963287
713000,11149.633858680725
714000,11165.266705513
715000,11180.804047822952
716000,11196.421880245209
717000,11212.019585609436
718000,11227.670989990234
719000,11243.200813531876
720000,11259.020631313324
721000,11274.555564641953
722000,11290.181105136871
723000,11305.730377435684
724000,11321.356106042862
725000,11336.87543797493
726000,11352.495638608932
727000,11368.058234453201
728000,11383.735862016678
729000,11399.29623055458
730000,11415.095943450928
731000,11430.643251895905
732000,11446.275392532349
733000,11461.847308397293
734000,11477.570278406143
735000,11493.182265281677
736000,11508.919716596603
737000,11524.534356117249
738000,11540.237524271011
739000,11555.849800109863
740000,11571.727588653564
741000,11587.342152833939
742000,11603.055587530136
743000,11618.678490877151
744000,11634.38677740097
745000,11650.016450166702
746000,11665.70862531662
747000,11681.342752218246
748000,11697.074956417084
749000,11712.6908493042
750000,11728.614431619644
751000,11744.22711610794
752000,11759.950874328613
753000,11775.56020283699
754000,11791.26710987091
755000,11806.827008247375
756000,11822.467737674713
757000,11838.078804969788
758000,11853.70763516426
759000,11869.238304376602
760000,11885.034248828888
761000,11900.566720485687
762000,11916.197459459305
763000,11931.732766628265
764000,11947.361708164215
765000,11962.887213230133
766000,11978.540528297424
767000,11994.078390359879
768000,12009.683335065842
769000,12025.227898597717
770000,12041.044226169586
771000,12056.574942588806
772000,12072.22496509552
773000,12087.75281047821
774000,12103.402473449707
775000,12118.96805524826
776000,12134.582767009735
777000,12150.130517482758
778000,12165.759702920914
779000,12181.3017847538
780000,12197.083809375763
781000,12212.608248233795
782000,12228.246461629868
783000,12243.805979728699
784000,12259.46352815628
785000,12275.009828090668
786000,12290.642493247986
787000,12306.195701599121
788000,12321.844240665436
789000,12337.38568854332
790000,12353.301423549652
791000,12368.96804189682
792000,12384.658984661102
793000,12400.25319981575
794000,12415.97383761406
795000,12431.581382274628
796000,12447.316336870193
797000,12462.933440446854
798000,12478.629444599152
799000,12494.233597755432
800000,12510.067475795746
801000,12525.660150766373
802000,12541.37716293335
803000,12556.988835811615
804000,12572.68089556694
805000,12588.278448581696
806000,12603.976405620575
807000,12619.62180185318
808000,12635.357726812363
