1000,6760
2000,14091
3000,21925
4000,30075
5000,38865
6000,47160
7000,54849
8000,62005
9000,68961
10000,75976
11000,82851
12000,89694
13000,96628
14000,103626
15000,110509
16000,117359
17000,124309
18000,131301
19000,138128
20000,144939
21000,151949
22000,158767
23000,165834
24000,172913
25000,180078
26000,187060
27000,194062
28000,201082
29000,207956
30000,214836
31000,221833
32000,228786
33000,235858
34000,242655
35000,249411
36000,256007
37000,262770
38000,269545
39000,276282
40000,283183
41000,290108
42000,296883
43000,303658
44000,310391
45000,317188
46000,323869
47000,330584
48000,337361
49000,344114
50000,350758
51000,357347
52000,364010
53000,370561
54000,377191
55000,383839
56000,390604
57000,397351
58000,404079
59000,410725
60000,417431
61000,424152
62000,430706
63000,437341
64000,443932
65000,450539
66000,457161
67000,463814
68000,470427
69000,477162
70000,483790
71000,490571
72000,497194
73000,503753
74000,510386
75000,517083
76000,523788
77000,530406
78000,537051
79000,543607
80000,550165
81000,556869
82000,563470
83000,570044
84000,576722
85000,583348
86000,589941
87000,596436
88000,602978
89000,609525
90000,616071
91000,622635
92000,629385
93000,636046
94000,642638
95000,649353
96000,655920
97000,662623
98000,669125
99000,675645
100000,682209
101000,688775
102000,695369
103000,701871
104000,708364
105000,715085
106000,721776
107000,728372
108000,735084
109000,741601
110000,748129
111000,754742
112000,761274
113000,767831
114000,774242
115000,780702
116000,787380
117000,793851
118000,800474
119000,807050
120000,813561
121000,820144
122000,826701
123000,833332
124000,839846
125000,846606
126000,853201
127000,859829
128000,866560
129000,873187
130000,879713
131000,886272
132000,892893
133000,899586
134000,906183
135000,912810
136000,919503
137000,925979
138000,932532
139000,938962
140000,945611
141000,952171
142000,958630
143000,965070
144000,971536
145000,977976
146000,984365
147000,990868
148000,997409
149000,1003805
150000,1010370
151000,1016875
152000,1023329
153000,1029809
154000,1036323
155000,1042932
156000,1049465
157000,1055938
158000,1062356
159000,1068798
160000,1075356
161000,1081860
162000,1088453
163000,1095042
164000,1101509
165000,1108029
166000,1114681
167000,1121197
168000,1127618
169000,1134071
170000,1140562
171000,1147113
172000,1153653
173000,1160148
174000,1166784
175000,1173339
176000,1179867
177000,1186395
178000,1192831
179000,1199204
180000,1205723
181000,1212281
182000,1218784
183000,1225268
184000,1231824
185000,1238338
186000,1244861
187000,1251243
188000,1257590
189000,1264031
190000,1270450
191000,1276943
192000,1283357
193000,1289836
194000,1296377
195000,1302819
196000,1309289
197000,1315709
198000,1322231
199000,1328732
200000,1335255
201000,1341706
202000,1348129
203000,1354548
204000,1361073
205000,1367603
206000,1374134
207000,1380731
208000,1387317
209000,1393762
210000,1400243
211000,1406712
212000,1413242
213000,1419588
214000,1426087
215000,1432327
216000,1438761
217000,1445183
218000,1451616
219000,1458035
220000,1464400
221000,1470881
222000,1477416
223000,1483852
224000,1490334
225000,1496925
226000,1503356
227000,1509941
228000,1516586
229000,1523140
230000,1529649
231000,1536125
232000,1542556
233000,1549027
234000,1555465
235000,1561739
236000,1568085
237000,1574445
238000,1580870
239000,1587298
240000,1593749
241000,1600147
242000,1606580
243000,1613042
244000,1619446
245000,1625858
246000,1632172
247000,1638487
248000,1645008
249000,1651432
250000,1657768
251000,1664103
252000,1670638
253000,1677161
254000,1683761
255000,1690341
256000,1696814
257000,1703289
258000,1709728
259000,1716177
260000,1722677
261000,1729093
262000,1735550
263000,1742103
264000,1748544
265000,1755117
266000,1761730
267000,1768208
268000,1774686
269000,1781211
270000,1787822
271000,1794337
272000,1800828
273000,1807402
274000,1813718
275000,1820196
276000,1826610
277000,1833048
278000,1839500
279000,1845876
280000,1852271
281000,1858727
282000,1865115
283000,1871497
284000,1877930
285000,1884385
286000,1890700
287000,1896973
288000,1903289
289000,1909616
290000,1915902
291000,1922340
292000,1928821
293000,1935140
294000,1941596
295000,1947897
296000,1954338
297000,1960739
298000,1967177
299000,1973679
300000,1979933
301000,1986345
302000,1992691
303000,1999030
304000,2005449
305000,2011850
306000,2018259
307000,2024657
308000,2030972
309000,2037362
310000,2043745
311000,2050038
312000,2056435
313000,2062848
314000,2069355
315000,2075762
316000,2082122
317000,2088428
318000,2094868
319000,2101322
320000,2107797
321000,2114259
322000,2120589
323000,2126943
324000,2133328
325000,2139620
326000,2145941
327000,2152329
328000,2158749
329000,2165329
330000,2171755
331000,2178211
332000,2184707
333000,2191250
334000,2197570
335000,2203835
336000,2210190
337000,2216469
338000,2222786
339000,2229130
340000,2235696
341000,2242054
342000,2248404
343000,2254702
344000,2260936
345000,2267272
346000,2273695
347000,2280079
348000,2286496
349000,2292899
350000,2299273
351000,2305550
352000,2311812
353000,2318203
354000,2324477
355000,2330842
356000,2337316
357000,2343677
358000,2349991
359000,2356338
360000,2362743
361000,2369084
362000,2375438
363000,2381734
364000,2388043
365000,2394373
366000,2400695
367000,2407079
368000,2413407
369000,2419889
370000,2426232
371000,2432543
372000,2438823
373000,2445124
374000,2451418
375000,2457744
376000,2464130
377000,2470453
378000,2476813
379000,2483219
380000,2489507
381000,2496005
382000,2502281
383000,2508773
384000,2515048
385000,2521371
386000,2527632
387000,2533862
388000,2540160
389000,2546594
390000,2553075
391000,2559612
392000,2566071
393000,2572438
394000,2578780
395000,2585041
396000,2591421
397000,2597774
398000,2604107
399000,2610351
400000,2616591
401000,2622992
402000,2629277
403000,2635634
404000,2641929
405000,2648311
406000,2654751
407000,2661138
408000,2667422
409000,2673775
410000,2680086
411000,2686289
412000,2692644
413000,2698965
414000,2705191
415000,2711545
416000,2717800
417000,2724073
418000,2730423
419000,2736743
420000,2743127
421000,2749418
422000,2755716
423000,2762016
424000,2768302
425000,2774625
426000,2781076
427000,2787372
428000,2793773
429000,2800140
430000,2806387
431000,2812680
432000,2818926
433000,2825269
434000,2831605
435000,2837881
436000,2844132
437000,2850500
438000,2856763
439000,2863120
440000,2869353
441000,2875752
442000,2882055
443000,2888325
444000,2894504
445000,2900926
446000,2907309
447000,2913592
448000,2919978
449000,2926456
450000,2932802
451000,2939092
452000,2945307
453000,2951592
454000,2957835
455000,2964123
456000,2970370
457000,2976584
458000,2982842
459000,2989126
460000,2995428
461000,3001662
462000,3007864
463000,3014156
464000,3020425
465000,3026649
466000,3032816
467000,3038972
468000,3045243
469000,3051521
470000,3057716
471000,3064003
472000,3070299
473000,3076517
474000,3082741
475000,3088931
476000,3095209
477000,3101496
478000,3107827
479000,3114231
480000,3120626
481000,3126907
482000,3133338
483000,3139637
484000,3146077
485000,3152401
486000,3158613
487000,3164898
488000,3171111
489000,3177398
490000,3183705
491000,3189932
492000,3196041
493000,3202240
494000,3208582
495000,3214739
496000,3220989
497000,3227196
498000,3233385
499000,3239563
500000,3245871
501000,3252128
502000,3258289
503000,3264687
504000,3270849
505000,3277309
506000,3283560
507000,3289836
508000,3295982
509000,3302169
510000,3308274
511000,3314390
512000,3320506
513000,3326673
514000,3332840
515000,3339074
516000,3345226
517000,3351443
518000,3357657
519000,3363929
520000,3370157
521000,3376283
522000,3382598
523000,3388767
524000,3394964
525000,3401098
526000,3407279
527000,3413459
528000,3419682
529000,3425955
530000,3432262
531000,3438597
532000,3444905
533000,3451022
534000,3457219
535000,3463233
536000,3469535
537000,3475839
538000,3482006
539000,3488200
540000,3494349
541000,3500449
542000,3506636
543000,3512837
544000,3519073
545000,3525253
546000,3531483
547000,3537651
548000,3543756
549000,3549970
550000,3556245
551000,3562400
552000,3568604
553000,3574843
554000,3580929
555000,3587159
556000,3593269
557000,3599413
558000,3605394
559000,3611534
560000,3617735
561000,3623930
562000,3630173
563000,3636393
564000,3642553
565000,3648756
566000,3654977
567000,3661186
568000,3667350
569000,3673589
570000,3679769
571000,3685964
572000,3692178
573000,3698298
574000,3704537
575000,3710646
576000,3716794
577000,3723145
578000,3729335
579000,3735501
580000,3741766
581000,3747920
582000,3753960
583000,3760127
584000,3766330
585000,3772492
586000,3778621
587000,3784738
588000,3790926
589000,3797028
590000,3803225
591000,3809369
592000,3815442
593000,3821611
594000,3827783
595000,3833883
596000,3840007
597000,3846197
598000,3852298
599000,3858446
600000,3864606
601000,3870731
602000,3876988
603000,3883164
604000,3889258
605000,3895374
606000,3901457
607000,3907690
608000,3913814
609000,3920013
610000,3926275
611000,3932382
612000,3938527
613000,3944683
614000,3950853
615000,3956891
616000,3963036
617000,3969280
618000,3975375
619000,3981513
620000,3987544
621000,3993557
622000,3999750
623000,4005914
624000,4012035
625000,4018177
626000,4024227
627000,4030195
628000,4036312
629000,4042409
630000,4048440
631000,4054500
632000,4060623
633000,4066659
634000,4072847
635000,4078934
636000,4084962
637000,4091190
638000,4097380
639000,4103450
640000,4109532
641000,4115560
642000,4121717
643000,4127769
644000,4133932
645000,4139980
646000,4145908
647000,4151858
648000,4157914
649000,4163905
650000,4170013
651000,4176176
652000,4182203
653000,4188163
654000,4194298
655000,4200472
656000,4206469
657000,4212590
658000,4218686
659000,4224749
660000,4230850
661000,4236915
662000,4242970
663000,4249128
664000,4255234
665000,4261238
666000,4267242
667000,4273212
668000,4279267
669000,4285428
670000,4291503
671000,4297589
672000,4303608
673000,4309894
674000,4316036
675000,4322048
676000,4328168
677000,4334325
678000,4340299
679000,4346455
680000,4352626
681000,4358690
682000,4364632
683000,4370806
684000,4376728
685000,4382669
686000,4388766
687000,4394812
688000,4400972
689000,4406941
690000,4413072
691000,4419193
692000,4425219
693000,4431333
694000,4437392
695000,4443499
696000,4449597
697000,4455681
698000,4461697
699000,4467873
700000,4473906
701000,4479987
702000,4486190
703000,4492188
704000,4498254
705000,4504238
706000,4510153
707000,4516113
708000,4522097
709000,4527959
710000,4533994
711000,4539938
712000,4545925
713000,4552008
714000,4558165
715000,4564206
716000,4570307
717000,4576337
718000,4582327
719000,4588398
720000,4594469
721000,4600494
722000,4606467
723000,4612330
724000,4618160
725000,4624140
726000,4630068
727000,4635984
728000,4641829
729000,4647835
730000,4653883
731000,4659864
732000,4665856
733000,4671742
734000,4677871
735000,4683878
736000,4689883
737000,4695892
738000,4701928
739000,4708068
740000,4714189
741000,4720237
742000,4726193
743000,4732274
744000,4738220
745000,4744193
746000,4750172
747000,4756198
748000,4762299
749000,4768367
750000,4774322
751000,4780263
752000,4786348
753000,4792374
754000,4798358
755000,4804334
756000,4810228
757000,4816257
758000,4822350
759000,4828357
760000,4834302
761000,4840330
762000,4846215
763000,4852229
764000,4858236
765000,4864180
766000,4870101
767000,4876085
768000,4882022
769000,4887946
770000,4893919
771000,4899879
772000,4905857
773000,4911845
774000,4917917
775000,4923811
776000,4929723
777000,4935474
778000,4941497
779000,4947520
780000,4953512
781000,4959491
782000,4965413
783000,4971291
784000,4977174
785000,4983050
786000,4988942
787000,4994960
788000,5001024
789000,5007057
790000,5013048
791000,5018988
792000,5024937
793000,5030924
794000,5036839
795000,5042750
796000,5048723
797000,5054634
798000,5060708
799000,5066630
800000,5072649
801000,5078504
802000,5084469
803000,5090456
804000,5096332
805000,5102231
806000,5108241
807000,5114119
808000,5120053
