1000,1600
2000,3600
3000,5600
4000,7600
5000,9600
6000,11600
7000,13600
8000,15600
9000,17600
10000,19600
11000,21600
12000,23600
13000,25600
14000,27600
15000,29600
16000,31600
17000,33600
18000,35600
19000,37600
20000,39600
21000,41600
22000,43600
23000,45600
24000,47600
25000,49600
26000,51600
27000,53600
28000,55600
29000,57600
30000,59600
31000,61600
32000,63600
33000,65600
34000,67600
35000,69600
36000,71600
37000,73600
38000,75600
39000,77600
40000,79600
41000,81600
42000,83600
43000,85600
44000,87600
45000,89600
46000,91600
47000,93600
48000,95600
49000,97600
50000,99600
51000,101600
52000,103600
53000,105600
54000,107600
55000,109600
56000,111600
57000,113600
58000,115600
59000,117600
60000,119600
61000,121600
62000,123600
63000,125600
64000,127600
65000,129600
66000,131600
67000,133600
68000,135600
69000,137600
70000,139600
71000,141600
72000,143600
73000,145600
74000,147600
75000,149600
76000,151600
77000,153600
78000,155600
79000,157600
80000,159600
81000,161600
82000,163600
83000,165600
84000,167600
85000,169600
86000,171600
87000,173600
88000,175600
89000,177600
90000,179600
91000,181600
92000,183600
93000,185600
94000,187600
95000,189600
96000,191600
97000,193600
98000,195600
99000,197600
100000,199600
101000,201600
102000,203600
103000,205600
104000,207600
105000,209600
106000,211600
107000,213600
108000,215600
109000,217600
110000,219600
111000,221600
112000,223600
113000,225600
114000,227600
115000,229600
116000,231600
117000,233600
118000,235600
119000,237600
120000,239600
121000,241600
122000,243600
123000,245600
124000,247600
125000,249600
126000,251600
127000,253600
128000,255600
129000,257600
130000,259600
131000,261600
132000,263600
133000,265600
134000,267600
135000,269600
136000,271600
137000,273600
138000,275600
139000,277600
140000,279600
141000,281600
142000,283600
143000,285600
144000,287600
145000,289600
146000,291600
147000,293600
148000,295600
149000,297600
150000,299600
151000,301600
152000,303600
153000,305600
154000,307600
155000,309600
156000,311600
157000,313600
158000,315600
159000,317600
160000,319600
161000,321600
162000,323600
163000,325600
164000,327600
165000,329600
166000,331600
167000,333600
168000,335600
169000,337600
170000,339600
171000,341600
172000,343600
173000,345600
174000,347600
175000,349600
176000,351600
177000,353600
178000,355600
179000,357600
180000,359600
181000,361600
182000,363600
183000,365600
184000,367600
185000,369600
186000,371600
187000,373600
188000,375600
189000,377600
190000,379600
191000,381600
192000,383600
193000,385600
194000,387600
195000,389600
196000,391600
197000,393600
198000,395600
199000,397600
200000,399600
201000,401600
202000,403600
203000,405600
204000,407600
205000,409600
206000,411600
207000,413600
208000,415600
209000,417600
210000,419600
211000,421600
212000,423600
213000,425600
214000,427600
215000,429600
216000,431600
217000,433600
218000,435600
219000,437600
220000,439600
221000,441600
222000,443600
223000,445600
224000,447600
225000,449600
226000,451600
227000,453600
228000,455600
229000,457600
230000,459600
231000,461600
232000,463600
233000,465600
234000,467600
235000,469600
236000,471600
237000,473600
238000,475600
239000,477600
240000,479600
241000,481600
242000,483600
243000,485600
244000,487600
245000,489600
246000,491600
247000,493600
248000,495600
249000,497600
250000,499600
251000,501600
252000,503600
253000,505600
254000,507600
255000,509600
256000,511600
257000,513600
258000,515600
259000,517600
260000,519600
261000,521600
262000,523600
263000,525600
264000,527600
265000,529600
266000,531600
267000,533600
268000,535600
269000,537600
270000,539600
271000,541600
272000,543600
273000,545600
274000,547600
275000,549600
276000,551600
277000,553600
278000,555600
279000,557600
280000,559600
281000,561600
282000,563600
283000,565600
284000,567600
285000,569600
286000,571600
287000,573600
288000,575600
289000,577600
290000,579600
291000,581600
292000,583600
293000,585600
294000,587600
295000,589600
296000,591600
297000,593600
298000,595600
299000,597600
300000,599600
301000,601600
302000,603600
303000,605600
304000,607600
305000,609600
306000,611600
307000,613600
308000,615600
309000,617600
310000,619600
311000,621600
312000,623600
313000,625600
314000,627600
315000,629600
316000,631600
317000,633600
318000,635600
319000,637600
320000,639600
321000,641600
322000,643600
323000,645600
324000,647600
325000,649600
326000,651600
327000,653600
328000,655600
329000,657600
330000,659600
331000,661600
332000,663600
333000,665600
334000,667600
335000,669600
336000,671600
337000,673600
338000,675600
339000,677600
340000,679600
341000,681600
342000,683600
343000,685600
344000,687600
345000,689600
346000,691600
347000,693600
348000,695600
349000,697600
350000,699600
351000,701600
352000,703600
353000,705600
354000,707600
355000,709600
356000,711600
357000,713600
358000,715600
359000,717600
360000,719600
361000,721600
362000,723600
363000,725600
364000,727600
365000,729600
366000,731600
367000,733600
368000,735600
369000,737600
370000,739600
371000,741600
372000,743600
373000,745600
374000,747600
375000,749600
376000,751600
377000,753600
378000,755600
379000,757600
380000,759600
381000,761600
382000,763600
383000,765600
384000,767600
385000,769600
386000,771600
387000,773600
388000,775600
389000,777600
390000,779600
391000,781600
392000,783600
393000,785600
394000,787600
395000,789600
396000,791600
397000,793600
398000,795600
399000,797600
400000,799600
401000,801600
402000,803600
403000,805600
404000,807600
405000,809600
406000,811600
407000,813600
408000,815600
409000,817600
410000,819600
411000,821600
412000,823600
413000,825600
414000,827600
415000,829600
416000,831600
417000,833600
418000,835600
419000,837600
420000,839600
421000,841600
422000,843600
423000,845600
424000,847600
425000,849600
426000,851600
427000,853600
428000,855600
429000,857600
430000,859600
431000,861600
432000,863600
433000,865600
434000,867600
435000,869600
436000,871600
437000,873600
438000,875600
439000,877600
440000,879600
441000,881600
442000,883600
443000,885600
444000,887600
445000,889600
446000,891600
447000,893600
448000,895600
449000,897600
450000,899600
451000,901600
452000,903600
453000,905600
454000,907600
455000,909600
456000,911600
457000,913600
458000,915600
459000,917600
460000,919600
461000,921600
462000,923600
463000,925600
464000,927600
465000,929600
466000,931600
467000,933600
468000,935600
469000,937600
470000,939600
471000,941600
472000,943600
473000,945600
474000,947600
475000,949600
476000,951600
477000,953600
478000,955600
479000,957600
480000,959600
481000,961600
482000,963600
483000,965600
484000,967600
485000,969600
486000,971600
487000,973600
488000,975600
489000,977600
490000,979600
491000,981600
492000,983600
493000,985600
494000,987600
495000,989600
496000,991600
497000,993600
498000,995600
499000,997600
500000,999600
501000,1001600
502000,1003600
503000,1005600
504000,1007600
505000,1009600
506000,1011600
507000,1013600
508000,1015600
509000,1017600
510000,1019600
511000,1021600
512000,1023600
513000,1025600
514000,1027600
515000,1029600
516000,1031600
517000,1033600
518000,1035600
519000,1037600
520000,1039600
521000,1041600
522000,1043600
523000,1045600
524000,1047600
525000,1049600
526000,1051600
527000,1053600
528000,1055600
529000,1057600
530000,1059600
531000,1061600
532000,1063600
533000,1065600
534000,1067600
535000,1069600
536000,1071600
537000,1073600
538000,1075600
539000,1077600
540000,1079600
541000,1081600
542000,1083600
543000,1085600
544000,1087600
545000,1089600
546000,1091600
547000,1093600
548000,1095600
549000,1097600
550000,1099600
551000,1101600
552000,1103600
553000,1105600
554000,1107600
555000,1109600
556000,1111600
557000,1113600
558000,1115600
559000,1117600
560000,1119600
561000,1121600
562000,1123600
563000,1125600
564000,1127600
565000,1129600
566000,1131600
567000,1133600
568000,1135600
569000,1137600
570000,1139600
571000,1141600
572000,1143600
573000,1145600
574000,1147600
575000,1149600
576000,1151600
577000,1153600
578000,1155600
579000,1157600
580000,1159600
581000,1161600
582000,1163600
583000,1165600
584000,1167600
585000,1169600
586000,1171600
587000,1173600
588000,1175600
589000,1177600
590000,1179600
591000,1181600
592000,1183600
593000,1185600
594000,1187600
595000,1189600
596000,1191600
597000,1193600
598000,1195600
599000,1197600
600000,1199600
601000,1201600
602000,1203600
603000,1205600
604000,1207600
605000,1209600
606000,1211600
607000,1213600
608000,1215600
609000,1217600
610000,1219600
611000,1221600
612000,1223600
613000,1225600
614000,1227600
615000,1229600
616000,1231600
617000,1233600
618000,1235600
619000,1237600
620000,1239600
621000,1241600
622000,1243600
623000,1245600
624000,1247600
625000,1249600
626000,1251600
627000,1253600
628000,1255600
629000,1257600
630000,1259600
631000,1261600
632000,1263600
633000,1265600
634000,1267600
635000,1269600
636000,1271600
637000,1273600
638000,1275600
639000,1277600
640000,1279600
641000,1281600
642000,1283600
643000,1285600
644000,1287600
645000,1289600
646000,1291600
647000,1293600
648000,1295600
649000,1297600
650000,1299600
651000,1301600
652000,1303600
653000,1305600
654000,1307600
655000,1309600
656000,1311600
657000,1313600
658000,1315600
659000,1317600
660000,1319600
661000,1321600
662000,1323600
663000,1325600
664000,1327600
665000,1329600
666000,1331600
667000,1333600
668000,1335600
669000,1337600
670000,1339600
671000,1341600
672000,1343600
673000,1345600
674000,1347600
675000,1349600
676000,1351600
677000,1353600
678000,1355600
679000,1357600
680000,1359600
681000,1361600
682000,1363600
683000,1365600
684000,1367600
685000,1369600
686000,1371600
687000,1373600
688000,1375600
689000,1377600
690000,1379600
691000,1381600
692000,1383600
693000,1385600
694000,1387600
695000,1389600
696000,1391600
697000,1393600
698000,1395600
699000,1397600
700000,1399600
701000,1401600
702000,1403600
703000,1405600
704000,1407600
705000,1409600
706000,1411600
707000,1413600
708000,1415600
709000,1417600
710000,1419600
711000,1421600
712000,1423600
713000,1425600
714000,1427600
715000,1429600
716000,1431600
717000,1433600
718000,1435600
719000,1437600
720000,1439600
721000,1441600
722000,1443600
723000,1445600
724000,1447600
725000,1449600
726000,1451600
727000,1453600
728000,1455600
729000,1457600
730000,1459600
731000,1461600
732000,1463600
733000,1465600
734000,1467600
735000,1469600
736000,1471600
737000,1473600
738000,1475600
739000,1477600
740000,1479600
741000,1481600
742000,1483600
743000,1485600
744000,1487600
745000,1489600
746000,1491600
747000,1493600
748000,1495600
749000,1497600
750000,1499600
751000,1501600
752000,1503600
753000,1505600
754000,1507600
755000,1509600
756000,1511600
757000,1513600
758000,1515600
759000,1517600
760000,1519600
761000,1521600
762000,1523600
763000,1525600
764000,1527600
765000,1529600
766000,1531600
767000,1533600
768000,1535600
769000,1537600
770000,1539600
771000,1541600
772000,1543600
773000,1545600
774000,1547600
775000,1549600
776000,1551600
777000,1553600
778000,1555600
779000,1557600
780000,1559600
781000,1561600
782000,1563600
783000,1565600
784000,1567600
785000,1569600
786000,1571600
787000,1573600
788000,1575600
789000,1577600
790000,1579600
791000,1581600
792000,1583600
793000,1585600
794000,1587600
795000,1589600
796000,1591600
797000,1593600
798000,1595600
799000,1597600
800000,1599600
801000,1601600
802000,1603600
803000,1605600
804000,1607600
805000,1609600
806000,1611600
807000,1613600
808000,1615600
