1000,0.05122682184446603
2000,0.051831924718701176
3000,0.05154019807066236
4000,0.05218334922468976
5000,0.05229860792557398
6000,0.051743419214697745
7000,0.05106514966224923
8000,0.050259215745310754
9000,0.04937157677274875
10000,0.04876673993255411
11000,0.048084684082789826
12000,0.04745624452371592
13000,0.04718174947993248
14000,0.04675033497556612
15000,0.046517538834942154
16000,0.046244017726777095
17000,0.04614470760238224
18000,0.04582707589921238
19000,0.04572794352846339
20000,0.04546965559182519
21000,0.04530174787326429
22000,0.045136679641030936
23000,0.04497542824359251
24000,0.044769897072834255
25000,0.044586068971247804
26000,0.04446665848453724
27000,0.04427944091252927
28000,0.044104074950417065
29000,0.04398006958136749
30000,0.04391980158546377
31000,0.04376108861262245
32000,0.04364341007891175
33000,0.04357008361002067
34000,0.043508744593323954
35000,0.04354920846961396
36000,0.04344056208628391
37000,0.043296851398696636
38000,0.043174145133456306
39000,0.04309526764902949
40000,0.042997911097435046
41000,0.042952890378906955
42000,0.04291807251991303
43000,0.04296247028880622
44000,0.042928287998632825
45000,0.04290712957507432
46000,0.042825694405372094
47000,0.04272566720023433
48000,0.04265421963487771
49000,0.04257182504592433
50000,0.042537752268686294
51000,0.04250653173066822
52000,0.042481044912351204
53000,0.042445442766289816
54000,0.042396410690364345
55000,0.042349013928188024
56000,0.04230953938925245
57000,0.042202663657904774
58000,0.04217471695862788
59000,0.04212529217542409
60000,0.042107249281515546
61000,0.04206516771993943
62000,0.04203979814467307
63000,0.0419751360899751
64000,0.04191674802417292
65000,0.0418395672222013
66000,0.04180435287889297
67000,0.04180892893499388
68000,0.041762303258429744
69000,0.04174637062533293
70000,0.041685624061122986
71000,0.04165334800964663
72000,0.04166277945281621
73000,0.04165314932726068
74000,0.04162499247665257
75000,0.04163039865670726
76000,0.04149335093889386
77000,0.04129679181209455
78000,0.04113343478211512
79000,0.04091946741286665
80000,0.040720218549482524
81000,0.04060509583881746
82000,0.04046110667226215
83000,0.040382854872072736
84000,0.04032983753209313
85000,0.04029403776054581
86000,0.04028385461121797
87000,0.04030480224577089
88000,0.04022523122715453
89000,0.04022393324536582
90000,0.040183773677796124
91000,0.04016634705041846
92000,0.04008634597435594
93000,0.040109994806349275
94000,0.0400834395972391
95000,0.04009758885080616
96000,0.040103674518565335
97000,0.040054512236267326
98000,0.040026328519607586
99000,0.04000889925037821
100000,0.03997513020721575
101000,0.039921720954899986
102000,0.039930312480777504
103000,0.039946250058089695
104000,0.03995264253951609
105000,0.03989958174154162
106000,0.03988286816390852
107000,0.03987198346635948
108000,0.03983767784604182
109000,0.03981466506390522
110000,0.039775386066176
111000,0.039771120012116926
112000,0.03978426774435987
113000,0.03978951011753331
114000,0.039768822491479415
115000,0.03976378938897202
116000,0.039706943235980965
117000,0.039644644799021383
118000,0.039563354601773126
119000,0.03951653172913939
120000,0.03948083884175867
121000,0.039506194789273044
122000,0.03954649597064902
123000,0.03960196930759897
124000,0.03959201162029058
125000,0.039562752913994095
126000,0.03955835659895092
127000,0.03953380674278984
128000,0.039548236737338205
129000,0.0395428483998403
130000,0.03951733711579194
131000,0.03946797491641094
132000,0.039506433540644745
133000,0.03948687486257404
134000,0.03948329027586927
135000,0.03946493918603907
136000,0.039475436531938614
137000,0.03945326384187987
138000,0.03948436222256472
139000,0.0395013221896564
140000,0.039524992011797926
141000,0.039489413320397335
142000,0.03944633799418807
143000,0.039461241103708744
144000,0.0394682620887955
145000,0.03944882888719439
146000,0.03946091819430391
147000,0.03940036497451365
148000,0.039333951125542325
149000,0.03929728075489402
150000,0.03923958627693355
151000,0.03921623053960502
152000,0.039208327115823824
153000,0.0391827756408602
154000,0.03920680414388577
155000,0.03921542982384563
156000,0.0391711085246255
157000,0.03918783659643183
158000,0.03923678928830971
159000,0.039262356302080054
160000,0.03928124465948592
161000,0.03927404383166383
162000,0.039176349934500955
163000,0.03921978716707478
164000,0.03918830040873339
165000,0.0391784155179436
166000,0.03917229839259138
167000,0.03917483264921854
168000,0.039097569254847864
169000,0.03904945659233878
170000,0.039039674223400656
171000,0.039023617385265726
172000,0.03901611400799205
173000,0.03899985381867736
174000,0.03898557772332181
175000,0.03895794884767383
176000,0.038947997048807644
177000,0.038940097181436914
178000,0.03893031411897391
179000,0.038909676952598
180000,0.0388831773136432
181000,0.03887759487486134
182000,0.03889089776823918
183000,0.038918449675043425
184000,0.03891887948786219
185000,0.038872231083611646
186000,0.03885899618392189
187000,0.03885747053287923
188000,0.038854011552408335
189000,0.03886774035853644
190000,0.038884740294267736
191000,0.038934327496836584
192000,0.03897187239180008
193000,0.0389746900331229
194000,0.039004050796230635
195000,0.03899450797773898
196000,0.03894211478779713
197000,0.03887134536852439
198000,0.03878163256247839
199000,0.038827489756047724
200000,0.03882925266896685
201000,0.03882817426758508
202000,0.038810892372702556
203000,0.03874895447678864
204000,0.03875210078371068
205000,0.038760303715243936
206000,0.03877248688476781
207000,0.03877819568229218
208000,0.038762787994618214
209000,0.03874500468870004
210000,0.03870955672735969
211000,0.038702255390584465
212000,0.038681305478016535
213000,0.038629646283263964
214000,0.03857978915361067
215000,0.03861711172138651
216000,0.038628985355918605
217000,0.03862472993011276
218000,0.03862609927697728
219000,0.03860141144413501
220000,0.038602547696170705
221000,0.038592312784555056
222000,0.03861786826917281
223000,0.03862584157753736
224000,0.038695016571320594
225000,0.038740215186961
226000,0.03875851114684095
227000,0.038786238722192744
228000,0.03878080270656695
229000,0.03874308433973541
230000,0.03870992121193558
231000,0.038711917526709536
232000,0.0386924550641949
233000,0.038596872693859044
234000,0.038597541388434665
235000,0.03854517826096465
236000,0.03853494565654546
237000,0.03858234680537134
238000,0.03855127854241679
239000,0.03852494131308049
240000,0.03849835508534064
241000,0.03847255977025876
242000,0.03845323693100363
243000,0.03847948383260518
244000,0.03848710166135182
245000,0.03844143993873149
246000,0.038379791593489546
247000,0.038402917338845634
248000,0.03840019975695759
249000,0.038415309329517186
250000,0.03850629902165383
251000,0.03850952687642226
252000,0.03849703189451247
253000,0.03842743830041339
254000,0.03839896565272163
255000,0.038410696690591675
256000,0.038404750472866
257000,0.03839832437317819
258000,0.03841838471684605
259000,0.038407686241281526
260000,0.038385172048273186
261000,0.03839101579692215
262000,0.038358859374187884
263000,0.03831538154402127
264000,0.03831333013965438
265000,0.03827483677895119
266000,0.038207692050995924
267000,0.03817468810236702
268000,0.03815383164118975
269000,0.03812676268350333
270000,0.03808260951843113
271000,0.03807297209308793
272000,0.03805817477374027
273000,0.0380558474327748
274000,0.03795347214707484
275000,0.037921708243899045
276000,0.03783260912851741
277000,0.03782235482800752
278000,0.037862983306559427
279000,0.037817235962487754
280000,0.03779474403243512
281000,0.037800079387612644
282000,0.03782744515407831
283000,0.037793768539093435
284000,0.03785788476808617
285000,0.03784635029453784
286000,0.03782063883822411
287000,0.037833261215748884
288000,0.03781920160818845
289000,0.03780202395003289
290000,0.03775696238968521
291000,0.03772060085367411
292000,0.03770562101248652
293000,0.03765136472384135
294000,0.03760310993591944
295000,0.03762637552122275
296000,0.03756346576102078
297000,0.03755115713303288
298000,0.03757696892755727
299000,0.037512133978307244
300000,0.037467069623370965
301000,0.03747608026737968
302000,0.03744839956114689
303000,0.03745790281829735
304000,0.03746827897801995
305000,0.03744129003770649
306000,0.037442169361437364
307000,0.037439825153599185
308000,0.037477340060596664
309000,0.03743659556594988
310000,0.03741268583014607
311000,0.03734723985133072
312000,0.037313136177758374
313000,0.03728288168460131
314000,0.03729765192233026
315000,0.03729278756802281
316000,0.03726883704960346
317000,0.03725725575971107
318000,0.03723205744971832
319000,0.03720675947951774
320000,0.0371942891087383
321000,0.03719589763320982
322000,0.03718331497348845
323000,0.03718948968189458
324000,0.03719623189916214
325000,0.03713292766610781
326000,0.03712706678422789
327000,0.03714424386061728
328000,0.03716199465468526
329000,0.03717800587726136
330000,0.03713261810565988
331000,0.037110424021879834
332000,0.03707716899986068
333000,0.036995724655066925
334000,0.03698855227294068
335000,0.03700567145645618
336000,0.03697961478618284
337000,0.036952555775642396
338000,0.03698366132502755
339000,0.03692358912030856
340000,0.036963436611617606
341000,0.037009217941512663
342000,0.037043101887529094
343000,0.037040074510499836
344000,0.037007593200231594
345000,0.03701885806272427
346000,0.03702319453873982
347000,0.03708739263098687
348000,0.03711925339729836
349000,0.03713878268469125
350000,0.037119444116639595
351000,0.03717752081124733
352000,0.037170513882922626
353000,0.03711372956602524
354000,0.037120159012886386
355000,0.03710859388268242
356000,0.0371090150832509
357000,0.037074318303726615
358000,0.037098570219861966
359000,0.03703003746612618
360000,0.03705198171641678
361000,0.03703942952149858
362000,0.03702472432423383
363000,0.03704126304915796
364000,0.037039396547091506
365000,0.03697411808278411
366000,0.03699213393063595
367000,0.036983091549016536
368000,0.03701415348953257
369000,0.03702315997115026
370000,0.037022032086116576
371000,0.0370382995683079
372000,0.037035712650977076
373000,0.03700272415174792
374000,0.037006565084370474
375000,0.03697957191026459
376000,0.03694882696773857
377000,0.03693679400254041
378000,0.03692004919641961
379000,0.03689685550238937
380000,0.036909716179904836
381000,0.036897013637858134
382000,0.03690801374210666
383000,0.0368909931279098
384000,0.03683054267149419
385000,0.03681344040638457
386000,0.03682598309622457
387000,0.03683405923998604
388000,0.03684139720754077
389000,0.03681314544907461
390000,0.03681534127860019
391000,0.036811291211284694
392000,0.036825086294052504
393000,0.03682983422062049
394000,0.036842972961875296
395000,0.0368160238492613
396000,0.036829991922092936
397000,0.03685007690110554
398000,0.03683575980613629
399000,0.03678612856194377
400000,0.03680621989009281
401000,0.036767595707128446
402000,0.03671721885787944
403000,0.036699732301756736
404000,0.036678185207769276
405000,0.0366952726074184
406000,0.03672058250165234
407000,0.03670226700697094
408000,0.03667129345269253
409000,0.03664170158126702
410000,0.036603827584224445
411000,0.036582041674293575
412000,0.03660767381296803
413000,0.03657824336985747
414000,0.036573189838478966
415000,0.036542462422512474
416000,0.03652027013308058
417000,0.036510309042719506
418000,0.03647342368556807
419000,0.03649662861569474
420000,0.03650418409922471
421000,0.036478704723219076
422000,0.036394807112092774
423000,0.03633690381670992
424000,0.03633132659830153
425000,0.03630266495856146
426000,0.036245359263693294
427000,0.03621818961327274
428000,0.03620039159121613
429000,0.03616896110090117
430000,0.03616077673000594
431000,0.0361269697882235
432000,0.03607205364728967
433000,0.0360559525291125
434000,0.036046525174131
435000,0.036043588757514955
436000,0.03601672019188603
437000,0.03600421214600404
438000,0.035984410924216115
439000,0.03600849322974682
440000,0.036046740372975665
441000,0.03604714479856193
442000,0.03602609893493354
443000,0.035985593177999056
444000,0.03596043253814181
445000,0.03595629221449296
446000,0.03600531356657545
447000,0.03599151184906562
448000,0.03599557235712807
449000,0.03596684803875784
450000,0.03597297657250116
451000,0.03594835280658056
452000,0.035921534659030536
453000,0.03592936140019447
454000,0.03592390582741549
455000,0.03592709898979714
456000,0.035916145038791
457000,0.03589693298718582
458000,0.03590746204399814
459000,0.03595261780017366
460000,0.03599019451594601
461000,0.0359588528862223
462000,0.03592817820577572
463000,0.0359280366403982
464000,0.03594019738615801
465000,0.03592614452075213
466000,0.03591229557463278
467000,0.03591167334870746
468000,0.035910724565697216
469000,0.035873399592625595
470000,0.035882181620535754
471000,0.03585878219921142
472000,0.03582088390892992
473000,0.035800267603869236
474000,0.03582749193099638
475000,0.035764719164619846
476000,0.03580098601989448
477000,0.03579474648522834
478000,0.03584530251659453
479000,0.03584034803695977
480000,0.03585445671373357
481000,0.035822140672865016
482000,0.03583995080397775
483000,0.035842134121494985
484000,0.035869582299453515
485000,0.03587316283676773
486000,0.035881176363366345
487000,0.03586603042203933
488000,0.03585957634449005
489000,0.03586196564634641
490000,0.035811478392221034
491000,0.03578013215617587
492000,0.03573780054940532
493000,0.0357771414409702
494000,0.035748293214477596
495000,0.03570878333505243
496000,0.03568450434785336
497000,0.03571857778262347
498000,0.03568992253672332
499000,0.03569202570275714
500000,0.03576154895344128
501000,0.035790754493015504
502000,0.03583256822979699
503000,0.03583746383866916
504000,0.03586790939761947
505000,0.03589232110449423
506000,0.03593137342265497
507000,0.035976977355467774
508000,0.03594367264366398
509000,0.035932122830611965
510000,0.03588340670460214
511000,0.03588520636068036
512000,0.03585307127827157
513000,0.03585367242898792
514000,0.035827949041190243
515000,0.03583715740373979
516000,0.03580530067067594
517000,0.03586734095929811
518000,0.03587865204457193
519000,0.035932218578023215
520000,0.03586825741299739
521000,0.03584996984805912
522000,0.03582248926255852
523000,0.035792908947604396
524000,0.03578851460727553
525000,0.03579391977035751
526000,0.03579472085926682
527000,0.035797298615487916
528000,0.0357979029295966
529000,0.03579222812969238
530000,0.03576416530739516
531000,0.03578380294609815
532000,0.03580386463645845
533000,0.03577133980796983
534000,0.03579700629195819
535000,0.035728857221392296
536000,0.035780221952435874
537000,0.035808119828191896
538000,0.03579526302870363
539000,0.03577817433731009
540000,0.03576631167003264
541000,0.035762185111952324
542000,0.035754069059776766
543000,0.03576280763403823
544000,0.0357873178133741
545000,0.03579166155525794
546000,0.03575897999387234
547000,0.03575357501612355
548000,0.03574281971063465
549000,0.03572489048695813
550000,0.03573241509590298
551000,0.03571230027793596
552000,0.035693249613357084
553000,0.03560165062764039
554000,0.035605525132579106
555000,0.03558633142678688
556000,0.03558759568476429
557000,0.03558451300766319
558000,0.03557896233256906
559000,0.035521132086403666
560000,0.035512702172311644
561000,0.03551883724797517
562000,0.03548662350171556
563000,0.0355259441488112
564000,0.03548539361016204
565000,0.03549769779884567
566000,0.03546038233209401
567000,0.03547364749169598
568000,0.03543202750043323
569000,0.035415062783596414
570000,0.035401905860441424
571000,0.035437137953626616
572000,0.03540407251287252
573000,0.03544703798213353
574000,0.03544720456656068
575000,0.035394497818934424
576000,0.03538197333086282
577000,0.03534659556703021
578000,0.035371535719372335
579000,0.03537867061390231
580000,0.035352915425474446
581000,0.035278282016515734
582000,0.03524140666611492
583000,0.035291067138314244
584000,0.03528853517211974
585000,0.03526403109853466
586000,0.03526372486415009
587000,0.03528708125092089
588000,0.03532100439444184
589000,0.035318451373527446
590000,0.03527350981657704
591000,0.035285816190143426
592000,0.0351765924145778
593000,0.03514624569565058
594000,0.03508395995323857
595000,0.035086717429260415
596000,0.035030075126017135
597000,0.03500887858805557
598000,0.03500103437465926
599000,0.03502337308631589
600000,0.03497369165625423
601000,0.03494710867634664
602000,0.03492091513890773
603000,0.034866781629932425
604000,0.03486947430949658
605000,0.03491023708910992
606000,0.0348624412904804
607000,0.03484301092320432
608000,0.0348350482598568
609000,0.034789549421829484
610000,0.03477951085846871
611000,0.03474556756857783
612000,0.03468203042292346
613000,0.03466724952527633
614000,0.03465127921073387
615000,0.034635562654895084
616000,0.034632703668437896
617000,0.03457315020853033
618000,0.034565026419547694
619000,0.03452513967112948
620000,0.034539981973357496
621000,0.03453830914292484
622000,0.03448631128203124
623000,0.03446676749518762
624000,0.03445388056306789
625000,0.03446619402834525
626000,0.03446052090606342
627000,0.034462627370841804
628000,0.0345047940639779
629000,0.034462322299989565
630000,0.03443159887722383
631000,0.03439972535862277
632000,0.034368733409171306
633000,0.034398490148906904
634000,0.03440103152642648
635000,0.03437527028781672
636000,0.03435491766345997
637000,0.034388200575485826
638000,0.03435541846851508
639000,0.03439327316172421
640000,0.03440689001294474
641000,0.03443567700187365
642000,0.03440048240311444
643000,0.03441065001487732
644000,0.034419516662756604
645000,0.03442089323016505
646000,0.034395706449945766
647000,0.03440549244172871
648000,0.0343829535258313
649000,0.034372064519052704
650000,0.034352416920786104
651000,0.03431048689348002
652000,0.034330885995800295
653000,0.034318887398267786
654000,0.03426765379620095
655000,0.03424555167152236
656000,0.03423805419759204
657000,0.03423285486518095
658000,0.03417248201773812
659000,0.03414800494319449
660000,0.03418482518413415
661000,0.03415826870221644
662000,0.03416601666466643
663000,0.034102483457885684
664000,0.034096452050842344
665000,0.034104760049221416
666000,0.03411205016293874
667000,0.03416149619066467
668000,0.03418515998714914
669000,0.034161438710677124
670000,0.03418477514976015
671000,0.03416023086104542
672000,0.03418546917444716
673000,0.03421772451357295
674000,0.034192622941918674
675000,0.03418655208094666
676000,0.034205322997954986
677000,0.03422165712621063
678000,0.03421962998341769
679000,0.03421048492472619
680000,0.03419344978686422
681000,0.03421218304242939
682000,0.03418152307563772
683000,0.034169136228971185
684000,0.03416575581301004
685000,0.0341926311350738
686000,0.03418376064207405
687000,0.034199085606572525
688000,0.03419971881713718
689000,0.03419509401203444
690000,0.034155000642252464
691000,0.034152232142475744
692000,0.03415781759315481
693000,0.03410348295699805
694000,0.03408216441826274
695000,0.034062564016940695
696000,0.03406133688334376
697000,0.03409170980161677
698000,0.034106665809638795
699000,0.03409335672824333
700000,0.03406839139480144
701000,0.034041224226045115
702000,0.03401899686983476
703000,0.0340329348075514
704000,0.03402492936110745
705000,0.03403864361749341
706000,0.03407358761286984
707000,0.034095602692725754
708000,0.03406731867386649
709000,0.034060672775221366
710000,0.03405052195644627
711000,0.034032557308363416
712000,0.03400279927595208
713000,0.03398738183484723
714000,0.033974034250093
715000,0.033939495145343244
716000,0.033954663436549404
717000,0.03393817881898334
718000,0.03394800225427995
719000,0.03393552710643659
720000,0.033954131994086006
721000,0.033966172627173365
722000,0.0339487003867204
723000,0.033956943242810664
724000,0.03391508966808518
725000,0.033923247075329226
726000,0.03395101071459552
727000,0.03390857812731216
728000,0.03385706000992408
729000,0.03385873515500377
730000,0.03386276526656002
731000,0.0338743849263216
732000,0.033881949950320026
733000,0.033926263188011944
734000,0.03391881546843797
735000,0.033879280445786815
736000,0.033896911785937844
737000,0.033881157373699046
738000,0.03388310463447124
739000,0.03388839077856392
740000,0.03388823346824696
741000,0.03385497644015898
742000,0.03383451861795038
743000,0.03380611736048013
744000,0.0338170886800314
745000,0.033786778970621524
746000,0.03381134930842866
747000,0.03377687348704785
748000,0.033730743312897785
749000,0.03368543374010672
750000,0.03367508213936041
751000,0.033623783686819175
752000,0.03358092979993671
753000,0.03359729162137955
754000,0.03359350074175745
755000,0.03356356414314359
756000,0.03354670883125315
757000,0.033539031878424184
758000,0.033524761872676515
759000,0.03350345906397949
760000,0.03346702744904906
761000,0.033467396075216434
762000,0.033456782875893015
763000,0.033442272757490475
764000,0.033431806412215034
765000,0.03347045910917223
766000,0.03345767831243575
767000,0.03346674540266394
768000,0.03345514388320347
769000,0.0334631894013534
770000,0.033459320875505606
771000,0.03347809274867177
772000,0.03343310480254392
773000,0.03341980976363023
774000,0.03339686926361173
775000,0.03334066085362186
776000,0.033343097150015336
777000,0.03336262030247599
778000,0.03330378558610876
779000,0.03330954559519887
780000,0.033262419941524665
781000,0.03321794445874791
782000,0.033187150658729174
783000,0.033173431248404085
784000,0.03316802215234687
785000,0.033176215789901715
786000,0.03313802426525702
787000,0.03313251766655594
788000,0.033091926237878704
789000,0.03307949395570904
790000,0.03306642792715381
791000,0.033020055087593696
792000,0.03302604224688063
793000,0.032985699494058884
794000,0.032962827294444046
795000,0.03298792784785231
796000,0.0329426994509995
797000,0.032939894090717035
798000,0.032914802896479765
799000,0.032918832191887
800000,0.032924016349948945
801000,0.03292355823672066
802000,0.032958485821572445
803000,0.03297099563324203
804000,0.03295793547077725
805000,0.032961727847345176
806000,0.032953851256829994
807000,0.03288930526655167
808000,0.03283427999261767
