1000,0.6751050872911015
2000,0.6264136420392603
3000,0.5462220162342369
4000,0.5537824777824116
5000,0.5051352741343222
6000,0.4857817159045668
7000,0.46334856415577175
8000,0.43971126397175037
9000,0.4406690406545747
10000,0.42254020004887033
11000,0.4135498860511996
12000,0.40415089575427565
13000,0.3954335527800715
14000,0.38872092110342343
15000,0.3884200159699158
16000,0.37863255155934783
17000,0.38910648480698307
18000,0.38231485987790514
19000,0.37538341317122775
20000,0.3732367956877203
21000,0.3698220499948915
22000,0.3769642229850584
23000,0.38638356370926075
24000,0.38041350899051773
25000,0.3779828775242356
26000,0.3776280597885466
27000,0.3777451895144018
28000,0.3771031278316837
29000,0.37477351687675575
30000,0.3690383111668094
31000,0.36505281998762523
32000,0.36002519267743915
33000,0.35934416776938893
34000,0.3568807834639575
35000,0.35088407227140334
36000,0.3493471358530173
37000,0.34564303842520877
38000,0.34235170091463596
39000,0.34016023546115737
40000,0.3359256060357725
41000,0.33510887614656754
42000,0.3305397996747563
43000,0.32587789023403624
44000,0.3255503880872683
45000,0.3218911913357203
46000,0.3185921598042172
47000,0.32153194950642405
48000,0.3185268646882176
49000,0.31947456895008197
50000,0.32109346497185304
51000,0.3197993731237678
52000,0.3176762591042175
53000,0.3152596649726238
54000,0.31576545734312933
55000,0.31436880068869405
56000,0.31696554531757426
57000,0.3150659228042472
58000,0.31551636539762007
59000,0.3164266939480636
60000,0.31783334025533216
61000,0.31566061019621766
62000,0.31288231079082457
63000,0.31432017555374003
64000,0.3138658804105746
65000,0.31189087924125425
66000,0.3097496713519938
67000,0.3079117899440323
68000,0.30887676031371986
69000,0.3094900884531613
70000,0.30759062095186707
71000,0.3093034101513612
72000,0.3094960636613763
73000,0.30942522725089333
74000,0.30951975980166657
75000,0.3091854883308941
76000,0.30818166589523666
77000,0.3082964207790517
78000,0.3074055435721037
79000,0.30572377767184633
80000,0.30388166837035085
81000,0.3034826235237583
82000,0.3041433389771072
83000,0.3017021843643448
84000,0.3005725569997501
85000,0.30139221378182246
86000,0.30239906741766903
87000,0.3011425360597846
88000,0.302907726961205
89000,0.3012190760769613
90000,0.30106024694616396
91000,0.29985485059062655
92000,0.2983965321251062
93000,0.29906379146289436
94000,0.2988493889473048
95000,0.2973905480893007
96000,0.29789835246083085
97000,0.2972641810812703
98000,0.29588812760514566
99000,0.29497312801633385
100000,0.2943792789499429
101000,0.294890590082916
102000,0.29561839610917173
103000,0.29515687221964515
104000,0.29486177782562756
105000,0.2934809175548479
106000,0.2962946443250585
107000,0.2949454015007415
108000,0.29591635678725076
109000,0.29543724263068377
110000,0.29486810454101686
111000,0.29392676309721355
112000,0.29458424726419696
113000,0.29444858223864395
114000,0.29361733196477646
115000,0.2923331726719615
116000,0.29336714788329354
117000,0.29254738779420064
118000,0.2943704408530595
119000,0.2934459848055334
120000,0.293346503440834
121000,0.29232686168701866
122000,0.2922916677395866
123000,0.2914733752942682
124000,0.2911123751871639
125000,0.29040974594986085
126000,0.2905684163527832
127000,0.29133900391546397
128000,0.292355420912376
129000,0.2917229490408718
130000,0.2905367076178009
131000,0.290401049917352
132000,0.2903765299040391
133000,0.289172804318082
134000,0.289239273191403
135000,0.289170614487003
136000,0.2898612247682911
137000,0.2890865358179126
138000,0.288468712341117
139000,0.2873597243360422
140000,0.28708171985335657
141000,0.2866002870308833
142000,0.28751801534675026
143000,0.28723348729374426
144000,0.2865839457649379
145000,0.2861165428105752
146000,0.28542691763325784
147000,0.28498643333165397
148000,0.28511507764486255
149000,0.2844862793193716
150000,0.28436130893350886
151000,0.28352026439877304
152000,0.28336983740805693
153000,0.2829822781082273
154000,0.28272468979900806
155000,0.2825407133526356
156000,0.282239207499345
157000,0.28335873765260056
158000,0.2830957797644845
159000,0.2824303632045234
160000,0.28150400492141514
161000,0.2816305919505037
162000,0.2812432267007839
163000,0.28054540530947053
164000,0.27999752768275527
165000,0.28014836877370736
166000,0.2797385323123497
167000,0.27944084236708133
168000,0.2786047734393133
169000,0.2786153373540938
170000,0.27821577335034353
171000,0.27816739429549775
172000,0.2776626239461651
173000,0.27728464692976046
174000,0.27757702542363033
175000,0.2779072455164761
176000,0.27774553214016623
177000,0.27700181297219667
178000,0.27674434229198336
179000,0.27749805881472506
180000,0.2780243989087948
181000,0.2774322734913272
182000,0.27823918133884235
183000,0.2782480183805422
184000,0.27759700603352705
185000,0.2772011357525583
186000,0.27752415907594435
187000,0.27726283769202187
188000,0.2766146730165904
189000,0.27593303756708276
190000,0.27659249590447094
191000,0.2758877516003508
192000,0.27530463709319364
193000,0.27491007468649703
194000,0.27454734085643856
195000,0.27455258512263686
196000,0.27464452885361273
197000,0.27444315524520646
198000,0.27460804918611054
199000,0.27441528452609615
200000,0.2740314752588607
201000,0.2738806495306975
202000,0.2750434334821728
203000,0.27484741232706433
204000,0.2756379435182164
205000,0.27532959074907243
206000,0.2748104796671002
207000,0.2744607873410775
208000,0.2745938126642313
209000,0.27386215464775215
210000,0.2745451792182376
211000,0.27448645765193125
212000,0.27436604617946586
213000,0.27468953231108767
214000,0.2755548428549168
215000,0.2751615484653468
216000,0.2748961637241055
217000,0.27473943339717705
218000,0.2748192479292597
219000,0.27565209963494797
220000,0.27578441702912376
221000,0.2758869148019531
222000,0.27601211329574515
223000,0.2772908465778823
224000,0.27657754489818404
225000,0.27648783900994295
226000,0.2762369122097308
227000,0.27609248504416606
228000,0.27504178797583584
229000,0.27497766441557225
230000,0.2748035134379554
231000,0.27503967309806915
232000,0.27443286179979126
233000,0.2736774517358366
234000,0.2729946457277844
235000,0.2728524385305792
236000,0.27268229291243096
237000,0.2726383838679721
238000,0.2725171544526472
239000,0.27244500265473
240000,0.2726448017090966
241000,0.2728393311766507
242000,0.27341946882771134
243000,0.2728185190064631
244000,0.2728825789614428
245000,0.27259374497636857
246000,0.27258409278209444
247000,0.27240134615094247
248000,0.2730080405017715
249000,0.2727259282669704
250000,0.27315382702285185
251000,0.2731307904540728
252000,0.2728619915510886
253000,0.2722279960116188
254000,0.27194738800900314
255000,0.27186946514501653
256000,0.2723718037124746
257000,0.27237667623823686
258000,0.272332778554146
259000,0.2729277329442208
260000,0.2724881011567331
261000,0.2730502614386785
262000,0.2728729378620391
263000,0.2724272855595164
264000,0.2726084287667396
265000,0.27233396938949767
266000,0.27196968139525096
267000,0.27159515406339424
268000,0.2716393486611991
269000,0.27176773602145454
270000,0.2715930055310823
271000,0.2713928714362157
272000,0.27125819512669525
273000,0.2713719241140662
274000,0.27138242753459463
275000,0.2712112461044182
276000,0.271052053892269
277000,0.271144299481468
278000,0.270953838481291
279000,0.27088705569880867
280000,0.270568512924321
281000,0.27044689031251756
282000,0.27036960415761746
283000,0.2701961133639629
284000,0.2702397338095354
285000,0.2700306224893477
286000,0.2701593964804116
287000,0.27011210646624123
288000,0.2700605051834679
289000,0.2702712247676451
290000,0.2701063697054536
291000,0.2698463230524058
292000,0.26974954504158494
293000,0.2696419995550566
294000,0.26963626398347335
295000,0.26927123306133544
296000,0.2688800632791312
297000,0.2683444041448494
298000,0.26815679772735385
299000,0.26836627903392934
300000,0.26856133333554916
301000,0.26792572794003294
302000,0.2676753260365588
303000,0.26739933365607205
304000,0.2668498817194644
305000,0.2669678628046734
306000,0.26673959714346207
307000,0.2667221429502458
308000,0.2664207142614885
309000,0.2661794978629267
310000,0.26628843367229366
311000,0.26616878319573184
312000,0.26659627929542584
313000,0.2659964106338977
314000,0.2657812953785849
315000,0.26588195269673487
316000,0.2654915515866583
317000,0.26600912179433944
318000,0.2658047359143069
319000,0.2657464805681364
320000,0.2653614533255834
321000,0.26548079822065235
322000,0.2655573166683975
323000,0.2658543028844564
324000,0.2660065863265059
325000,0.2660754072322748
326000,0.26569159224988864
327000,0.2654912504907962
328000,0.2651002599576173
329000,0.26549001076977125
330000,0.2650316569041356
331000,0.26491620624312534
332000,0.26518482216159994
333000,0.26553604297740757
334000,0.26523971028082766
335000,0.2649603082016045
336000,0.2647162202972515
337000,0.2649895709988291
338000,0.26486944325409445
339000,0.26459056601801423
340000,0.264740347243026
341000,0.2644709934674243
342000,0.26455206527964686
343000,0.26483298219455115
344000,0.2642429290412623
345000,0.2644898270003158
346000,0.264403313899736
347000,0.26446001355589455
348000,0.2640106831172343
349000,0.2641282068813881
350000,0.26397717274355287
351000,0.2638483042247288
352000,0.26401325597617903
353000,0.2645123516477396
354000,0.2641521538633068
355000,0.26374675273491094
356000,0.2635851454882887
357000,0.26353364555332437
358000,0.2630087537745716
359000,0.2627125056771378
360000,0.26246824608870767
361000,0.2623728368609539
362000,0.2624231111513548
363000,0.2623111185763326
364000,0.26234534259430364
365000,0.2621025502282819
366000,0.2621002565765609
367000,0.26207836040554455
368000,0.26170682705777054
369000,0.26145097305396314
370000,0.2617897916757042
371000,0.2614742849769207
372000,0.2611897019166532
373000,0.26126861327985346
374000,0.260906443164629
375000,0.26100745719901125
376000,0.2609702430796139
377000,0.2608266578919309
378000,0.2608963383551703
379000,0.26166585629396977
380000,0.26141326023480693
381000,0.26124673136181387
382000,0.26114442148999545
383000,0.2614544436182048
384000,0.2615078723247674
385000,0.26126701873900265
386000,0.2612240564660941
387000,0.2608555449503803
388000,0.26079061821455873
389000,0.26036017079658663
390000,0.2600517708433606
391000,0.26033635386587306
392000,0.26000878232482844
393000,0.2604612462664846
394000,0.2609367338402385
395000,0.26079842654255375
396000,0.26070613895200995
397000,0.2606084445252455
398000,0.2611110823221708
399000,0.2614242911440066
400000,0.26134141890708174
401000,0.26167470038056867
402000,0.2615343168746558
403000,0.2612839162237732
404000,0.2610672923622783
405000,0.26105734185128726
406000,0.26117736361044874
407000,0.26075864790777914
408000,0.2605907467795415
409000,0.26031184887972375
410000,0.26050920317278525
411000,0.26088362101627743
412000,0.26100640874994596
413000,0.2606954388843111
414000,0.26076026874524844
415000,0.26069632830344225
416000,0.2607940310822911
417000,0.2605605007993882
418000,0.2604886494310076
419000,0.26045229889448834
420000,0.260143040318107
421000,0.2600087098456298
422000,0.25959114500262115
423000,0.25942645370928846
424000,0.25931620412851053
425000,0.2595083034777924
426000,0.2591796782898726
427000,0.25901415838334
428000,0.2591339576127036
429000,0.2588480029062648
430000,0.258839869873856
431000,0.25911403663331894
432000,0.2587972222434694
433000,0.25944256735693444
434000,0.25937571119458686
435000,0.25911778515585104
436000,0.2588689235592808
437000,0.25925068557784015
438000,0.25952880014090157
439000,0.25937899708088147
440000,0.25924764251343424
441000,0.2590853155645771
442000,0.2591932984546156
443000,0.2589854601101029
444000,0.25893705560836666
445000,0.25888655700307067
446000,0.2589283175351629
447000,0.2587225764729199
448000,0.25863805586491345
449000,0.25877922930074354
450000,0.2585609100788798
451000,0.2583953598290858
452000,0.2581135780836881
453000,0.25792372851513384
454000,0.2581892764979081
455000,0.2580668792961912
456000,0.25813184724889043
457000,0.25799222015710305
458000,0.2577329093920526
459000,0.2574391742600174
460000,0.25730818394818117
461000,0.25751601125159257
462000,0.25786991768494283
463000,0.2582891761281158
464000,0.25832135593088545
465000,0.2583658306029687
466000,0.2585668054176736
467000,0.25841127485553606
468000,0.25834344389863695
469000,0.258194498325833
470000,0.2580209655935444
471000,0.257784361730306
472000,0.2578984374660473
473000,0.25777142153697585
474000,0.2576674395822632
475000,0.2575921777740612
476000,0.25739601542373747
477000,0.2573289372135105
478000,0.25738525896415065
479000,0.25768979436682826
480000,0.25776397012281954
481000,0.25752395777642784
482000,0.25747720981829564
483000,0.2574748857772622
484000,0.2574940218116826
485000,0.2574738566611267
486000,0.25756809452588797
487000,0.25739584552784894
488000,0.2573481043041297
489000,0.25748388557869156
490000,0.2573562794852501
491000,0.25736175388972643
492000,0.25708867363024834
493000,0.2569050507524446
494000,0.25672847787046726
495000,0.2566406233012234
496000,0.2566403040240203
497000,0.2566808232769836
498000,0.25653678320850315
499000,0.2562986091113612
500000,0.25625430540643374
501000,0.25527528032760965
502000,0.25500360321385523
503000,0.2549078804507383
504000,0.2540195391523768
505000,0.2538660718780572
506000,0.25338762110132823
507000,0.2530771976153213
508000,0.2528786470597161
509000,0.2525337106338476
510000,0.2522288767412274
511000,0.25225959387318814
512000,0.2523681923683355
513000,0.25228006031526123
514000,0.25219582859548556
515000,0.25181720640879
516000,0.25182649364885945
517000,0.2509049384469286
518000,0.25084257588022985
519000,0.2508468191477039
520000,0.2506934622586539
521000,0.2503061489312731
522000,0.250008588614193
523000,0.2491903908329184
524000,0.24940172027638727
525000,0.24928843502401224
526000,0.2490135736438358
527000,0.2487295956869492
528000,0.24870496833073052
529000,0.2490257979203145
530000,0.24912525196343568
531000,0.24903373379463442
532000,0.24940139174317547
533000,0.2493305596709689
534000,0.24952650053019051
535000,0.2498396225250705
536000,0.2496734253929123
537000,0.2500623598866327
538000,0.249928774113178
539000,0.24973823962430852
540000,0.2498150642142306
541000,0.2494904461790455
542000,0.24941368245267723
543000,0.24967458069659978
544000,0.24991335431082443
545000,0.2500430525468069
546000,0.2502963586809646
547000,0.2496400216580373
548000,0.24981404780560598
549000,0.24938092121878508
550000,0.24909299039619429
551000,0.24892074275463466
552000,0.24946295032038515
553000,0.24946786578474484
554000,0.24915885226703555
555000,0.24916707174049008
556000,0.2484868595474938
557000,0.24850096025094331
558000,0.248174140448655
559000,0.2476569047409233
560000,0.24713612384019307
561000,0.24736810894445574
562000,0.2473770451317916
563000,0.24715632599480006
564000,0.24689883355438141
565000,0.24713156435341588
566000,0.24700029838342863
567000,0.24713653824795592
568000,0.24679517346208385
569000,0.24682152987711733
570000,0.24677347439245437
571000,0.24644821234763198
572000,0.24650712562542548
573000,0.2462449487597116
574000,0.24631545711921862
575000,0.24659678389565598
576000,0.24662631287034664
577000,0.24648923207433637
578000,0.24650856389653528
579000,0.24648314637540544
580000,0.24653394220119307
581000,0.2464629873158876
582000,0.24630416649785986
583000,0.24632066121056787
584000,0.24616412474263535
585000,0.24594121253747597
586000,0.2458383236277392
587000,0.2458730304370682
588000,0.24552694425210034
589000,0.2456827930905426
590000,0.2453500620369172
591000,0.24532308714024684
592000,0.24557826291918408
593000,0.24524779596619056
594000,0.2450239699101424
595000,0.2451099396214674
596000,0.24507046817648862
597000,0.24500209189033886
598000,0.24516258299084528
599000,0.24537661424691265
600000,0.24526259512997553
601000,0.2449262206677629
602000,0.24445503090804996
603000,0.24437985815733418
604000,0.24416987393829026
605000,0.2442856449338781
606000,0.2435161467441646
607000,0.2435803955835665
608000,0.24350944964083274
609000,0.24334640529903018
610000,0.24317461705149468
611000,0.24350883556486888
612000,0.2434558248132692
613000,0.24322251513614332
614000,0.24333009848363482
615000,0.24328335922977973
616000,0.24310410337108998
617000,0.24298611024854935
618000,0.24231649838179434
619000,0.24237473014974412
620000,0.24204401325266253
621000,0.24252006701685042
622000,0.24247406262212234
623000,0.2426442028116209
624000,0.24241305202575777
625000,0.2423453617532202
626000,0.24192493058915449
627000,0.24169907282702752
628000,0.24167753990979754
629000,0.24149810448645823
630000,0.2417462284076706
631000,0.24149048051663427
632000,0.24130404799194816
633000,0.2418483114043306
634000,0.24193015266973736
635000,0.24201285472775252
636000,0.24196124070373257
637000,0.24188170705298548
638000,0.2416357795300254
639000,0.24194065780314242
640000,0.2418207642588366
641000,0.24187693196669652
642000,0.24141900502899843
643000,0.24138268443651095
644000,0.24151368809967602
645000,0.2413870287925459
646000,0.24163793491533797
647000,0.24162002656177592
648000,0.24125281979897695
649000,0.2415810642455004
650000,0.24136360261754294
651000,0.24131304518011265
652000,0.2410314671832687
653000,0.24095208806261467
654000,0.24075440891827798
655000,0.2405891505407024
656000,0.24054556967963917
657000,0.24027852665885238
658000,0.2406028609344984
659000,0.24057886638257678
660000,0.24106165568131377
661000,0.24067513585530534
662000,0.24066302014371235
663000,0.24091292130783923
664000,0.2410873921073561
665000,0.24092394360153313
666000,0.2414341929175328
667000,0.2414848457447746
668000,0.24160548850643296
669000,0.2413677272616962
670000,0.24125859165529182
671000,0.24124857954046947
672000,0.24122339013503524
673000,0.2413378633780487
674000,0.24100378591811308
675000,0.2405952389416986
676000,0.2403288953564549
677000,0.2403082702075757
678000,0.24008162067150188
679000,0.23975336215442966
680000,0.2394465214407589
681000,0.2394151050073535
682000,0.23902935648162948
683000,0.2389267101171915
684000,0.23923756765122897
685000,0.23922002054382915
686000,0.23915794602771703
687000,0.23920982545772268
688000,0.23928732551401066
689000,0.23927144646939688
690000,0.23899306672728735
691000,0.23915660888093088
692000,0.2393268711183104
693000,0.23942161552079844
694000,0.23949939693169608
695000,0.2393677890957709
696000,0.23924451179373776
697000,0.23931015167805322
698000,0.23936244306083226
699000,0.23959108654042735
700000,0.23973289931317635
701000,0.23968627161843806
702000,0.23952453251651154
703000,0.2394161931367309
704000,0.2390345531221968
705000,0.23941924466853223
706000,0.23981715150925975
707000,0.23965272893293282
708000,0.23935658255783906
709000,0.23959073377300874
710000,0.2390747964335996
711000,0.23886970371556354
712000,0.2385177468457252
713000,0.23810094938505785
714000,0.23765037930920926
715000,0.23783999984129608
716000,0.2380377885244153
717000,0.23800602082410477
718000,0.23773230211122268
719000,0.2371310826763015
720000,0.23695033134127524
721000,0.23669445346088405
722000,0.2363576192665068
723000,0.23576483139195498
724000,0.23583738598422554
725000,0.23549381102676534
726000,0.23565563661679353
727000,0.23548160419815764
728000,0.23579340581785127
729000,0.23556165942609833
730000,0.2354925188019588
731000,0.23546611948723883
732000,0.23562273880181955
733000,0.23565194670450787
734000,0.23583179608445334
735000,0.23577095200316553
736000,0.23551251927519642
737000,0.23547245610646259
738000,0.23562921599130532
739000,0.23559281475989374
740000,0.23526642303480574
741000,0.23504508420435263
742000,0.23466771549595442
743000,0.23506054652510971
744000,0.23475828932493745
745000,0.23481187346740476
746000,0.23489469433051646
747000,0.23474468876177343
748000,0.2343691909028315
749000,0.23419295133450418
750000,0.23372871764804296
751000,0.23396332209879828
752000,0.2338929430403179
753000,0.23439608950346819
754000,0.2342956414954709
755000,0.2342154176715303
756000,0.23399524708348599
757000,0.23373829556327383
758000,0.23360267252578387
759000,0.23305581908347311
760000,0.23314341708054107
761000,0.23280177193383997
762000,0.2327620045081504
763000,0.23302698534634034
764000,0.2326674563294443
765000,0.23299055955721032
766000,0.2330085335836543
767000,0.23292201754425418
768000,0.23292615775375153
769000,0.23291246006392952
770000,0.23275984530741217
771000,0.23272316774810178
772000,0.2328932570785301
773000,0.23296598643547117
774000,0.2326056759290598
775000,0.232538055884799
776000,0.2324850893644587
777000,0.2324298183891232
778000,0.23227936319926995
779000,0.23214883855467552
780000,0.23208960572635748
781000,0.231995323176995
782000,0.23207089515122398
