1000,-1.0
2000,-0.9
3000,-0.9
4000,-0.9500000000000001
5000,-0.8800000000000001
6000,-0.7333333333333334
7000,-0.7142857142857143
8000,-0.675
9000,-0.6555555555555556
10000,-0.62
11000,-0.6454545454545455
12000,-0.5916666666666667
13000,-0.5461538461538462
14000,-0.5214285714285715
15000,-0.5400000000000001
16000,-0.54375
17000,-0.5470588235294117
18000,-0.5444444444444444
19000,-0.5157894736842105
20000,-0.4999999999999999
21000,-0.45
22000,-0.425
23000,-0.37
24000,-0.335
25000,-0.29500000000000004
26000,-0.30500000000000005
27000,-0.28500000000000003
28000,-0.255
29000,-0.24500000000000002
30000,-0.24000000000000005
31000,-0.19499999999999998
32000,-0.205
33000,-0.21500000000000002
34000,-0.18500000000000003
35000,-0.14500000000000002
36000,-0.09500000000000001
37000,-0.085
38000,-0.05000000000000001
39000,-0.08
40000,-0.06999999999999999
41000,-0.1
42000,-0.11499999999999999
43000,-0.145
44000,-0.145
45000,-0.18
46000,-0.185
47000,-0.175
48000,-0.15499999999999997
49000,-0.15
50000,-0.13
51000,-0.12
52000,-0.10999999999999999
53000,-0.06999999999999999
54000,-0.08499999999999996
55000,-0.06500000000000002
56000,-0.10999999999999999
57000,-0.09999999999999999
58000,-0.125
59000,-0.075
60000,-0.075
61000,-0.025
62000,-0.005000000000000002
63000,-0.009999999999999995
64000,0.015000000000000008
65000,0.08
66000,0.09
67000,0.1
68000,0.065
69000,0.07499999999999998
70000,0.05500000000000001
71000,0.045000000000000005
72000,0.045000000000000005
73000,0.00500000000000001
74000,0.010000000000000009
75000,-0.02499999999999999
76000,8.326672684688674e-18
77000,0.02000000000000001
78000,0.025000000000000012
79000,0.035
80000,0.075
81000,0.065
82000,0.10500000000000001
83000,0.13
84000,0.145
85000,0.14500000000000002
86000,0.15
87000,0.15
88000,0.17500000000000002
89000,0.195
90000,0.24500000000000002
91000,0.24499999999999997
92000,0.24500000000000002
93000,0.28500000000000003
94000,0.28500000000000003
95000,0.31
96000,0.29999999999999993
97000,0.29
98000,0.32
99000,0.29
100000,0.25
101000,0.28
102000,0.27
103000,0.29000000000000004
104000,0.32000000000000006
105000,0.30000000000000004
106000,0.33
107000,0.31
108000,0.31
109000,0.31
110000,0.265
111000,0.275
112000,0.29000000000000004
113000,0.2700000000000001
114000,0.26
115000,0.29
116000,0.32
117000,0.3400000000000001
118000,0.3400000000000001
119000,0.3750000000000001
120000,0.4050000000000001
121000,0.395
122000,0.365
123000,0.365
124000,0.305
125000,0.31
126000,0.28500000000000003
127000,0.295
128000,0.29500000000000004
129000,0.29500000000000004
130000,0.3
131000,0.31000000000000005
132000,0.30500000000000005
133000,0.30500000000000005
134000,0.32500000000000007
135000,0.30500000000000005
136000,0.30500000000000005
137000,0.30500000000000005
138000,0.31500000000000006
139000,0.26
140000,0.215
141000,0.205
142000,0.21999999999999997
143000,0.21000000000000002
144000,0.24000000000000005
145000,0.24500000000000002
146000,0.25
147000,0.27999999999999997
148000,0.25999999999999995
149000,0.27999999999999997
150000,0.25999999999999995
151000,0.26999999999999996
152000,0.27999999999999997
153000,0.27
154000,0.27999999999999997
155000,0.29
156000,0.27999999999999997
157000,0.26999999999999996
158000,0.24
159000,0.29500000000000004
160000,0.33
161000,0.3
162000,0.29500000000000004
163000,0.30500000000000005
164000,0.30500000000000005
165000,0.30500000000000005
166000,0.325
167000,0.33499999999999996
168000,0.3499999999999999
169000,0.32499999999999996
170000,0.365
171000,0.35500000000000004
172000,0.35
173000,0.34
174000,0.325
175000,0.305
176000,0.315
177000,0.325
178000,0.35000000000000003
179000,0.30500000000000005
180000,0.315
181000,0.31499999999999995
182000,0.31499999999999995
183000,0.315
184000,0.325
185000,0.325
186000,0.305
187000,0.295
188000,0.3
189000,0.29
190000,0.29999999999999993
191000,0.30999999999999994
192000,0.31499999999999995
193000,0.34500000000000003
194000,0.35
195000,0.36000000000000004
196000,0.34
197000,0.32
198000,0.29500000000000004
199000,0.355
200000,0.355
201000,0.385
202000,0.4149999999999999
203000,0.425
204000,0.425
205000,0.42499999999999993
206000,0.42499999999999993
207000,0.43499999999999994
208000,0.44000000000000006
209000,0.45500000000000007
210000,0.4450000000000001
211000,0.43500000000000005
212000,0.425
213000,0.41500000000000004
214000,0.3950000000000001
215000,0.41500000000000004
216000,0.445
217000,0.48500000000000004
218000,0.5050000000000001
219000,0.4750000000000001
220000,0.4750000000000001
221000,0.4950000000000001
222000,0.48500000000000004
223000,0.4450000000000001
224000,0.41500000000000015
225000,0.4050000000000001
226000,0.395
227000,0.35500000000000004
228000,0.34
229000,0.35000000000000003
230000,0.36
231000,0.39
232000,0.39
233000,0.43000000000000005
234000,0.4600000000000001
235000,0.42000000000000004
236000,0.39
237000,0.36
238000,0.31999999999999995
239000,0.30999999999999994
240000,0.30999999999999994
241000,0.29
242000,0.29000000000000004
243000,0.32999999999999996
244000,0.34
245000,0.32
246000,0.36
247000,0.39
248000,0.40499999999999997
249000,0.38999999999999996
250000,0.38
251000,0.37
252000,0.36
253000,0.33
254000,0.31000000000000005
255000,0.31
256000,0.33999999999999997
257000,0.35000000000000003
258000,0.39
259000,0.4050000000000001
260000,0.40499999999999997
261000,0.43500000000000005
262000,0.445
263000,0.445
264000,0.45499999999999996
265000,0.445
266000,0.43499999999999994
267000,0.43500000000000005
268000,0.41999999999999993
269000,0.41499999999999987
270000,0.38499999999999995
271000,0.39499999999999996
272000,0.41500000000000004
273000,0.425
274000,0.43500000000000005
275000,0.45500000000000007
276000,0.465
277000,0.445
278000,0.4250000000000001
279000,0.43
280000,0.40499999999999997
281000,0.355
282000,0.335
283000,0.30500000000000005
284000,0.29500000000000004
285000,0.32500000000000007
286000,0.2900000000000001
287000,0.30500000000000005
288000,0.30500000000000005
289000,0.29500000000000004
290000,0.335
291000,0.325
292000,0.325
293000,0.315
294000,0.30500000000000005
295000,0.30500000000000005
296000,0.2750000000000001
297000,0.31000000000000005
298000,0.33000000000000007
299000,0.31000000000000005
300000,0.31500000000000006
301000,0.35500000000000004
302000,0.3650000000000001
303000,0.37500000000000006
304000,0.37500000000000006
305000,0.38500000000000006
306000,0.41000000000000003
307000,0.395
308000,0.4149999999999999
309000,0.445
310000,0.42499999999999993
311000,0.385
312000,0.39499999999999996
313000,0.385
314000,0.39499999999999996
315000,0.395
316000,0.395
317000,0.3450000000000001
318000,0.36500000000000005
319000,0.385
320000,0.395
321000,0.36500000000000005
322000,0.335
323000,0.32500000000000007
324000,0.3350000000000001
325000,0.32500000000000007
326000,0.32500000000000007
327000,0.28500000000000003
328000,0.26
329000,0.265
330000,0.255
331000,0.28500000000000003
332000,0.25999999999999995
333000,0.26
334000,0.26
335000,0.25
336000,0.27
337000,0.315
338000,0.30499999999999994
339000,0.31499999999999995
340000,0.265
341000,0.265
342000,0.29500000000000004
343000,0.32500000000000007
344000,0.32500000000000007
345000,0.305
346000,0.285
347000,0.29500000000000004
348000,0.32999999999999996
349000,0.33499999999999996
350000,0.36499999999999994
351000,0.355
352000,0.35
353000,0.38
354000,0.38
355000,0.4
356000,0.41
357000,0.41000000000000003
358000,0.36999999999999994
359000,0.32999999999999996
360000,0.365
361000,0.39499999999999996
362000,0.40499999999999997
363000,0.37499999999999994
364000,0.375
365000,0.395
366000,0.41500000000000004
367000,0.43500000000000005
368000,0.3950000000000001
369000,0.3750000000000001
370000,0.36500000000000005
371000,0.3400000000000001
372000,0.37000000000000005
373000,0.3500000000000001
374000,0.35000000000000003
375000,0.335
376000,0.28500000000000003
377000,0.265
378000,0.325
379000,0.34500000000000003
380000,0.35000000000000003
381000,0.34
382000,0.33999999999999997
383000,0.37
384000,0.36
385000,0.37
386000,0.37999999999999995
387000,0.34500000000000003
388000,0.365
389000,0.325
390000,0.32500000000000007
391000,0.35000000000000003
392000,0.34
393000,0.36000000000000004
394000,0.34
395000,0.34500000000000003
396000,0.36500000000000005
397000,0.385
398000,0.365
399000,0.37499999999999994
400000,0.3949999999999999
401000,0.38499999999999995
402000,0.365
403000,0.35500000000000004
404000,0.37500000000000006
405000,0.385
406000,0.35500000000000004
407000,0.39999999999999997
408000,0.41
409000,0.47000000000000003
410000,0.47000000000000003
411000,0.47000000000000003
412000,0.4900000000000001
413000,0.46500000000000014
414000,0.48000000000000015
415000,0.48000000000000015
416000,0.4900000000000001
417000,0.4700000000000001
418000,0.44000000000000006
419000,0.41999999999999993
420000,0.4
421000,0.37
422000,0.38
423000,0.39
424000,0.38
425000,0.37
426000,0.39
427000,0.4
428000,0.36
429000,0.33
430000,0.32
431000,0.31
432000,0.25000000000000006
433000,0.27499999999999997
434000,0.2899999999999999
435000,0.31999999999999995
436000,0.32999999999999996
437000,0.32999999999999996
438000,0.32
439000,0.33499999999999996
440000,0.325
441000,0.355
442000,0.3350000000000001
443000,0.325
444000,0.335
445000,0.33499999999999996
446000,0.325
447000,0.30500000000000005
448000,0.31500000000000006
449000,0.32500000000000007
450000,0.34500000000000003
451000,0.385
452000,0.45000000000000007
453000,0.41
454000,0.4
455000,0.35
456000,0.32
457000,0.35
458000,0.37
459000,0.34500000000000003
460000,0.35500000000000004
461000,0.34500000000000003
462000,0.35500000000000004
463000,0.35500000000000004
464000,0.34500000000000003
465000,0.32500000000000007
466000,0.3350000000000001
467000,0.34500000000000003
468000,0.33499999999999996
469000,0.315
470000,0.29500000000000004
471000,0.28
472000,0.265
473000,0.27999999999999997
474000,0.28
475000,0.29
476000,0.29000000000000004
477000,0.28
478000,0.27
479000,0.27999999999999997
480000,0.3
481000,0.32999999999999996
482000,0.34
483000,0.31999999999999995
484000,0.3
485000,0.295
486000,0.315
487000,0.27999999999999997
488000,0.31
489000,0.33999999999999997
490000,0.35000000000000003
491000,0.32500000000000007
492000,0.31500000000000006
493000,0.31000000000000005
494000,0.33
495000,0.35
496000,0.39
497000,0.39999999999999997
498000,0.43
499000,0.445
500000,0.45500000000000007
501000,0.43500000000000005
502000,0.42499999999999993
503000,0.44499999999999995
504000,0.465
505000,0.5
506000,0.4600000000000001
507000,0.49000000000000005
508000,0.48
509000,0.45999999999999996
510000,0.48
511000,0.48500000000000004
512000,0.48500000000000004
513000,0.4750000000000001
514000,0.445
515000,0.42499999999999993
516000,0.38500000000000006
517000,0.34500000000000003
518000,0.345
519000,0.355
520000,0.345
521000,0.3549999999999999
522000,0.355
523000,0.36499999999999994
524000,0.37499999999999994
525000,0.355
526000,0.38499999999999995
527000,0.39999999999999997
528000,0.38
529000,0.39999999999999997
530000,0.39999999999999997
531000,0.40499999999999997
532000,0.425
533000,0.445
534000,0.45500000000000007
535000,0.465
536000,0.495
537000,0.54
538000,0.54
539000,0.55
540000,0.55
541000,0.54
542000,0.55
543000,0.55
544000,0.545
545000,0.5549999999999999
546000,0.5349999999999999
547000,0.5049999999999999
548000,0.5249999999999999
549000,0.5049999999999999
550000,0.4749999999999999
551000,0.4749999999999999
552000,0.46499999999999997
553000,0.445
554000,0.46500000000000014
555000,0.475
556000,0.45499999999999996
557000,0.4149999999999999
558000,0.4
559000,0.365
560000,0.35
561000,0.36
562000,0.375
563000,0.395
564000,0.39
565000,0.41
566000,0.42000000000000004
567000,0.43000000000000005
568000,0.45
569000,0.47000000000000003
570000,0.48999999999999994
571000,0.48999999999999994
572000,0.51
573000,0.5199999999999999
574000,0.48
575000,0.4499999999999999
576000,0.48
577000,0.495
578000,0.51
579000,0.52
580000,0.525
581000,0.535
582000,0.5400000000000001
583000,0.52
584000,0.5200000000000001
585000,0.48500000000000004
586000,0.515
587000,0.535
588000,0.515
589000,0.525
590000,0.535
591000,0.545
592000,0.53
593000,0.55
594000,0.57
595000,0.59
596000,0.5700000000000001
597000,0.5800000000000001
598000,0.5900000000000001
599000,0.6100000000000001
600000,0.6300000000000001
601000,0.62
602000,0.6200000000000001
603000,0.6
604000,0.63
605000,0.6050000000000001
606000,0.5750000000000001
607000,0.555
608000,0.5650000000000002
609000,0.5650000000000002
610000,0.5450000000000002
611000,0.535
612000,0.51
613000,0.51
614000,0.5199999999999999
615000,0.52
616000,0.51
617000,0.52
618000,0.525
619000,0.5050000000000001
620000,0.5050000000000001
621000,0.5200000000000001
622000,0.5000000000000001
623000,0.4950000000000001
624000,0.445
625000,0.45499999999999996
626000,0.45500000000000007
627000,0.4750000000000001
628000,0.4750000000000001
629000,0.465
630000,0.4499999999999999
631000,0.45999999999999996
632000,0.45999999999999996
633000,0.45
634000,0.44000000000000006
635000,0.43
636000,0.45
637000,0.45000000000000007
638000,0.43999999999999995
639000,0.45
640000,0.43999999999999995
641000,0.425
642000,0.42499999999999993
643000,0.42000000000000004
644000,0.43999999999999995
645000,0.45
646000,0.45999999999999985
647000,0.44000000000000006
648000,0.4299999999999999
649000,0.41
650000,0.425
651000,0.40499999999999997
652000,0.395
653000,0.4050000000000001
654000,0.40499999999999997
655000,0.445
656000,0.425
657000,0.375
658000,0.37
659000,0.36
660000,0.33999999999999997
661000,0.33999999999999997
662000,0.36
663000,0.37
664000,0.37
665000,0.37
666000,0.35000000000000003
667000,0.3400000000000001
668000,0.36
669000,0.36
670000,0.36000000000000004
671000,0.39
672000,0.42000000000000004
673000,0.39499999999999996
674000,0.40499999999999997
675000,0.375
676000,0.365
677000,0.40499999999999997
678000,0.41500000000000004
679000,0.425
680000,0.45500000000000007
681000,0.45499999999999996
682000,0.445
683000,0.45499999999999996
684000,0.44499999999999995
685000,0.475
686000,0.4749999999999999
687000,0.4999999999999999
688000,0.4999999999999999
689000,0.5299999999999999
690000,0.53
691000,0.53
692000,0.5200000000000001
693000,0.535
694000,0.5200000000000001
695000,0.52
696000,0.5600000000000002
697000,0.55
698000,0.52
699000,0.51
700000,0.52
701000,0.5199999999999999
702000,0.51
703000,0.51
704000,0.5200000000000001
705000,0.51
706000,0.53
707000,0.545
708000,0.525
709000,0.525
710000,0.52
711000,0.5000000000000001
712000,0.515
713000,0.525
714000,0.5199999999999999
715000,0.5099999999999999
716000,0.4799999999999998
717000,0.46999999999999986
718000,0.47999999999999987
719000,0.45999999999999985
720000,0.41999999999999993
721000,0.43
722000,0.42000000000000004
723000,0.43
724000,0.43999999999999995
725000,0.425
726000,0.4149999999999999
727000,0.39499999999999996
728000,0.425
729000,0.41500000000000004
730000,0.41999999999999993
731000,0.43
732000,0.395
733000,0.39499999999999996
734000,0.4149999999999999
735000,0.445
736000,0.43499999999999994
737000,0.43
738000,0.43
739000,0.48
740000,0.47999999999999987
741000,0.45999999999999996
742000,0.48
743000,0.48
744000,0.48
745000,0.48
746000,0.4600000000000001
747000,0.44000000000000006
748000,0.42000000000000004
749000,0.39
750000,0.39
751000,0.4000000000000001
752000,0.41000000000000003
753000,0.37
754000,0.36
755000,0.33
756000,0.35000000000000003
757000,0.37500000000000006
758000,0.385
759000,0.35
760000,0.37
761000,0.37999999999999995
762000,0.37999999999999995
763000,0.37
764000,0.36
765000,0.36500000000000005
766000,0.36500000000000005
767000,0.395
768000,0.385
769000,0.40499999999999997
770000,0.40499999999999997
771000,0.36000000000000004
772000,0.37000000000000005
773000,0.39000000000000007
774000,0.37500000000000006
775000,0.39499999999999996
776000,0.40499999999999997
777000,0.40499999999999997
778000,0.385
779000,0.41
780000,0.41
781000,0.38499999999999995
782000,0.39
