1000,0.14638009667396545
2000,0.14792730002664028
3000,0.1276969681493938
4000,0.13285768062341957
5000,0.13025021558627486
6000,0.11906894583565493
7000,0.11620530231988856
8000,0.11289381246315315
9000,0.11347235930669639
10000,0.11351734635420144
11000,0.110438033035025
12000,0.10132194922305643
13000,0.09950517250690609
14000,0.09310175301041454
15000,0.09215249198954552
16000,0.09286643795203417
17000,0.08994223748799414
18000,0.08861014030408114
19000,0.08291052876738832
20000,0.08041978488909081
21000,0.07658329312922434
22000,0.07881362322019413
23000,0.07657218551030383
24000,0.07623690334381536
25000,0.06999996574828402
26000,0.0712008320982568
27000,0.07193176208762452
28000,0.07077721304027364
29000,0.0721690029790625
30000,0.0703971257340163
31000,0.06822307881899178
32000,0.06600882763043046
33000,0.06845938382670283
34000,0.06656196276191623
35000,0.06826633104588836
36000,0.06401440868154168
37000,0.06335713524371385
38000,0.06319746886845679
39000,0.06377126643899828
40000,0.06284649598877877
41000,0.06616660742554814
42000,0.07066501837456599
43000,0.0727549290866591
44000,0.0743079491169192
45000,0.07378607199760154
46000,0.07569587295642123
47000,0.07273624963825569
48000,0.06969763934845105
49000,0.06777613049605861
50000,0.0683313508075662
51000,0.06462499520275741
52000,0.05965260782046244
53000,0.053679274555761367
54000,0.051848496657330545
55000,0.0506912280456163
56000,0.05397446164628491
57000,0.055202467951457945
58000,0.058390443853568286
59000,0.05688317840220407
60000,0.05567858585389331
61000,0.05476101998938247
62000,0.05573820153949782
63000,0.060653546939138325
64000,0.05981000449275598
65000,0.058680187717545775
66000,0.05622506336309016
67000,0.054907494420185686
68000,0.05557441793382168
69000,0.05747431078460068
70000,0.057110022571869194
71000,0.059245970526244494
72000,0.05807105023181066
73000,0.05800762964179739
74000,0.05767512896331027
75000,0.060903735409956423
76000,0.058876570742577315
77000,0.0597947221621871
78000,0.061267620725557206
79000,0.0584558348171413
80000,0.055312699682544916
81000,0.054287266798783096
82000,0.05228100300068036
83000,0.04990139646688476
84000,0.05128215993521735
85000,0.04649621439864859
86000,0.050543268753681335
87000,0.05014497969998047
88000,0.0446945571503602
89000,0.0440011201496236
90000,0.043828842842485755
91000,0.043790774361696094
92000,0.045478107053786514
93000,0.041785509726032614
94000,0.0402373134251684
95000,0.04441401595249772
96000,0.04395780390594155
97000,0.04488778300117701
98000,0.04570464987773448
99000,0.04775109499227256
100000,0.052055982032325115
101000,0.04948372923303396
102000,0.04795023071579635
103000,0.049950333735905586
104000,0.04666007154155523
105000,0.04312415739055723
106000,0.037911842549219726
107000,0.039625606904737654
108000,0.03977096432354301
109000,0.03839233306236565
110000,0.03837148290127516
111000,0.040227035286370665
112000,0.04082930873613805
113000,0.041507244054228065
114000,0.04593902919907123
115000,0.04532363843405619
116000,0.04567750822519884
117000,0.04310739003820345
118000,0.042753992576617744
119000,0.04030290900031105
120000,0.037411513922270385
121000,0.03581783310044557
122000,0.03867585274158045
123000,0.038323905065190046
124000,0.038106929857749494
125000,0.03961026606615633
126000,0.04023576997220516
127000,0.04157393218949437
128000,0.042032726765610276
129000,0.04546479823999107
130000,0.04659401475917548
131000,0.047682311080861836
132000,0.04786471934989095
133000,0.04808689848519862
134000,0.046923412694595754
135000,0.04629521744325757
136000,0.04590206370223313
137000,0.04501091368030757
138000,0.044553066832013426
139000,0.04775937638711184
140000,0.04900297579588368
141000,0.049259763073641806
142000,0.04633939046179876
143000,0.04595316788880154
144000,0.046089047791901976
145000,0.04621925895335153
146000,0.04759437879780307
147000,0.046685664432588966
148000,0.04768823311431333
149000,0.042011840792838484
150000,0.042947449632920326
151000,0.04186590107623488
152000,0.041313425619155165
153000,0.04331670087762177
154000,0.04167436422780156
155000,0.04216051721479744
156000,0.041996891554445026
157000,0.04227967828977853
158000,0.04140089962631464
159000,0.04145676887826994
160000,0.03894085442414507
161000,0.042289730824995785
162000,0.043911284285131844
163000,0.04125092482892796
164000,0.04162798551260494
165000,0.04026893946924247
166000,0.03883731875685044
167000,0.03717207452398725
168000,0.03760691003059037
169000,0.040005335555179045
170000,0.039106855973368514
171000,0.03706437331507914
172000,0.03526764579699375
173000,0.03999537641298957
174000,0.04219862814992666
175000,0.045479165085125714
176000,0.04572396242292598
177000,0.04554609680082649
178000,0.04300409589894116
179000,0.04410026307683438
180000,0.04435821221675724
181000,0.045116715291514994
182000,0.047591167581267656
183000,0.0434573817346245
184000,0.04076483438257128
185000,0.03793560430174694
186000,0.03959875450236723
187000,0.039510680008679626
188000,0.04191947816638276
189000,0.04198016349924728
190000,0.041053891724441204
191000,0.0382238681265153
192000,0.0351222100481391
193000,0.03503979675006121
194000,0.03588946256320923
195000,0.037551603412721304
196000,0.03855794333619997
197000,0.04135364163201302
198000,0.04161894698627293
199000,0.03676911466754973
200000,0.0385067118704319
201000,0.03947680842597037
202000,0.039322745273821055
203000,0.037750095734372734
204000,0.03730890265665948
205000,0.0356568980962038
206000,0.035329091902822254
207000,0.03292212824104354
208000,0.03148403044557199
209000,0.03366150822257623
210000,0.03453118682606146
211000,0.03444773251423612
212000,0.0373822566238232
213000,0.04019531171768904
214000,0.04190413783770055
215000,0.0417198923509568
216000,0.03827888594474643
217000,0.03775036618113518
218000,0.03919481752673164
219000,0.039452806985354985
220000,0.03675865288532805
221000,0.03474491473694798
222000,0.032759076482034286
223000,0.03351149168505799
224000,0.03606849796778988
225000,0.03720256250991952
226000,0.03970248264900875
227000,0.04166948316327762
228000,0.04265230708930176
229000,0.042217607372440395
230000,0.04302009864011779
231000,0.04300523494137451
232000,0.04319714528974146
233000,0.038484695013612506
234000,0.033243063171394166
235000,0.03357616523746401
236000,0.03389111469499767
237000,0.03439791218843311
238000,0.036818403059151024
239000,0.03988599452422932
240000,0.03969905067933723
241000,0.041907761157490314
242000,0.04179633685620501
243000,0.04308189080329612
244000,0.04550298366928473
245000,0.04634413657942787
246000,0.04366826399927959
247000,0.042895447628106924
248000,0.037030330589041115
249000,0.03446668075863272
250000,0.03553475675638765
251000,0.033817363204434514
252000,0.03474987891037017
253000,0.03639231863431633
254000,0.035738297193311154
255000,0.036272977939806876
256000,0.03611634453758597
257000,0.03516540374141187
258000,0.03688661003485322
259000,0.0363046825164929
260000,0.035004947469569746
261000,0.03427484821062535
262000,0.033107232679612936
263000,0.03190673072822392
264000,0.03357129385462031
265000,0.03353789729764685
266000,0.034443940750788896
267000,0.03468922769883648
268000,0.03450580027187243
269000,0.0369566064584069
270000,0.0418008710979484
271000,0.041720317781437186
272000,0.04176974672125652
273000,0.04152257174951956
274000,0.04070700255455449
275000,0.038986770010087636
276000,0.03741613288177177
277000,0.0399434266728349
278000,0.041909584854729474
279000,0.039423595978878435
280000,0.03513887127395719
281000,0.03907065199688077
282000,0.04162424909882247
283000,0.043213590902741995
284000,0.04357017686124891
285000,0.04362484420649707
286000,0.04806023992598057
287000,0.04383318652864546
288000,0.04514078384032473
289000,0.048535508669447155
290000,0.0480013988004066
291000,0.045151711956132205
292000,0.04298260057112202
293000,0.04322884566616267
294000,0.04302850474603474
295000,0.04300136710051447
296000,0.04228525958489627
297000,0.04337565959431231
298000,0.0403609815146774
299000,0.03790935622062534
300000,0.0392937639914453
301000,0.040089908496011045
302000,0.03940244570141658
303000,0.03900730358203873
304000,0.038069654351565986
305000,0.03789055556757376
306000,0.03514268113067374
307000,0.034721045405603945
308000,0.03348849249538034
309000,0.03214722632896155
310000,0.03304718262515962
311000,0.03578651336254552
312000,0.0357881021942012
313000,0.0357943343417719
314000,0.03552370766643435
315000,0.03612632459262386
316000,0.03709348737960681
317000,0.041644761669449505
318000,0.04032321542967111
319000,0.04168876197654754
320000,0.03993337990250438
321000,0.039574318693485114
322000,0.042167017271276565
323000,0.04282785885035992
324000,0.04249315681634471
325000,0.04101256598019973
326000,0.040906836173962804
327000,0.04171430337475613
328000,0.045680071746464816
329000,0.04347987420624122
330000,0.046341004979331045
331000,0.04363233445677906
332000,0.04263113094959408
333000,0.04249964155256748
334000,0.04249515307834372
335000,0.04324685802217573
336000,0.04281563240103423
337000,0.03781547413207591
338000,0.034991804156452415
339000,0.036603159252554175
340000,0.03760008046403527
341000,0.039834203710779545
342000,0.03857097624335438
343000,0.03630633741617203
344000,0.03643800810910761
345000,0.037518819156102834
346000,0.03892609655391425
347000,0.04120052665472031
348000,0.04140529211610556
349000,0.04052595196291804
350000,0.03574798869434744
351000,0.034348747665062546
352000,0.03653582478407771
353000,0.035854928786866365
354000,0.0359389981860295
355000,0.03401212541386485
356000,0.030799793526530266
357000,0.02860755808185786
358000,0.032832657536491755
359000,0.035816044434905055
360000,0.03795574640389532
361000,0.036239289990626276
362000,0.03452089475467801
363000,0.03930492371320724
364000,0.03835162370698526
365000,0.03879604838090017
366000,0.04037156636593863
367000,0.042448873009998354
368000,0.04152488004183397
369000,0.03897018420975655
370000,0.037671028249897064
371000,0.04199403300881386
372000,0.04141998542705551
373000,0.03746700857067481
374000,0.03884030399378389
375000,0.03893309587147087
376000,0.04228726862929762
377000,0.04077678504399955
378000,0.035939444042742255
379000,0.03720823331968859
380000,0.03936557903653011
381000,0.03539836788317188
382000,0.03433691447600722
383000,0.034084377475082875
384000,0.03421207127161324
385000,0.03362212865613401
386000,0.031963383257389066
387000,0.03561340085230768
388000,0.0372109297150746
389000,0.03911795217078179
390000,0.037353219301439824
391000,0.03894876083824784
392000,0.040339329591952265
393000,0.03967691282276064
394000,0.04119871283881366
395000,0.0417167197400704
396000,0.041964109744876625
397000,0.03776404592208564
398000,0.03766185648273677
399000,0.03394262082874775
400000,0.03349661855492741
401000,0.03372673170175403
402000,0.03421394982142374
403000,0.037413751587737354
404000,0.03479148329934105
405000,0.0336699756863527
406000,0.036252799860667435
407000,0.03692362609086558
408000,0.03738228134112433
409000,0.03710335747804493
410000,0.036577928764745596
411000,0.036292051724158225
412000,0.03429415117250755
413000,0.03207971366820857
414000,0.032335241318214684
415000,0.033978073315229264
416000,0.029361735016573222
417000,0.02985342369880527
418000,0.031605489500798285
419000,0.03420498413266614
420000,0.034931834519375114
421000,0.03588659459492192
422000,0.03803188452264294
423000,0.038247430238407105
424000,0.03826035647885874
425000,0.03808979759225622
426000,0.03827334661735222
427000,0.035743435607291756
428000,0.03759015117771924
429000,0.03760340849868953
430000,0.03846227664034814
431000,0.03890349005814642
432000,0.040792634608224035
433000,0.040307452562265096
434000,0.03957016065716743
435000,0.03772387321572751
436000,0.036823521424084904
437000,0.03964274398051202
438000,0.03959965140093118
439000,0.0382426074356772
440000,0.03829689015634358
441000,0.03752346128225326
442000,0.03575120675377548
443000,0.03640672244131565
444000,0.03807702931575477
445000,0.040250426563434305
446000,0.04227886813692749
447000,0.04112971584778279
448000,0.040263961856253444
449000,0.04109267079271376
450000,0.04001912742154673
451000,0.036830404798965904
452000,0.03406448933761567
453000,0.035417705222498624
454000,0.03457831437466666
455000,0.03549555136123672
456000,0.03588953403988853
457000,0.0352877666358836
458000,0.03182596086757258
459000,0.03392725502606481
460000,0.03491189758758992
461000,0.037797664543613795
462000,0.04118209548527375
463000,0.040484457090497014
464000,0.04067083509638905
465000,0.040510273510590195
466000,0.03880073850508779
467000,0.038884286992251875
468000,0.04302588211372495
469000,0.04292710630223155
470000,0.0429414246045053
471000,0.041615340530406685
472000,0.039637883021496234
473000,0.03981920884456486
474000,0.03922932318178937
475000,0.038090398691128936
476000,0.04016853484557942
477000,0.03969287941930816
478000,0.037975972765125335
479000,0.035844401442445814
480000,0.03460453092120588
481000,0.034191017074044795
482000,0.034717132912483066
483000,0.03653461918933317
484000,0.03961467840243131
485000,0.04280698692891747
486000,0.03907681208103895
487000,0.04167310140095651
488000,0.04113422099268064
489000,0.040526245906949046
490000,0.041416449029929935
491000,0.044241708109620956
492000,0.044018956772051754
493000,0.04143154194112867
494000,0.03744606881868094
495000,0.034350135871209206
496000,0.03500870131887496
497000,0.03309472243185155
498000,0.031768236226635056
499000,0.03193559354986064
500000,0.030532154719112442
501000,0.028006408965447916
502000,0.029011184523114936
503000,0.02799064648221247
504000,0.03012598871602677
505000,0.029208815627498552
506000,0.033125705182319505
507000,0.031810825206339356
508000,0.032652972259093076
509000,0.03331144072813913
510000,0.032492485896218566
511000,0.034173557336907835
512000,0.03261750118108466
513000,0.035536653771996496
514000,0.03574884422589093
515000,0.037623686380684376
516000,0.03550871359650046
517000,0.03940721230581403
518000,0.03858835878781974
519000,0.03638078295392916
520000,0.0374348729220219
521000,0.03598606629762799
522000,0.037837611539289356
523000,0.03506583721842617
524000,0.03301608831156045
525000,0.032434084948617964
526000,0.030830465222243218
527000,0.027257996124681085
528000,0.03135505651356652
529000,0.032059952346608044
530000,0.03128710718359798
531000,0.03232119841733947
532000,0.029735482365358622
533000,0.03004433832364157
534000,0.03177082934184
535000,0.032307709641754626
536000,0.032963886647485195
537000,0.032995599508285525
538000,0.02984190740156919
539000,0.02923641905654222
540000,0.029700520760379732
541000,0.030093580679968
542000,0.030562037359923123
543000,0.030819852342829107
544000,0.030035772901028393
545000,0.028311945851892232
546000,0.02904237104114145
547000,0.0315765010425821
548000,0.03165190823376179
549000,0.032894513248465956
550000,0.03500452313572169
551000,0.0346637833234854
552000,0.03441631058463827
553000,0.03637210354441777
554000,0.0356573314149864
555000,0.03524876253446564
556000,0.03540240417933092
557000,0.0367305970704183
558000,0.037601871981751175
559000,0.03837114135501906
560000,0.0366138370311819
561000,0.03510015320964158
562000,0.034639215976931155
563000,0.031049976558424532
564000,0.03136376539710909
565000,0.030614403197541832
566000,0.030495876115746796
567000,0.02816683130571619
568000,0.025469615231268106
569000,0.024874503370374442
570000,0.024566226385068148
571000,0.025190093177370726
572000,0.02470308757852763
573000,0.02748607804067433
574000,0.030336608970537783
575000,0.03435031497851014
576000,0.03281751194270328
577000,0.03227847620844841
578000,0.0332481440808624
579000,0.03396945057436824
580000,0.03460438472451642
581000,0.03458594630472362
582000,0.03639016377972439
583000,0.03480953501770273
584000,0.03238258301513269
585000,0.03037933577550575
586000,0.029477161653339863
587000,0.028877237604465335
588000,0.02953959956532344
589000,0.0275794601556845
590000,0.026988649957347663
591000,0.026788422286044805
592000,0.02554945123847574
593000,0.0254485882865265
594000,0.02575860139913857
595000,0.026495061973109843
596000,0.028100337390787898
597000,0.028325901138596236
598000,0.026920332696754486
599000,0.027475202830974012
600000,0.02738327710190788
601000,0.027582383377011865
602000,0.027975906583014874
603000,0.030428475185763092
604000,0.02809952605282888
605000,0.028830137385521083
606000,0.028549708409700544
607000,0.02909369896631688
608000,0.030856491150334477
609000,0.030041331741958856
610000,0.03337895646225661
611000,0.03387905341107398
612000,0.03467003940138966
613000,0.03237258762121201
614000,0.033315074192360045
615000,0.032014712393283844
616000,0.03390034212730825
617000,0.03278191178571433
618000,0.029750486870761962
619000,0.031455859073903414
620000,0.027457365395966916
621000,0.02553547653602436
622000,0.0253008308657445
623000,0.02720990279922262
624000,0.029216762415599076
625000,0.030068690336775034
626000,0.029486405963543804
627000,0.029787262710742654
628000,0.031899466975592074
629000,0.030625158809125422
630000,0.03290025892201811
631000,0.03325362857431173
632000,0.03537286545149982
633000,0.03329912846442312
634000,0.032314871805720034
635000,0.03275788097642362
636000,0.03125176014611498
637000,0.030683859542477876
638000,0.029810245621483773
639000,0.030402567109558732
640000,0.029334291180130093
641000,0.030445149878505617
642000,0.028528116049710662
643000,0.03059583973372355
644000,0.030463099309708922
645000,0.030299174685496838
646000,0.029689363641664385
647000,0.03129079705104232
648000,0.03262486206367612
649000,0.03507116839755327
650000,0.035064979051239786
651000,0.03567841722629964
652000,0.037718043918721376
653000,0.03591813004110009
654000,0.035763641749508676
655000,0.0323957639047876
656000,0.033705111471936104
657000,0.03574304986745119
658000,0.034358354452997446
659000,0.03253303103148937
660000,0.03382409767713398
661000,0.03338774412870407
662000,0.029443860237952323
663000,0.030431962700095027
664000,0.03070540425600484
665000,0.03276661117793992
666000,0.03354363980004564
667000,0.03191140142967924
668000,0.031885650225449355
669000,0.031475683886092155
670000,0.030600187142845243
671000,0.029309400322381406
672000,0.030586802505713422
673000,0.03073011046537431
674000,0.030486950495105702
675000,0.031277210570697205
676000,0.0317731054572505
677000,0.03043597506155493
678000,0.02959750366193475
679000,0.028911412752058822
680000,0.02768174328637542
681000,0.028289189490315038
682000,0.028490350670181214
683000,0.02737179403193295
684000,0.0291112229693681
685000,0.02763455976964906
686000,0.027184406488668173
687000,0.026885778955183924
688000,0.027922027823515237
689000,0.027021612010430546
690000,0.028146872019860894
691000,0.027393759109545498
692000,0.027511833182070403
693000,0.030381518688518554
694000,0.028996546405833216
695000,0.028889960227534175
696000,0.02683655919274315
697000,0.02804858427727595
698000,0.028558518902864306
699000,0.030088486245367675
700000,0.028498733590822667
701000,0.02968307250412181
702000,0.030842035978566856
703000,0.029759633427020163
704000,0.02908905592514202
705000,0.028842707274015993
706000,0.029765693875961004
707000,0.02869858598103747
708000,0.030625665027182548
709000,0.029302092688158154
710000,0.03152855745982379
711000,0.031953233531676235
712000,0.030432849805802107
713000,0.029309755191206932
714000,0.031103978969622404
715000,0.032150705840904265
716000,0.034105928509961816
717000,0.035352481410373005
718000,0.03409195260843262
719000,0.03659759409958497
720000,0.03820652257883921
721000,0.03679354875115678
722000,0.03877279449487105
723000,0.03792204362573102
724000,0.03536345716798678
725000,0.03576854218961671
726000,0.035016159403603524
727000,0.03446153229800984
728000,0.03233935538679361
729000,0.031272121958900244
730000,0.02872323146322742
731000,0.029586801719851792
732000,0.029717409836594016
733000,0.03019564156187698
734000,0.031978730414994064
735000,0.030206576690543444
736000,0.030672637734096498
737000,0.03254236787790433
738000,0.03567837777081877
739000,0.033693371599074456
740000,0.03471177076920867
741000,0.03571776694618165
742000,0.03408815951785073
743000,0.03380959368543699
744000,0.03308077496243641
745000,0.03451527652796358
746000,0.03451565231662244
747000,0.03394704073201865
748000,0.03310664055403322
749000,0.03648279137443751
750000,0.03525883015943691
751000,0.03333166887518019
752000,0.034053399341646584
753000,0.03696694608544931
754000,0.036712052242364734
755000,0.03737545224605128
756000,0.035818588349502536
757000,0.03452396008418873
758000,0.03295280231395736
759000,0.032358450337778774
760000,0.032814830632414665
761000,0.03422143700765446
762000,0.034194811824709175
763000,0.031832700637169184
764000,0.03297457719221711
765000,0.033086149250157175
766000,0.03479407078120857
767000,0.033526819040998815
768000,0.034789748429320755
769000,0.03384050076128915
770000,0.0344270266382955
771000,0.03524771456839517
772000,0.03501482728635892
773000,0.03643998856423423
774000,0.03646355047123507
775000,0.03548376068705693
776000,0.03368761617923156
777000,0.035467761543113735
778000,0.035795737642329184
779000,0.03509063626639545
780000,0.0334322197502479
781000,0.03300056056119502
782000,0.03257079538423568
