1000,0.10598151991143823
2000,0.09728397130966186
3000,0.08447012777129809
4000,0.08749861461110413
5000,0.08251126439776271
6000,0.07937306225843106
7000,0.07622320533264429
8000,0.07366206942533608
9000,0.07266739624190248
10000,0.07069549879757688
11000,0.06698000514646991
12000,0.06336835540598258
13000,0.061875021231826394
14000,0.057407496359664946
15000,0.0577162924548611
16000,0.05561175263952464
17000,0.0575998101150617
18000,0.057029740153811875
19000,0.05532099445816129
20000,0.05594043504912406
21000,0.05515229920390993
22000,0.05579663384240121
23000,0.06021706224884838
24000,0.05932372321374715
25000,0.05800523180048913
26000,0.059786971542052925
27000,0.058245842414908114
28000,0.060283960858359936
29000,0.06092784798704088
30000,0.05992050714790821
31000,0.058540555126965044
32000,0.056680445885285737
33000,0.053336066706106064
34000,0.05401540907099843
35000,0.052199919489212335
36000,0.05106342533137649
37000,0.04937647260259837
38000,0.04563660704996437
39000,0.044627123163081706
40000,0.04326861595269293
41000,0.04374231883790344
42000,0.043108413354493676
43000,0.04095590954180807
44000,0.04007640185300261
45000,0.040097004608251156
46000,0.03848772707860917
47000,0.04023917008657008
48000,0.040812505157664415
49000,0.04194452989846468
50000,0.04564739719964564
51000,0.04467510283924639
52000,0.045713703483343124
53000,0.04722252462990582
54000,0.048357214825227854
55000,0.04968368984758854
56000,0.052732305228710176
57000,0.05140090570785105
58000,0.053631179332733155
59000,0.05374809835106134
60000,0.05212746070697904
61000,0.05293654022738337
62000,0.052422925811260936
63000,0.054345779083669186
64000,0.053467813739553095
65000,0.05181891104206443
66000,0.04894491817802191
67000,0.04761125559452921
68000,0.047983326851390305
69000,0.04794745873194188
70000,0.04594195261131972
71000,0.04629300764761865
72000,0.04758239448070526
73000,0.04535279939882457
74000,0.04632495011202991
75000,0.04757379502989352
76000,0.04895909087732434
77000,0.0511064306134358
78000,0.048627147101797163
79000,0.046787517848424616
80000,0.046542963678948585
81000,0.045257516149431465
82000,0.0465250326693058
83000,0.04485294997692108
84000,0.04325017818249762
85000,0.04494317542761564
86000,0.046463130647316574
87000,0.043998125069774685
88000,0.04703882669098675
89000,0.04631523269228637
90000,0.04839197644963861
91000,0.04800945818424225
92000,0.04508554494008422
93000,0.04774817939847708
94000,0.048596637574955824
95000,0.04578446662053466
96000,0.045046133790165185
97000,0.04613278398755938
98000,0.04324878590647131
99000,0.04518072962295264
100000,0.043797814999707044
101000,0.04588180751074106
102000,0.04798363456968218
103000,0.046688902634195985
104000,0.04641104956623167
105000,0.046076022163033484
106000,0.04928473304025829
107000,0.04830065419198945
108000,0.0497348344209604
109000,0.049677489229943604
110000,0.050875532596837726
111000,0.04881057125283405
112000,0.049545110452454535
113000,0.050153729550074785
114000,0.04908142491010949
115000,0.05042012976715341
116000,0.04748739977600053
117000,0.047909919992089274
118000,0.049336702153086665
119000,0.049014509599655864
120000,0.05056369620375335
121000,0.04998627255670726
122000,0.04781294093001634
123000,0.04649868179578334
124000,0.04753635024186224
125000,0.04655344862025231
126000,0.04608971907291561
127000,0.048714560926891866
128000,0.04708868435118348
129000,0.04637852598447353
130000,0.04337880824226886
131000,0.04441605628468096
132000,0.04524752534460277
133000,0.04485746682155877
134000,0.045105113717727366
135000,0.046599696134217085
136000,0.04648094680625945
137000,0.04316931325476617
138000,0.0423629596317187
139000,0.041613232525996864
140000,0.04306048976723105
141000,0.04285531002562493
142000,0.043486457034014166
143000,0.04496117217000574
144000,0.04436950420029461
145000,0.043592226547189056
146000,0.04158438999671489
147000,0.04367301047313958
148000,0.04449065772350878
149000,0.04467602872755379
150000,0.044539652012754234
151000,0.04353306090692058
152000,0.04254314831690863
153000,0.041988125804346056
154000,0.042275187347549946
155000,0.043510670554824174
156000,0.0459034443506971
157000,0.04663537534419447
158000,0.04561430138070136
159000,0.045657442561350764
160000,0.04466822764603421
161000,0.04698002835037187
162000,0.04597806966630742
163000,0.04511552032316104
164000,0.04458410660037771
165000,0.044328090944327415
166000,0.04300698012579232
167000,0.04064511876553297
168000,0.038934245971031484
169000,0.039967158786021174
170000,0.04037147063296288
171000,0.03914483782369643
172000,0.0390229466278106
173000,0.03994610304944217
174000,0.0416868845326826
175000,0.042314715920947495
176000,0.04244904226157814
177000,0.04222237816080451
178000,0.04289948142599315
179000,0.04443872016388923
180000,0.045658189286477864
181000,0.04456755287479609
182000,0.046865344974212346
183000,0.04909963256213814
184000,0.04715169375762343
185000,0.04539051905274391
186000,0.04679943230934441
187000,0.04863675590604544
188000,0.04861216788180173
189000,0.04624118181876838
190000,0.046778381234034896
191000,0.046694354878272865
192000,0.044046475391369314
193000,0.04173966974718496
194000,0.04225062828278169
195000,0.0430185889150016
196000,0.04274904068326577
197000,0.042740418126340954
198000,0.04408709806157276
199000,0.04445714574074373
200000,0.04225873883580789
201000,0.04471184007823467
202000,0.04793863235041499
203000,0.04857998742721975
204000,0.05087367491796613
205000,0.04985042907297611
206000,0.04787862341385335
207000,0.04681583359371871
208000,0.0470883654570207
209000,0.04619099055882543
210000,0.04720991983544082
211000,0.04615524978376925
212000,0.04504530076403171
213000,0.04570701865013689
214000,0.04629630353767425
215000,0.046824391218833625
216000,0.04752494225278497
217000,0.048386612823233005
218000,0.04782419455237687
219000,0.050777841494418684
220000,0.05035144519526511
221000,0.05119178178720176
222000,0.04991838625166565
223000,0.05365740043576807
224000,0.05034542669076472
225000,0.05018567814026028
226000,0.05097177539486438
227000,0.050094468113966284
228000,0.04814464508090168
229000,0.04659370298497379
230000,0.0458730855723843
231000,0.04505573661532253
232000,0.044114641915075484
233000,0.03766311310697347
234000,0.037330487691797316
235000,0.03746611143928021
236000,0.03706711309496313
237000,0.03742870116140693
238000,0.039596955641172826
239000,0.03948360163252801
240000,0.04106151558458805
241000,0.041825441420078276
242000,0.045426719037350266
243000,0.046176498446147886
244000,0.0476778735849075
245000,0.04723417890490964
246000,0.04619274514960125
247000,0.04644815061474219
248000,0.04717360330047086
249000,0.047362206468824296
250000,0.04850868243025616
251000,0.04783772865543142
252000,0.04532695531379431
253000,0.045027438313700256
254000,0.044047540328465404
255000,0.04427964429371059
256000,0.04676850395277143
257000,0.04643301391974092
258000,0.04511445594020188
259000,0.04713247892446816
260000,0.043754058922640976
261000,0.04523004273418337
262000,0.04599084188695997
263000,0.04657744253519922
264000,0.04812049920205027
265000,0.047458164603449406
266000,0.04597272448707372
267000,0.04582009593490511
268000,0.04608761005569249
269000,0.04406110097188502
270000,0.045314036905765534
271000,0.043458039690740406
272000,0.0424727492313832
273000,0.04375757641624659
274000,0.044138112072832886
275000,0.044329211553558706
276000,0.04426546787843108
277000,0.044508335841819645
278000,0.04404745656065643
279000,0.04329016651026905
280000,0.04194804864935577
281000,0.04197756118606776
282000,0.04202410201076418
283000,0.04143688265234232
284000,0.0407146065402776
285000,0.041201008171774446
286000,0.042958285151980816
287000,0.04398675246629864
288000,0.0445283927442506
289000,0.045881406236439944
290000,0.04678644995437935
291000,0.04669048271840438
292000,0.04780875640688464
293000,0.047736731960903854
294000,0.04711643965682015
295000,0.04642121984390542
296000,0.04295540258055553
297000,0.039570752379950135
298000,0.03898103643208742
299000,0.038910137817729264
300000,0.040798593871295454
301000,0.03884336188435555
302000,0.03732947812881321
303000,0.03644722703844309
304000,0.03465462453663349
305000,0.03635345079004765
306000,0.03718532891012728
307000,0.03924902102909982
308000,0.03937567990971729
309000,0.03810372295323759
310000,0.03763793127145618
311000,0.03997851606924087
312000,0.04301640053745359
313000,0.04183553257025778
314000,0.044029643777757886
315000,0.0439263781812042
316000,0.042788658305071295
317000,0.04347368355374783
318000,0.0427961501525715
319000,0.04401405734941363
320000,0.04120879858732224
321000,0.041978137800469995
322000,0.03982396915089339
323000,0.04260886107338593
324000,0.042520821343641726
325000,0.04330160295357928
326000,0.04429477350087836
327000,0.0427722251531668
328000,0.04271970785455778
329000,0.043331061352510004
330000,0.04365113681415096
331000,0.04256031819386408
332000,0.04193805024260655
333000,0.043041254195850344
334000,0.04308393689570948
335000,0.04056727465940639
336000,0.04047350479057059
337000,0.04227928117616102
338000,0.0434725286369212
339000,0.0427096805931069
340000,0.04464438066119328
341000,0.04487357439706102
342000,0.04504277262138203
343000,0.04487577326130122
344000,0.04306315237656236
345000,0.04465937487781048
346000,0.04510423433966935
347000,0.04360693180467933
348000,0.04198955264408141
349000,0.042354236184619365
350000,0.04085398513823748
351000,0.04064618607982993
352000,0.041607523104175925
353000,0.04103331091813743
354000,0.04139553382061422
355000,0.03992370796855539
356000,0.04057995326351374
357000,0.042960379589349035
358000,0.042903729667887094
359000,0.040670088618062435
360000,0.04130012811161578
361000,0.04111678916960955
362000,0.04070078451186419
363000,0.03865030005108565
364000,0.04058889742940664
365000,0.041376877748407426
366000,0.04096463417168707
367000,0.039299156297929586
368000,0.04009463674388826
369000,0.04090959423687309
370000,0.04198924334254116
371000,0.04105916218366474
372000,0.04072514252271503
373000,0.0427351197693497
374000,0.040851354291662575
375000,0.04119482099078595
376000,0.04109794305637479
377000,0.04041441441513598
378000,0.04111988834105432
379000,0.0466412319149822
380000,0.04582607313990593
381000,0.04654265432618558
382000,0.04615552183706313
383000,0.04555756911169737
384000,0.04623997274320572
385000,0.046650114865042266
386000,0.04582263649906963
387000,0.04607627551537007
388000,0.04569012864027172
389000,0.039186136294156314
390000,0.037633367832750085
391000,0.03920489673502743
392000,0.038503202989231794
393000,0.042094495359342544
394000,0.044853691884782165
395000,0.044947783856187015
396000,0.045864126088563356
397000,0.045323395405430345
398000,0.04779233522946015
399000,0.05117936617461964
400000,0.05294536816189065
401000,0.05256362366722897
402000,0.05321035973727703
403000,0.04867172657512128
404000,0.04596071671694517
405000,0.0462533726496622
406000,0.04689033331815153
407000,0.04671559479553253
408000,0.04430627249646932
409000,0.041605893545784055
410000,0.04185722079128027
411000,0.04254087578505278
412000,0.04322614323813468
413000,0.042086700801737605
414000,0.044077826286666094
415000,0.042249634969048204
416000,0.04274724303279072
417000,0.04286860717926175
418000,0.04255352057050914
419000,0.043143103714101017
420000,0.04108445676974952
421000,0.0393392599793151
422000,0.03757386421551928
423000,0.03909155058441684
424000,0.03684972022427246
425000,0.038533170667942616
426000,0.035723841458093375
427000,0.0359252543724142
428000,0.03837477942695841
429000,0.03813827629899606
430000,0.0405561612942256
431000,0.041925422220956535
432000,0.0427001172164455
433000,0.04443885278422385
434000,0.04444804481696338
435000,0.042792924698442224
436000,0.04312799454666674
437000,0.045481107840314505
438000,0.04497143124230206
439000,0.0458656722586602
440000,0.04441822660155594
441000,0.04430881076492369
442000,0.045858359127305445
443000,0.04347859511617571
444000,0.04422473613638431
445000,0.04435156710445881
446000,0.0473716186825186
447000,0.0449474884243682
448000,0.04407297281548381
449000,0.045841197948902845
450000,0.04562331356108189
451000,0.04391018461436033
452000,0.04177089162170887
453000,0.04171110547147691
454000,0.04414124650880694
455000,0.045225761653855445
456000,0.04425605365540832
457000,0.04444111969321966
458000,0.04426257317420095
459000,0.04105768956709653
460000,0.041657327325083315
461000,0.04435471429023892
462000,0.04727626059670001
463000,0.049369361991994085
464000,0.04690328932832927
465000,0.046677324115298686
466000,0.046156081375665965
467000,0.0459205779293552
468000,0.045491874529980124
469000,0.04573985693510622
470000,0.04479714196640998
471000,0.04323605133686215
472000,0.04291163136716932
473000,0.04120781959500164
474000,0.0409895026916638
475000,0.04029296596068889
476000,0.039520056997425855
477000,0.03993805760983378
478000,0.04120934290345758
479000,0.044327538912184536
480000,0.0459285792009905
481000,0.04557734874542803
482000,0.04387680251616985
483000,0.043903161159250886
484000,0.04386508286232129
485000,0.04409294977085665
486000,0.04521768181351945
487000,0.044506505986209956
488000,0.044084913476835935
489000,0.04270452865166589
490000,0.04275842699920759
491000,0.04420662680407986
492000,0.04347798457136378
493000,0.04358643665909767
494000,0.04276104315649718
495000,0.04319444731343538
496000,0.04256700636353344
497000,0.04371025349129923
498000,0.043298316720174625
499000,0.041575013996334745
500000,0.04088967274059541
501000,0.03856581878964789
502000,0.042532237964915114
503000,0.04301422352087684
504000,0.04297312201349996
505000,0.04311994959949516
506000,0.04228336968342774
507000,0.041562817667145285
508000,0.04069047993281856
509000,0.042673992954660206
510000,0.04152151916408911
511000,0.04363214547513053
512000,0.0422628082591109
513000,0.042221590790431945
514000,0.04283289977349341
515000,0.04161654508672655
516000,0.04326478025410324
517000,0.043023201473988595
518000,0.04412940205307678
519000,0.04313290373655036
520000,0.04424465468386188
521000,0.0435588811407797
522000,0.04562828727765009
523000,0.0452695720246993
524000,0.046909269408788534
525000,0.048067192777525636
526000,0.04759948280872777
527000,0.04841365726897493
528000,0.049079072359018025
529000,0.050005730646662416
530000,0.04990685798926279
531000,0.04903324741171673
532000,0.04676769725279883
533000,0.04722958686063066
534000,0.0487184527865611
535000,0.05015391475288197
536000,0.04986268028849736
537000,0.050399137244094165
538000,0.048989827560726555
539000,0.047481526958290485
540000,0.04700798631180078
541000,0.04715027178637683
542000,0.04450286409817636
543000,0.04580948297865689
544000,0.044707608087919654
545000,0.04224485688377172
546000,0.042919586314819756
547000,0.04037536490242928
548000,0.04093382064718753
549000,0.040188418398611245
550000,0.04076897913590074
551000,0.040508908024057745
552000,0.04375264001078904
553000,0.042003070567734536
554000,0.039470113539136945
555000,0.04025993844028562
556000,0.038374794668052346
557000,0.03967587753431871
558000,0.03871034514391795
559000,0.03885563994525001
560000,0.03752178671071306
561000,0.03820295695448294
562000,0.035408459587488325
563000,0.036284314531367275
564000,0.03598210793687031
565000,0.03662051107501611
566000,0.03680749948136509
567000,0.03660544370301068
568000,0.03750008737202734
569000,0.04020711645483971
570000,0.04036924435291439
571000,0.04045049448031932
572000,0.04167528550606221
573000,0.040720510859973726
574000,0.04304326806217432
575000,0.04444841180928052
576000,0.045556791750714185
577000,0.046511274380609396
578000,0.04694739063736051
579000,0.04430715581402182
580000,0.044673437606543305
581000,0.043989258734509346
582000,0.044430715516209605
583000,0.04379233968444168
584000,0.041347899702377615
585000,0.038941451529972256
586000,0.03955059680622071
587000,0.038846170916222035
588000,0.038809422119520605
589000,0.0403175163641572
590000,0.040832796907052396
591000,0.041008448833599685
592000,0.041199789559468625
593000,0.04232575866393745
594000,0.04187169694341719
595000,0.04173232746310532
596000,0.04143512062728405
597000,0.04147901608608663
598000,0.04094778740778565
599000,0.0409787291334942
600000,0.04027804540935904
601000,0.039690692897420374
602000,0.0386183501384221
603000,0.03831860515987501
604000,0.03956766512012109
605000,0.04035457823192701
606000,0.041008443690370766
607000,0.04119412256171927
608000,0.04250900125829503
609000,0.04065061556408182
610000,0.04189113321015611
611000,0.04414414250291884
612000,0.04475359356962144
613000,0.04488643873017281
614000,0.044727909131906926
615000,0.04311408705078065
616000,0.04293091022409499
617000,0.04250038850586861
618000,0.040076873051002625
619000,0.040631187036633494
620000,0.039289750829339026
621000,0.03947056753560901
622000,0.03912500080652535
623000,0.03877254300285131
624000,0.03833456851076335
625000,0.0384947197092697
626000,0.03637313831131905
627000,0.03696158234961331
628000,0.038454907457344235
629000,0.03864158723969013
630000,0.03981255354359746
631000,0.03676214835606515
632000,0.036617132192477586
633000,0.0378420801833272
634000,0.03957190150395036
635000,0.04085245476104319
636000,0.04282604980282485
637000,0.042398798847571015
638000,0.040208282396197316
639000,0.042693894719704986
640000,0.04258578945416957
641000,0.04374349420424551
642000,0.044015097334049645
643000,0.04290694382507354
644000,0.04273414646741003
645000,0.041822132933884856
646000,0.04196921274065971
647000,0.04199458539485931
648000,0.04267290649004281
649000,0.041014233445748685
650000,0.040437656138092276
651000,0.03946230777539313
652000,0.03832455307245255
653000,0.03802519773133099
654000,0.035792263131588696
655000,0.03608713579829782
656000,0.03587694789748639
657000,0.0372770021809265
658000,0.04186369953211397
659000,0.04079804720822722
660000,0.042562644160352645
661000,0.04426697690505534
662000,0.04457796172704548
663000,0.04609554073307663
664000,0.04898710758890957
665000,0.049118575388565656
666000,0.05054293947294355
667000,0.051384594989940524
668000,0.04744807515759021
669000,0.04807636593002826
670000,0.04598009272944182
671000,0.04602523297537118
672000,0.04591822349466383
673000,0.045029630307108166
674000,0.04241752170026302
675000,0.042160878414288165
676000,0.03888477866537869
677000,0.037607391653582456
678000,0.037050426765345035
679000,0.03725978446658701
680000,0.03802375993691385
681000,0.03610055009834468
682000,0.03619453132618219
683000,0.03574004021007568
684000,0.036875562691129744
685000,0.036981875165365635
686000,0.03868210553191602
687000,0.03856761765666306
688000,0.03876417711377144
689000,0.03773443205282092
690000,0.037901235762983564
691000,0.03843362745363265
692000,0.039459410039708015
693000,0.039547637160867455
694000,0.039801476560533046
695000,0.040514390273019674
696000,0.03994820153806358
697000,0.039930342561565337
698000,0.04184889533091336
699000,0.043998980890028176
700000,0.04375164895318449
701000,0.044671532539650796
702000,0.045676149656064806
703000,0.04467623459175229
704000,0.044908766187727454
705000,0.04622922389768064
706000,0.04745414001867175
707000,0.04690459901466966
708000,0.04478070979006588
709000,0.04369782753288746
710000,0.04294590010307729
711000,0.04256980300415307
712000,0.03941329138819128
713000,0.040836517550051216
714000,0.04207955899648368
715000,0.04075380909256637
716000,0.0396724297106266
717000,0.03962255768477917
718000,0.039104252769611776
719000,0.03818620838690549
720000,0.03915711775887758
721000,0.039202529806643724
722000,0.04011388622224331
723000,0.03953767680563033
724000,0.03686067973263562
725000,0.035570171214640144
726000,0.03648622196167708
727000,0.035828979900106785
728000,0.03703500990290195
729000,0.036836460228078065
730000,0.035893893209286036
731000,0.03697091339156031
732000,0.03854778416454792
733000,0.03750045034103096
734000,0.03830269584432244
735000,0.038785592503845695
736000,0.03653198853135109
737000,0.037465242650359866
738000,0.03855464118067175
739000,0.03930364387575537
740000,0.0390302020451054
741000,0.03733269068878144
742000,0.03656632084865123
743000,0.03889165536966175
744000,0.03798481781501323
745000,0.03915651250164956
746000,0.041266436856240034
747000,0.042090325988829135
748000,0.041482907510362564
749000,0.040127310096286235
750000,0.0401116514345631
751000,0.041939562945626674
752000,0.04032957634422928
753000,0.04063145623076707
754000,0.042764587099663916
755000,0.041302146320231256
756000,0.04097360387444496
757000,0.039508548164740205
758000,0.03998734807595611
759000,0.040795836900360885
760000,0.04183883646503091
761000,0.041048899842426184
762000,0.041875324016436934
763000,0.042477737413719296
764000,0.04009823894128203
765000,0.04223792217671871
766000,0.040601199585944416
767000,0.04090421014931053
768000,0.040951962075196205
769000,0.04266642035916448
770000,0.04201814388856292
771000,0.04107793447561562
772000,0.04279798579402268
773000,0.041329545816406604
774000,0.04138669458450749
775000,0.040457551938015965
776000,0.04196032443316653
777000,0.042367630682419985
778000,0.040987643569242206
779000,0.039782815219368786
780000,0.040045999551657586
781000,0.04001370476791635
782000,0.04167265311116353
