1000,0.16242309
2000,0.20600072
3000,0.23734836
4000,0.20008016
5000,0.25476068
6000,0.28368494
7000,0.2391289
8000,0.26392516
9000,0.25378802
10000,0.23823032
11000,0.28397226
12000,0.26549426
13000,0.25871134
14000,0.2459584
15000,0.2261368
16000,0.24958293
17000,0.3077621
18000,0.22702758
19000,0.23826201
20000,0.231494
21000,0.2616781
22000,0.28543097
23000,0.2894504
24000,0.22623801
25000,0.27388757
26000,0.2772817
27000,0.21589772
28000,0.25100666
29000,0.22135338
30000,0.2203623
31000,0.2990584
32000,0.22539441
33000,0.32586068
34000,0.27381584
35000,0.31721896
36000,0.21771702
37000,0.23006466
38000,0.25190037
39000,0.26736495
40000,0.25284508
41000,0.3245632
42000,0.27710262
43000,0.25831875
44000,0.24410811
45000,0.28989533
46000,0.20112924
47000,0.23318276
48000,0.27258718
49000,0.32451144
50000,0.21800694
51000,0.25945556
52000,0.20868392
53000,0.33722243
54000,0.29592696
55000,0.27788192
56000,0.27572995
57000,0.25658855
58000,0.28785682
59000,0.30110317
60000,0.2650217
61000,0.3310398
62000,0.2855596
63000,0.30615902
64000,0.25227696
65000,0.23385963
66000,0.26371378
67000,0.2827531
68000,0.24764054
69000,0.24217935
70000,0.28331092
71000,0.26724467
72000,0.25739262
73000,0.2693402
74000,0.23910609
75000,0.29736823
76000,0.3052922
77000,0.21424253
78000,0.24110508
79000,0.25474328
80000,0.2980089
81000,0.2791615
82000,0.2681445
83000,0.22979946
84000,0.27571827
85000,0.27695718
86000,0.24411626
87000,0.2515419
88000,0.26198778
89000,0.31349832
90000,0.20797758
91000,0.277564
92000,0.28358504
93000,0.29236746
94000,0.2661202
95000,0.28510326
96000,0.2641604
97000,0.3034257
98000,0.2605066
99000,0.26450676
100000,0.27077028
101000,0.3118053
102000,0.3125925
103000,0.2930259
104000,0.29533526
105000,0.25518084
106000,0.23135965
107000,0.301194
108000,0.2636232
109000,0.30564553
110000,0.19920938
111000,0.2580817
112000,0.25401926
113000,0.24237743
114000,0.2443562
115000,0.31988105
116000,0.24459478
117000,0.3023395
118000,0.2721964
119000,0.25234935
120000,0.33034414
121000,0.29508916
122000,0.24936645
123000,0.308376
124000,0.26969168
125000,0.2465364
126000,0.25382483
127000,0.30416146
128000,0.27490002
129000,0.22854471
130000,0.2955828
131000,0.26916414
132000,0.3053023
133000,0.23095647
134000,0.29505974
135000,0.26646918
136000,0.25095248
137000,0.28864354
138000,0.3244846
139000,0.2310526
140000,0.24206579
141000,0.25141594
142000,0.27489066
143000,0.24452177
144000,0.290759
145000,0.23694971
146000,0.26032755
147000,0.25712144
148000,0.2646082
149000,0.26446497
150000,0.29488915
151000,0.21343079
152000,0.24783945
153000,0.2644171
154000,0.32540718
155000,0.26687533
156000,0.25183648
157000,0.27570844
158000,0.31012338
159000,0.26725844
160000,0.2500581
161000,0.2810393
162000,0.24366586
163000,0.33218628
164000,0.2582819
165000,0.21913472
166000,0.26289445
167000,0.24008226
168000,0.21840772
169000,0.21308501
170000,0.2818604
171000,0.2706716
172000,0.30166876
173000,0.24599028
174000,0.29290444
175000,0.24616566
176000,0.24051371
177000,0.24509506
178000,0.27579996
179000,0.32163495
180000,0.27671152
181000,0.22327566
182000,0.34254983
183000,0.30798715
184000,0.3134945
185000,0.29206485
186000,0.31265724
187000,0.25428593
188000,0.25726154
189000,0.30731705
190000,0.28623605
191000,0.2744127
192000,0.23726137
193000,0.2461847
194000,0.25649777
195000,0.29587036
196000,0.2793419
197000,0.25053468
198000,0.37451714
199000,0.25969857
200000,0.29411
201000,0.26422495
202000,0.29643244
203000,0.25746614
204000,0.24317424
205000,0.3103428
206000,0.31167063
207000,0.297028
208000,0.301293
209000,0.29391232
210000,0.29481947
211000,0.25548172
212000,0.26451284
213000,0.3014782
214000,0.29648265
215000,0.30945724
216000,0.33906978
217000,0.30365935
218000,0.26389807
219000,0.28998283
220000,0.23244545
221000,0.18154721
222000,0.28420287
223000,0.28420264
224000,0.28231806
225000,0.35268807
226000,0.2884361
227000,0.34576198
228000,0.2314556
229000,0.33469182
230000,0.25592348
231000,0.2823431
232000,0.30686146
233000,0.33543664
234000,0.22171569
235000,0.28439614
236000,0.2757256
237000,0.27682215
238000,0.26177236
239000,0.26865497
240000,0.250877
241000,0.34828973
242000,0.2657562
243000,0.3258119
244000,0.27982765
245000,0.2126621
246000,0.28402686
247000,0.31695303
248000,0.23852786
249000,0.29123408
250000,0.29377544
251000,0.2859288
252000,0.28516892
253000,0.2535135
254000,0.2832752
255000,0.30397633
256000,0.32581714
257000,0.32905966
258000,0.31920493
259000,0.2767352
260000,0.26331002
261000,0.29153115
262000,0.2540871
263000,0.26994774
264000,0.28677237
265000,0.26651663
266000,0.292375
267000,0.24575832
268000,0.23755828
269000,0.28605443
270000,0.305543
271000,0.32259104
272000,0.24509485
273000,0.34078148
274000,0.20830286
275000,0.26679128
276000,0.27386013
277000,0.27276906
278000,0.31053677
279000,0.2950096
280000,0.2758541
281000,0.33499637
282000,0.30956393
283000,0.22407737
284000,0.23340611
285000,0.27923453
286000,0.30117097
287000,0.30987626
288000,0.26043746
289000,0.27189636
290000,0.24424855
291000,0.32227594
292000,0.29213646
293000,0.23137084
294000,0.33644435
295000,0.28499383
296000,0.24411888
297000,0.22876148
298000,0.23701422
299000,0.31291062
300000,0.31134734
301000,0.260866
302000,0.2098099
303000,0.2891732
304000,0.28207883
305000,0.2812282
306000,0.3046734
307000,0.3356642
308000,0.33100387
309000,0.29448605
310000,0.35271233
311000,0.28704616
312000,0.29546723
313000,0.2572249
314000,0.28064102
315000,0.2882237
316000,0.31393737
317000,0.29483178
318000,0.24406011
319000,0.3508008
320000,0.31069222
321000,0.3110792
322000,0.26821822
323000,0.30610052
324000,0.29599434
325000,0.29098442
326000,0.36648697
327000,0.25077185
328000,0.27357587
329000,0.20586173
330000,0.27827376
331000,0.21504267
332000,0.31454742
333000,0.31471786
334000,0.22177339
335000,0.34265527
336000,0.29938748
337000,0.2671677
338000,0.27154765
339000,0.3423686
340000,0.251077
341000,0.28812367
342000,0.3729585
343000,0.28631192
344000,0.23649964
345000,0.30952802
346000,0.27827385
347000,0.2668814
348000,0.24629068
349000,0.28785262
350000,0.29689938
351000,0.3281138
352000,0.29515
353000,0.2902983
354000,0.22786395
355000,0.25173682
356000,0.24267454
357000,0.30600128
358000,0.2874565
359000,0.25631928
360000,0.28525767
361000,0.36337113
362000,0.32597953
363000,0.26600787
364000,0.31280506
365000,0.2833208
366000,0.3021713
367000,0.25545922
368000,0.33861464
369000,0.34082973
370000,0.35886532
371000,0.3190991
372000,0.29607105
373000,0.28061518
374000,0.28932637
375000,0.27409363
376000,0.28724787
377000,0.34819204
378000,0.30473655
379000,0.28882298
380000,0.2928691
381000,0.39152065
382000,0.30905446
383000,0.36198822
384000,0.29193404
385000,0.38669753
386000,0.24979544
387000,0.29473144
388000,0.30307132
389000,0.2857296
390000,0.20450611
391000,0.32518956
392000,0.24696806
393000,0.31282815
394000,0.35498348
395000,0.253257
396000,0.31660482
397000,0.28338414
398000,0.26573506
399000,0.36703622
400000,0.27990055
401000,0.2736928
402000,0.25556785
403000,0.32463557
404000,0.3290513
405000,0.2782845
406000,0.2458224
407000,0.28204277
408000,0.3367604
409000,0.24104166
410000,0.27154583
411000,0.26610216
412000,0.31029174
413000,0.3094853
414000,0.32958582
415000,0.3281854
416000,0.3315248
417000,0.271455
418000,0.3517426
419000,0.26434702
420000,0.28282705
421000,0.25849557
422000,0.28264898
423000,0.27779886
424000,0.26135725
425000,0.3408269
426000,0.27601945
427000,0.31212395
428000,0.31773892
429000,0.32213497
430000,0.29842225
431000,0.409023
432000,0.32801697
433000,0.341273
434000,0.3236083
435000,0.26624444
436000,0.23705056
437000,0.29435283
438000,0.32266107
439000,0.29757127
440000,0.3263145
441000,0.31300038
442000,0.31471997
443000,0.25561708
444000,0.304062
445000,0.19472969
446000,0.3228743
447000,0.29981542
448000,0.28396487
449000,0.3030907
450000,0.23060718
451000,0.3345572
452000,0.29491782
453000,0.30929548
454000,0.3336583
455000,0.31462604
456000,0.29361314
457000,0.33768824
458000,0.3479527
459000,0.30473262
460000,0.30795616
461000,0.3600232
462000,0.30238673
463000,0.320714
464000,0.29104188
465000,0.3139698
466000,0.22907177
467000,0.30810845
468000,0.29866967
469000,0.21028507
470000,0.28588516
471000,0.30608535
472000,0.2978847
473000,0.30069306
474000,0.325911
475000,0.28408068
476000,0.30937767
477000,0.30148324
478000,0.33818683
479000,0.29495975
480000,0.3069256
481000,0.26209313
482000,0.34472305
483000,0.31186858
484000,0.30888036
485000,0.34209406
486000,0.29643276
487000,0.24150188
488000,0.24086209
489000,0.27022704
490000,0.22816873
491000,0.28594425
492000,0.32317635
493000,0.30686432
494000,0.2312729
495000,0.35499844
496000,0.32283983
497000,0.30750722
498000,0.30033162
499000,0.25595567
500000,0.34257954
501000,0.35197076
502000,0.3363431
503000,0.30876714
504000,0.31793708
505000,0.2436353
506000,0.2574305
507000,0.29526824
508000,0.32774073
509000,0.32063824
510000,0.29828605
511000,0.2955919
512000,0.32197347
513000,0.27228302
514000,0.31867442
515000,0.3231141
516000,0.34330037
517000,0.3415079
518000,0.39203772
519000,0.36078885
520000,0.26613054
521000,0.33865017
522000,0.25489765
523000,0.3807896
524000,0.30381602
525000,0.29530787
526000,0.37794247
527000,0.24870563
528000,0.29936355
529000,0.36997268
530000,0.34732112
531000,0.27148485
532000,0.3563013
533000,0.29919204
534000,0.29553673
535000,0.24042094
536000,0.2797977
537000,0.24848378
538000,0.26640132
539000,0.23555925
540000,0.2745278
541000,0.3153481
542000,0.2952508
543000,0.31084675
544000,0.27341753
545000,0.2760825
546000,0.2904747
547000,0.30151743
548000,0.29669237
549000,0.2753616
550000,0.24702302
551000,0.25887388
552000,0.29695478
553000,0.34486392
554000,0.2578347
555000,0.3290994
556000,0.26120052
557000,0.2842248
558000,0.3195826
559000,0.31528944
560000,0.26974168
561000,0.3247889
562000,0.28124782
563000,0.28061455
564000,0.27508685
565000,0.33791804
566000,0.27599454
567000,0.32137376
568000,0.3890015
569000,0.35261837
570000,0.37520066
571000,0.25590903
572000,0.32579502
573000,0.3385003
574000,0.27478027
575000,0.31014806
576000,0.3197648
577000,0.31296355
578000,0.27653837
579000,0.29982862
580000,0.37449417
581000,0.30332872
582000,0.35638368
583000,0.3508702
584000,0.36079216
585000,0.33449745
586000,0.25580373
587000,0.3198926
588000,0.2802376
589000,0.36511037
590000,0.36389023
591000,0.31094813
592000,0.3558349
593000,0.31613666
594000,0.29713383
595000,0.3298203
596000,0.34154534
597000,0.25847867
598000,0.26627523
599000,0.35720897
600000,0.33601588
601000,0.3095107
602000,0.2603894
603000,0.24289155
604000,0.2695005
605000,0.25572
606000,0.34046984
607000,0.27802318
608000,0.273997
609000,0.31730884
610000,0.26032594
611000,0.3787179
612000,0.30979425
613000,0.2363135
614000,0.30144945
615000,0.2914495
616000,0.3165645
617000,0.37763652
618000,0.22332546
619000,0.3142919
620000,0.32689214
621000,0.28917623
622000,0.30103517
623000,0.3802312
624000,0.3182054
625000,0.3363492
626000,0.32308522
627000,0.42110473
628000,0.32576945
629000,0.30582917
630000,0.27974945
631000,0.37518305
632000,0.31843075
633000,0.3121453
634000,0.29647028
635000,0.36568877
636000,0.28175527
637000,0.28409207
638000,0.28975314
639000,0.31287414
640000,0.29063612
641000,0.2742997
642000,0.3223484
643000,0.32188302
644000,0.29144666
645000,0.3440849
646000,0.36440855
647000,0.34233803
648000,0.35313487
649000,0.35596138
650000,0.36015135
651000,0.36732277
652000,0.3279241
653000,0.31066722
654000,0.3473637
655000,0.27997887
656000,0.34668562
657000,0.40252662
658000,0.32052585
659000,0.31345874
660000,0.32869285
661000,0.3559333
662000,0.30674952
663000,0.33468685
664000,0.30196175
665000,0.3306418
666000,0.26431373
667000,0.3396091
668000,0.37980723
669000,0.31828564
670000,0.3606481
671000,0.29096308
672000,0.29361662
673000,0.36010486
674000,0.37379023
675000,0.30615348
676000,0.30110502
677000,0.31803924
678000,0.29728803
679000,0.35223824
680000,0.32786608
681000,0.26178187
682000,0.34540015
683000,0.33114466
684000,0.2645388
685000,0.3467297
686000,0.29539254
687000,0.30954847
688000,0.3322809
689000,0.3062596
690000,0.31861955
691000,0.33991385
692000,0.38754287
693000,0.30027872
694000,0.38427404
695000,0.3283304
696000,0.35260022
697000,0.39201048
698000,0.25344962
699000,0.31877077
700000,0.3115264
701000,0.2788173
702000,0.2616759
703000,0.25449377
704000,0.3142593
705000,0.296359
706000,0.30736428
707000,0.36639395
708000,0.32930154
709000,0.3050534
710000,0.32639503
711000,0.32159567
712000,0.35789222
713000,0.37545103
714000,0.3021248
715000,0.28804237
716000,0.29664347
717000,0.30513683
718000,0.30259204
719000,0.32686117
720000,0.3197616
721000,0.26049295
722000,0.31720948
723000,0.31834796
724000,0.33566478
725000,0.2992022
726000,0.28400958
727000,0.32557115
728000,0.29786232
729000,0.28275555
730000,0.33148813
731000,0.34700745
732000,0.34802514
733000,0.35897055
734000,0.32735437
735000,0.34246987
736000,0.43414626
737000,0.34670877
738000,0.35965425
739000,0.28184706
740000,0.3195849
741000,0.27710837
742000,0.30401215
743000,0.32906654
744000,0.33050928
745000,0.28165555
746000,0.32788104
747000,0.3438536
748000,0.3065724
749000,0.26936558
750000,0.34129614
751000,0.34724984
752000,0.29866213
753000,0.3357498
754000,0.31568995
755000,0.2862802
756000,0.26891193
757000,0.28740576
758000,0.24964404
759000,0.30778474
760000,0.34503627
761000,0.24902742
762000,0.33044457
763000,0.36462405
764000,0.3259199
765000,0.38347492
766000,0.36362988
767000,0.22472374
768000,0.33999243
769000,0.2573145
770000,0.3246499
771000,0.3081017
772000,0.3655049
773000,0.3253383
774000,0.30709556
775000,0.34314436
776000,0.37015706
777000,0.3498748
778000,0.29504463
779000,0.2559877
780000,0.35437447
781000,0.29342186
782000,0.3784281
