1000,0.14150643663015217
2000,0.24409759681050977
3000,0.2772893402392843
4000,0.29157379183820203
5000,0.2961029807144466
6000,0.2991435601825601
7000,0.29513277706471
8000,0.29209565752162003
9000,0.28723378196909005
10000,0.283489317319603
11000,0.28055720025225095
12000,0.27698449227737926
13000,0.2808006160147488
14000,0.27691504342854023
15000,0.2685691949278116
16000,0.25854898715019226
17000,0.2514952610731125
18000,0.24351440297067165
19000,0.23997802723944187
20000,0.2374743025749922
21000,0.23629315796494485
22000,0.23671404054760933
23000,0.23516695538163185
24000,0.23441426205635071
25000,0.23246035100519657
26000,0.23494020853936673
27000,0.2361391947865486
28000,0.2378125354349613
29000,0.23915987104177475
30000,0.24120182950794697
31000,0.24318346533179283
32000,0.24396053449809552
33000,0.2440478234142065
34000,0.24476448069512843
35000,0.24346077075600625
36000,0.24459221506118775
37000,0.24798170793056487
38000,0.25327768540382384
39000,0.255001029253006
40000,0.2560407150387764
41000,0.25601720714569093
42000,0.25762310072779654
43000,0.2568150477707386
44000,0.25446275478601454
45000,0.25379460924863817
46000,0.25343772730231284
47000,0.2549731189906597
48000,0.2552942503541708
49000,0.25244220642745496
50000,0.25014235816895963
51000,0.24779235936701297
52000,0.24624869644641875
53000,0.24352971950173377
54000,0.2436124262213707
55000,0.2457440867125988
56000,0.24729196158051492
57000,0.24809187904000282
58000,0.2498951344192028
59000,0.25023265862464905
60000,0.2502376266568899
61000,0.25108876103162764
62000,0.2487661513388157
63000,0.24989803817868234
64000,0.2504263137280941
65000,0.25291212111711503
66000,0.25408552983403204
67000,0.2531178778111935
68000,0.25276064839959145
69000,0.2516945616006851
70000,0.2522005958557129
71000,0.2505510316491127
72000,0.24845482882857323
73000,0.24775479727983474
74000,0.24806437042355536
75000,0.24872866836190224
76000,0.24724757730960845
77000,0.2478491623699665
78000,0.24797380731999874
79000,0.24794162540137768
80000,0.2468896631449461
81000,0.24536912940442562
82000,0.24495922227203845
83000,0.24774318404495715
84000,0.25055994261801245
85000,0.25412751384079457
86000,0.25786938904225826
87000,0.2609006047993898
88000,0.26091935451328757
89000,0.26150140579044817
90000,0.26328932735323907
91000,0.2622802927792072
92000,0.2616023107171059
93000,0.26109363228082655
94000,0.2617199526131153
95000,0.262538530766964
96000,0.26252627491950986
97000,0.2640212814807892
98000,0.26416908821463586
99000,0.2650914300382137
100000,0.2665452273786068
101000,0.2680302081406116
102000,0.2710370352566242
103000,0.2743907524049282
104000,0.27725504419207575
105000,0.2801147927939892
106000,0.28115761548280715
107000,0.2819040692448616
108000,0.2802257104218006
109000,0.2794066180884838
110000,0.2780429586172104
111000,0.2739926787912846
112000,0.2725913121700287
113000,0.2718109160065651
114000,0.27064878413081167
115000,0.2670323815047741
116000,0.2661638078987598
117000,0.2646336804032326
118000,0.2655564367175102
119000,0.2660225841999054
120000,0.26675622490048406
121000,0.2643325299024582
122000,0.2636213792860508
123000,0.2638554362654686
124000,0.265934111058712
125000,0.26589149540662765
126000,0.26582005032896994
127000,0.26577976733446124
128000,0.26679417565464975
129000,0.2658355070948601
130000,0.26581114825606345
131000,0.26635967373847963
132000,0.2677239403426647
133000,0.2697536357939243
134000,0.27115713998675345
135000,0.2707883517146111
136000,0.2696887736618519
137000,0.26764247384667395
138000,0.267166607439518
139000,0.26668934121727944
140000,0.2662651131749153
141000,0.266207501322031
142000,0.26553852742910383
143000,0.26469406911730764
144000,0.26300666737556455
145000,0.25883982333540917
146000,0.25760375055670737
147000,0.25700159710645676
148000,0.2577264308333397
149000,0.25691770103573797
150000,0.2557404714822769
151000,0.2548776302039623
152000,0.25579534691572187
153000,0.253962425172329
154000,0.25457178249955176
155000,0.2559278795421123
156000,0.25955875566601755
157000,0.2613923433423042
158000,0.26415433689951895
159000,0.26464539784193036
160000,0.266291924148798
161000,0.267923641115427
162000,0.2696139611303806
163000,0.27051839196681976
164000,0.2706855875551701
165000,0.2713581946492195
166000,0.27200181847810745
167000,0.27432391506433484
168000,0.2728102120757103
169000,0.27103771618008615
170000,0.269712322384119
171000,0.2702851831316948
172000,0.2730484254658222
173000,0.27382242956757546
174000,0.2735581654906273
175000,0.2746794329285622
176000,0.27475514701008796
177000,0.2751227089166641
178000,0.2737204069197178
179000,0.2728312016129494
180000,0.27212799999117854
181000,0.2739001196324825
182000,0.27638837626576424
183000,0.2780802301168442
184000,0.27775102835893634
185000,0.27613876420259476
186000,0.27267977577447894
187000,0.2733798218667507
188000,0.2715262391269207
189000,0.27299578842520716
190000,0.27314122647047046
191000,0.2751940007805824
192000,0.27569483748078344
193000,0.2742742984890938
194000,0.273335483700037
195000,0.27205836814641954
196000,0.2723027990460396
197000,0.2731067889332771
198000,0.2735430787503719
199000,0.2741025187075138
200000,0.2732762884795666
201000,0.2724991010725498
202000,0.2708853237628937
203000,0.2696355656385422
204000,0.26837281334400176
205000,0.2681969957947731
206000,0.2688213827908039
207000,0.26936273941397665
208000,0.27032752496004103
209000,0.2705043599009514
210000,0.2723188571035862
211000,0.27301537749171256
212000,0.27483370622992515
213000,0.2757878631055355
214000,0.27458574903011324
215000,0.2752548091411591
216000,0.2754361904859543
217000,0.27811095786094664
218000,0.2789263091087341
219000,0.27784719502925875
220000,0.27712070429325103
221000,0.2777769550085068
222000,0.27762551012635234
223000,0.27563436575233935
224000,0.2747232614904642
225000,0.27304383058846
226000,0.2724666205197573
227000,0.2724019420593977
228000,0.27267322431504726
229000,0.2702954547256231
230000,0.26625781674683097
231000,0.264006430670619
232000,0.2645677718967199
233000,0.26402943055331707
234000,0.26203141482174397
235000,0.2646295481622219
236000,0.26612478333711626
237000,0.2694010672867298
238000,0.271680330902338
239000,0.2733285766839981
240000,0.2761735739707947
241000,0.2788970342576504
242000,0.2810607956647873
243000,0.2838072482943535
244000,0.28445594701170923
245000,0.2836433359980583
246000,0.28205108591914174
247000,0.28103663900494574
248000,0.2782416969835758
249000,0.2768966996073723
250000,0.2752455604970455
251000,0.27474635803699493
252000,0.27431710413098337
253000,0.272348533064127
254000,0.2696029763817787
255000,0.26778417217731476
256000,0.2672296055555344
257000,0.26823396068811417
258000,0.2669727956652641
259000,0.26616999304294586
260000,0.26573374783992765
261000,0.265849301636219
262000,0.26456326732039454
263000,0.26268735441565516
264000,0.2599776839613914
265000,0.26016116586327553
266000,0.2608662124276161
267000,0.2620922840833664
268000,0.261510057747364
269000,0.26074891033768655
270000,0.26050460821390153
271000,0.26333377200365066
272000,0.2652781805694103
273000,0.26775603637099266
274000,0.26705005037784574
275000,0.2655999341905117
276000,0.26690624499320986
277000,0.2670563510656357
278000,0.266645112067461
279000,0.26552924552559853
280000,0.26653407475352286
281000,0.26815997874736786
282000,0.2696288772523403
283000,0.2690371627211571
284000,0.2684847731888294
285000,0.26901976922154425
286000,0.27034995892643926
287000,0.27293422919511795
288000,0.27564396685361864
289000,0.2760806455910206
290000,0.2773936207592487
291000,0.2785662197172642
292000,0.2790384839773178
293000,0.27707425835728644
294000,0.27624637621641157
295000,0.27482048332691195
296000,0.2730811097621918
297000,0.2692083942592144
298000,0.2662191682457924
299000,0.2643891333937645
300000,0.26439324507117273
301000,0.26331616631150245
302000,0.26481872937083245
303000,0.26531444972753526
304000,0.26597047060728074
305000,0.2665633089542389
306000,0.26628823804855345
307000,0.26658541399240493
308000,0.2670264087617397
309000,0.26840442246198654
310000,0.2685664728581905
311000,0.2689116788208485
312000,0.27101915606856347
313000,0.27017634040117267
314000,0.26970512703061106
315000,0.26747937852144243
316000,0.2653157382309437
317000,0.26563572672009467
318000,0.266117222905159
319000,0.26786733689904213
320000,0.2674239820241928
321000,0.26756357130408287
322000,0.2679767974317074
323000,0.266898719727993
324000,0.26631123715639116
325000,0.26380043190717695
326000,0.26415464663505556
327000,0.26396138909459116
328000,0.2631981692016125
329000,0.26201106745004654
330000,0.26305450254678725
331000,0.26213698473572733
332000,0.26337963360548017
333000,0.2645928165912628
334000,0.2642740929424763
335000,0.26308291682600976
336000,0.2612394126355648
337000,0.25999111905694006
338000,0.2581721625626087
339000,0.2588376696705818
340000,0.2601518187522888
341000,0.26207657122612
342000,0.2612137798368931
343000,0.26084240299463274
344000,0.2615975013077259
345000,0.2603089075982571
346000,0.2602246487736702
347000,0.2599761071205139
348000,0.26338554987311363
349000,0.26553312143683433
350000,0.2685226005911827
351000,0.2688599150776863
352000,0.2687675803005695
353000,0.26967998510599134
354000,0.2699359031319618
355000,0.26938151958584783
356000,0.26820273301005365
357000,0.2673532494008541
358000,0.2674875245988369
359000,0.2680097796022892
360000,0.268290849596262
361000,0.266468085616827
362000,0.2614949286878109
363000,0.25996620231866835
364000,0.2597051107287407
365000,0.2587265160083771
366000,0.25760066190361974
367000,0.25632209819555285
368000,0.25584574264287946
369000,0.25720782527327535
370000,0.25805826726555825
371000,0.2581196776032448
372000,0.25808210131525994
373000,0.26046883723139763
374000,0.26405912536382675
375000,0.26582515907287596
376000,0.2636458103507757
377000,0.2615878373235464
378000,0.25977411977946757
379000,0.25974624581635
380000,0.2617235752791166
381000,0.26421671847999095
382000,0.2653139058202505
383000,0.26720189754664897
384000,0.2654084313958883
385000,0.2633254374712706
386000,0.26158238558471203
387000,0.26284129394590855
388000,0.26508813132345677
389000,0.268629168599844
390000,0.27329750612378123
391000,0.2761335462033749
392000,0.27711578997969627
393000,0.27474206030368803
394000,0.2748106218576431
395000,0.2743101243376732
396000,0.2758746825158596
397000,0.277317987382412
398000,0.28064715933799744
399000,0.2812807986140251
400000,0.2810178861021996
401000,0.28054749181866645
402000,0.28101335793733595
403000,0.2789583186209202
404000,0.27821690368652346
405000,0.2777690816819668
406000,0.2770323251783848
407000,0.2771569310426712
408000,0.2752273368239403
409000,0.2745413170158863
410000,0.27314513263106344
411000,0.27061213594675065
412000,0.26869902801513673
413000,0.2674307879209518
414000,0.26601064583659173
415000,0.2637558096647263
416000,0.26259624525904657
417000,0.25995131823420525
418000,0.25621787130832674
419000,0.25350397622585297
420000,0.24859446087479592
421000,0.24823901215195657
422000,0.24830300763249397
423000,0.2501419576704502
424000,0.24945678815245628
425000,0.2499096473455429
426000,0.24948518908023834
427000,0.24998160353302956
428000,0.2496152026206255
429000,0.24874648167192936
430000,0.25014872606098654
431000,0.25176657985150813
432000,0.2555545035749674
433000,0.25862235386669635
434000,0.2583244091719389
435000,0.2572077168673277
436000,0.2595669074803591
437000,0.26045641891658305
438000,0.26299560455977916
439000,0.263215055719018
440000,0.26483529137074946
441000,0.2671158099770546
442000,0.26989007434248924
443000,0.2730075811445713
444000,0.27516033333539963
445000,0.2778485104739666
446000,0.2772990933060646
447000,0.2787762594819069
448000,0.2774781712591648
449000,0.2778403026461601
450000,0.27854803305864334
451000,0.2784607680737972
452000,0.2786235673725605
453000,0.278573960095644
454000,0.2783039650321007
455000,0.27792412117123605
456000,0.2766980438232422
457000,0.2751369279026985
458000,0.2724905195534229
459000,0.2736920879483223
460000,0.2753254901468754
461000,0.27865372610092165
462000,0.27925597175955774
463000,0.2811497600078583
464000,0.2800105747580528
465000,0.28112042382359503
466000,0.28128446757793424
467000,0.28153822115063665
468000,0.28078530269861224
469000,0.2775054847598076
470000,0.27637648087739947
471000,0.27604157707095145
472000,0.27421212756633756
473000,0.2735351979136467
474000,0.26785935804247857
475000,0.2682131389081478
476000,0.2660017309188843
477000,0.2634158307313919
478000,0.2595039356648922
479000,0.25761658829450607
480000,0.2563025174438953
481000,0.2580993963181972
482000,0.2588002868294716
483000,0.2601790831387043
484000,0.2615680831074715
485000,0.2613580067753792
486000,0.262857064217329
487000,0.2629504400193691
488000,0.26359388703107833
489000,0.26550625243783
490000,0.2669848280251026
491000,0.2708282570838928
492000,0.27201514133810994
493000,0.27152196609973905
494000,0.27187315735220907
495000,0.2721581684350967
496000,0.27337640744447705
497000,0.27476687175035475
498000,0.27478320068120954
499000,0.27506310656666755
500000,0.2747225236594677
501000,0.2752748076021671
502000,0.2735410639941692
503000,0.275028261423111
504000,0.2736667595803738
505000,0.273650176525116
506000,0.27569078209996223
507000,0.27484018886089323
508000,0.27193273785710337
509000,0.26717945878207683
510000,0.26509395442903044
511000,0.26272444827854635
512000,0.2617508373707533
513000,0.2621256764680147
514000,0.26437410636246206
515000,0.26485718931257723
516000,0.26614707170426843
517000,0.266925299718976
518000,0.265959886983037
519000,0.2640539994984865
520000,0.26454898028075696
521000,0.2647040997892618
522000,0.26384463207423686
523000,0.2653288841098547
524000,0.26819207264482975
525000,0.2676787734180689
526000,0.26597193358838556
527000,0.26399460043013095
528000,0.2647424468547106
529000,0.26327766983211043
530000,0.2648912755101919
531000,0.26633624328672884
532000,0.2678907432109118
533000,0.26820866994559767
534000,0.26864900113642215
535000,0.26859668681025506
536000,0.26679279083013535
537000,0.2649035885334015
538000,0.2641002343297005
539000,0.2641598044037819
540000,0.26372696271538737
541000,0.26185017335414884
542000,0.2591845195293426
543000,0.2568407706320286
544000,0.25677316668629646
545000,0.2573911775350571
546000,0.26043896621465684
547000,0.2602548940181732
548000,0.26076387107372284
549000,0.26161766377091406
550000,0.26066183614730837
551000,0.2618453333079815
552000,0.26271239772439003
553000,0.2634709946215153
554000,0.26533226001262666
555000,0.266630267649889
556000,0.26494170966744424
557000,0.2631057487130165
558000,0.2609195065498352
559000,0.26207200321555135
560000,0.26135116297006605
561000,0.26011262211203573
562000,0.26001064363121984
563000,0.25950496789813043
564000,0.2581547649204731
565000,0.2589740320146084
566000,0.25966570574045184
567000,0.25898585346341135
568000,0.2605153865516186
569000,0.26253179255127906
570000,0.26220845156908035
571000,0.2611473409831524
572000,0.2590904003083706
573000,0.26116342651844027
574000,0.2629592418372631
575000,0.2665099969506264
576000,0.2685116013586521
577000,0.26972168806195257
578000,0.2691116254329681
579000,0.2698512134850025
580000,0.27142381128668785
581000,0.2715351705551147
582000,0.2723391996324062
583000,0.2740300076007843
584000,0.2762733971774578
585000,0.27593229827284815
586000,0.27562798246741294
587000,0.27547318068146703
588000,0.27331202492117884
589000,0.2704722463786602
590000,0.26934447380900384
591000,0.2678545197844505
592000,0.26693161723017694
593000,0.2659805202782154
594000,0.26401662835478784
595000,0.2633854406774044
596000,0.2615988401770592
597000,0.2616512373685837
598000,0.2620274693667889
599000,0.2619279517829418
600000,0.2605945046544075
601000,0.26111509105563163
602000,0.26173260021209716
603000,0.2608139539957047
604000,0.2594468683898449
605000,0.2577415542304516
606000,0.2575997326374054
607000,0.25855304864048956
608000,0.2596325398981571
609000,0.259497183740139
610000,0.25799184224009514
611000,0.2569853563904762
612000,0.2568302989304066
613000,0.2574609668552876
614000,0.2575529510378838
615000,0.2577210820913315
616000,0.25994171261787413
617000,0.2630679189264774
618000,0.26443704265356066
619000,0.2650613647699356
620000,0.26455935356020926
621000,0.2652157714366913
622000,0.26606916111707685
623000,0.2670392742753029
624000,0.2676147111654282
625000,0.2675608350932598
626000,0.2653346093297005
627000,0.2636907145678997
628000,0.2622139541506767
629000,0.26096527034044265
630000,0.26186143887043
631000,0.26023027274012567
632000,0.26058703032135966
633000,0.2611677515804768
634000,0.26170457673072817
635000,0.26318584513664245
636000,0.2631243127584457
637000,0.26311802077293395
638000,0.2628742368370295
639000,0.26436183182895184
640000,0.2667853790074587
641000,0.26784860871732236
642000,0.2666962299495935
643000,0.26595782171189786
644000,0.26515752647817137
645000,0.262534629419446
646000,0.25879660715162756
647000,0.258798385694623
648000,0.2562326725274324
649000,0.25640289421379564
650000,0.25602320227026937
651000,0.2564604236185551
652000,0.25584018182754514
653000,0.2553882901072502
654000,0.25563456359505654
655000,0.2542359744012356
656000,0.25470445322990415
657000,0.2557234224975109
658000,0.2584750020503998
659000,0.259747437864542
660000,0.260168883562088
661000,0.26029668068885803
662000,0.26035249522328374
663000,0.25952089110016824
664000,0.259829145103693
665000,0.26074042266607284
666000,0.2610767060816288
667000,0.2590463708937168
668000,0.26088531589508057
669000,0.26286589205265043
670000,0.26437389275431633
671000,0.26544202464818956
672000,0.2658170142173767
673000,0.26651563197374345
674000,0.26735602766275407
675000,0.2694579636156559
676000,0.2702930433154106
677000,0.26906063097715377
678000,0.2695212118923664
679000,0.27009697884321215
680000,0.2678310213088989
681000,0.26545453929901125
682000,0.264520574182272
683000,0.26458166691660884
684000,0.26322849142551424
685000,0.264119014531374
686000,0.2638422744274139
687000,0.26593029880523683
688000,0.2675384903252125
689000,0.26677602785825727
690000,0.26856998074054717
691000,0.2681247934997082
692000,0.2694256092309952
693000,0.2718404740691185
694000,0.2743691830337048
695000,0.27515910810232164
696000,0.27507045182585715
697000,0.27530872032046316
698000,0.2741121529638767
699000,0.27452166128158567
700000,0.2738269227147102
701000,0.27395792400836944
702000,0.2733461186885834
703000,0.272810183942318
704000,0.2728106606602669
705000,0.2717100069224834
706000,0.2697537444531918
707000,0.26702414217591286
708000,0.26588033500313757
709000,0.26535147458314895
710000,0.26459117686748507
711000,0.2630024430155754
712000,0.2602972505688667
713000,0.2590059161782265
714000,0.25867761236429215
715000,0.2602961897850037
716000,0.2596951467096806
717000,0.2606689033508301
718000,0.2615545531511307
719000,0.26280945640802383
720000,0.2653837810456753
721000,0.2659969766139984
722000,0.2663548063635826
723000,0.2664183869063854
724000,0.2663723851144314
725000,0.2673845201730728
726000,0.268350661277771
727000,0.2710657695531845
728000,0.2700916053652763
729000,0.26975668689608573
730000,0.26856659570336344
731000,0.2682732927799225
732000,0.2665554772913456
733000,0.2648436813950539
734000,0.2651471788287163
735000,0.2659667697250843
736000,0.2669667140543461
737000,0.2701024040579796
738000,0.2698814933001995
739000,0.2688701742589474
740000,0.26675492677092555
741000,0.2651955953836441
742000,0.2656647472381592
743000,0.26546269756555557
744000,0.2642501731812954
745000,0.26231934121251105
746000,0.2592570096552372
747000,0.25652941602468493
748000,0.25486677783727646
749000,0.251756843239069
750000,0.2504717894792557
751000,0.2484881557226181
752000,0.24788946542143822
753000,0.2483251897394657
754000,0.24885085201263427
755000,0.24871911704540253
756000,0.2510494857430458
757000,0.2518955580294132
758000,0.2531527483165264
759000,0.25439696285128593
760000,0.2559061966836452
761000,0.2556134565770626
762000,0.254111213862896
763000,0.2540274513363838
764000,0.2545399587750435
765000,0.25483696097135544
766000,0.2561277387738228
767000,0.25717770904302595
768000,0.2562902220785618
769000,0.2565624957382679
770000,0.2559080661833286
771000,0.25751910042762755
772000,0.2586521006822586
773000,0.26018933829665186
774000,0.2619638287127018
775000,0.2650415973961353
776000,0.26519690030813214
777000,0.2655538254678249
778000,0.2663071359694004
779000,0.2670544154047966
780000,0.26824111109972
781000,0.2696747235655785
782000,0.2707942603826523
