999,-0.01975
1999,0.006734375
2999,0.00171875
3999,0.00434375
4999,0.000890625
5999,0.01009375
6999,0.00034375
7999,0.00625
8999,0.003640625
9999,0.003
10999,0.00540625
11999,0.002234375
12999,0.008125
13999,0.005234375
14999,0.00371875
15999,0.000171875
16999,0.003453125
17999,0.0033125
18999,0.005828125
19999,0.005125
20999,0.003859375
21999,0.00603125
22999,0.00165625
23999,0.007453125
24999,0.00384375
25999,0.008859375
26999,-0.002703125
27999,0.00559375
28999,0.008109375
29999,0.00065625
30999,0.004578125
31999,0.006203125
32999,0.00084375
33999,0.008890625
34999,0.00609375
35999,0.016390625
36999,0.009546875
37999,0.000328125
38999,0.011296875
39999,0.006796875
40999,0.00315625
41999,0.002546875
42999,0.004265625
43999,0.00496875
44999,0.003171875
45999,0.002953125
46999,0.003546875
47999,0.005796875
48999,0.00515625
49999,-0.00175
50999,-0.00165625
51999,0.003875
52999,0.01278125
53999,0.003296875
54999,0.006328125
55999,0.007265625
56999,0.005515625
57999,0.004734375
58999,-0.002171875
59999,0.00921875
60999,0.004015625
61999,0.001375
62999,0.003515625
63999,0.010078125
64999,-0.003328125
65999,0.00471875
66999,0.005484375
67999,0.007
68999,-0.000125
69999,0.005921875
70999,-0.003609375
71999,-0.001109375
72999,0.007328125
73999,0.002796875
74999,-0.002328125
75999,0.00525
76999,0.008546875
77999,0.006703125
78999,0.002953125
79999,0.000953125
80999,0.017859375
81999,0.00140625
82999,0.009953125
83999,0.005984375
84999,0.0120625
85999,-0.00053125
86999,0.010171875
87999,0.0024375
88999,0.00325
89999,0.011546875
90999,0.000625
91999,-0.0050625
92999,-0.003640625
93999,0.01134375
94999,0.0095625
95999,0.001171875
96999,0.004953125
97999,0.011015625
98999,0.004890625
99999,0.005421875
100999,0.010875
101999,0.0115
102999,0.00440625
103999,0.007015625
104999,-0.002890625
105999,0.0034375
106999,0.012078125
107999,0.008765625
108999,-0.0025625
109999,-0.003546875
110999,0.007078125
111999,0.006125
112999,0.002671875
113999,0.00221875
114999,0.00253125
115999,0.010046875
116999,0.0024375
117999,0.0049375
118999,0.000421875
119999,-0.0014375
120999,0.005484375
121999,-0.00090625
122999,0.0055625
123999,0.011953125
124999,0.006640625
125999,0.006015625
126999,0.008296875
127999,0.0011875
128999,0.001046875
129999,0.006546875
130999,0.00821875
131999,0.001625
132999,0.00178125
133999,0.00428125
134999,-0.0005
135999,0.009
136999,0.005015625
137999,0.002625
138999,0.005203125
139999,-0.00075
140999,0.00134375
141999,0.005265625
142999,0.00521875
143999,0.00278125
144999,0.00703125
145999,0.003796875
146999,-0.00028125
147999,0.003359375
148999,-0.00021875
149999,0.011859375
150999,0.007140625
151999,-0.00146875
152999,0.004875
153999,0.006359375
154999,0.0041875
155999,0.003765625
156999,0.00596875
157999,0.0018125
158999,0.00203125
159999,0.005546875
160999,-0.004296875
161999,0.002359375
162999,0.0135
163999,-0.00025
164999,0.01375
165999,0.00953125
166999,0.000765625
167999,-0.001265625
168999,0.008734375
169999,0.00584375
170999,0.0046875
171999,0.002453125
172999,0.002046875
173999,0.0039375
174999,0.006046875
175999,0.003921875
176999,-0.00034375
177999,0.006296875
178999,0.00834375
179999,0.01375
180999,0.00709375
181999,0.010265625
182999,-0.003328125
183999,0.00309375
184999,0.006609375
185999,0.00175
186999,0.004203125
187999,0.00234375
188999,0.007625
189999,-0.000546875
190999,0.007015625
191999,-0.00121875
192999,0.007953125
193999,0.008984375
194999,0.002046875
195999,0.0085625
196999,0.00065625
197999,0.00709375
198999,0.006375
199999,0.0021875
200999,0.004
201999,-0.002125
202999,0.001546875
203999,0.01246875
204999,0.006125
205999,0.00753125
206999,0.005375
207999,0.008734375
208999,0.010046875
209999,0.00159375
210999,0.007265625
211999,0.0060625
212999,0.000484375
213999,0.007625
214999,0.00559375
215999,0.004390625
216999,0.002875
217999,0.005375
218999,0.002546875
219999,0.00053125
220999,0.001484375
221999,0.00509375
222999,0.00253125
223999,-0.001859375
224999,0.01115625
225999,0.0028125
226999,0.001515625
227999,-0.001296875
228999,-0.0005
229999,-0.003375
230999,0.015234375
231999,0.010578125
232999,0.001390625
233999,0.01084375
234999,0.00984375
235999,0.006
236999,0.007546875
237999,0.0053125
238999,0.00875
239999,0.008125
240999,0.00546875
241999,0.00353125
242999,0.008765625
243999,0.00034375
244999,0.002796875
245999,-0.00059375
246999,0.001484375
247999,0.0136875
248999,0.002
249999,0.002484375
250999,0.007
251999,0.000828125
252999,0.005921875
253999,0.000203125
254999,0.004171875
255999,0.009203125
256999,0.002515625
257999,-0.000859375
258999,0.00284375
259999,0.0048125
260999,-0.003609375
261999,-0.004203125
262999,0.00559375
263999,0.001890625
264999,0.00603125
265999,0.005125
266999,0.001296875
267999,-0.007859375
268999,0.008984375
269999,0.0058125
270999,0.010140625
271999,0.002140625
272999,-0.00571875
273999,0.001625
274999,0.01290625
275999,0.0003125
276999,-0.0034375
277999,0.006109375
278999,0.01
279999,0.002515625
280999,-0.000796875
281999,0.012375
282999,0.011546875
283999,0.00925
284999,0.00046875
285999,0.0096875
286999,0.0081875
287999,0.0065625
288999,0.005046875
289999,0.00778125
290999,0.009296875
291999,-0.005140625
292999,-0.00046875
293999,0.008109375
294999,-0.00490625
295999,0.00184375
296999,0.006109375
297999,0.00278125
298999,0.0076875
299999,0.0095
300999,0.002796875
301999,0.008328125
302999,0.002640625
303999,0.0058125
304999,-6.25e-05
305999,0.00865625
306999,-0.00028125
307999,0.007953125
308999,0.001859375
309999,0.004078125
310999,0.00203125
311999,0.00875
312999,0.0024375
313999,0.006
314999,-0.00778125
315999,0.011234375
316999,0.0048125
317999,0.003609375
318999,0.000296875
319999,-0.0035625
320999,0.0025625
321999,0.00246875
322999,0.00496875
323999,-0.004203125
324999,0.00609375
325999,-0.00134375
326999,-0.002015625
327999,0.00909375
328999,0.00653125
329999,0.0053125
330999,0.006796875
331999,0.007015625
332999,0.000515625
333999,-0.0054375
334999,-0.000953125
335999,0.00221875
336999,0.00878125
337999,0.00340625
338999,0.007828125
339999,0.00484375
340999,0.000953125
341999,0.0073125
342999,0.004265625
343999,0.001984375
344999,0.004109375
345999,0.0038125
346999,-0.00190625
347999,0.005734375
348999,0.00509375
349999,0.005234375
350999,-0.00475
351999,0.012046875
352999,0.001734375
353999,0.000125
354999,-0.00115625
355999,0.00259375
356999,0.008546875
357999,0.009203125
358999,0.00034375
359999,-0.0101875
360999,-0.00078125
361999,0.00146875
362999,0.013171875
363999,-0.00128125
364999,0.007328125
365999,-0.000765625
366999,-0.002484375
367999,-0.001171875
368999,-0.002828125
369999,-0.005734375
370999,0.00909375
371999,0.00490625
372999,0.000109375
373999,-0.0020625
374999,0.0008125
375999,-0.005359375
376999,7.8125e-05
377999,0.001109375
378999,0.009203125
379999,0.00909375
380999,0.011296875
381999,0.003984375
382999,0.001828125
383999,-0.001171875
384999,-0.00015625
385999,0.010203125
386999,0.004671875
387999,0.0123125
388999,0.006453125
389999,0.007671875
390999,0.00165625
391999,0.004078125
392999,0.013828125
393999,0.00565625
394999,0.010171875
395999,0.006
396999,0.00409375
397999,0.000875
398999,0.004484375
399999,0.004234375
400999,0.007015625
401999,0.007421875
402999,0.004859375
403999,-7.8125e-05
404999,0.0035
405999,0.009203125
406999,0.01053125
407999,-0.002546875
408999,-0.0004375
409999,-0.0009375
410999,0.00696875
411999,0.0019375
412999,0.002234375
413999,0.002203125
414999,0.002109375
415999,-0.004890625
416999,-0.0093125
417999,-0.001984375
418999,-0.00171875
419999,0.004203125
420999,0.007484375
421999,0.0045625
422999,-0.001390625
423999,0.00809375
424999,-0.007609375
425999,0.00553125
426999,0.00340625
427999,-0.00146875
428999,-0.005234375
429999,0.003359375
430999,0.00796875
431999,-4.6875e-05
432999,0.00828125
433999,0.0013125
434999,-9.375e-05
435999,0.00684375
436999,0.00309375
437999,0.0030625
438999,0.0065
439999,0.002359375
440999,0.009734375
441999,0.0038125
442999,0.013265625
443999,0.01440625
444999,-0.00471875
445999,-0.000609375
446999,0.010875
447999,0.00271875
448999,-0.00034375
449999,0.00796875
450999,-0.000328125
451999,0.008484375
452999,0.0011875
453999,0.004890625
454999,0.00284375
455999,0.001015625
456999,0.000703125
457999,0.0073125
458999,0.016984375
459999,0.009890625
460999,0.005
461999,0.005671875
462999,0.00753125
463999,0.00265625
464999,0.00371875
465999,-0.00071875
466999,0.0005
467999,0.004171875
468999,0.0001875
469999,0.008046875
470999,-0.00015625
471999,0.002390625
472999,0.00115625
473999,0.0068125
474999,-0.000890625
475999,-0.0025
476999,-0.002296875
477999,0.00140625
478999,0.004015625
479999,0.004390625
480999,0.0015
481999,0.010234375
482999,0.00184375
483999,0.00475
484999,0.007140625
485999,0.00575
486999,-0.003953125
487999,0.001296875
488999,0.005421875
489999,0.010765625
490999,0.000640625
491999,0.006125
492999,0.007875
493999,0.006875
494999,0.00775
495999,0.005953125
496999,0.004
497999,-0.002921875
498999,-0.001984375
499999,0.012296875
500999,0.0029375
501999,-0.001765625
502999,0.00825
503999,0.00078125
504999,0.009109375
505999,0.001359375
506999,0.001515625
507999,-0.004609375
508999,0.003328125
509999,0.005203125
510999,0.00625
511999,0.005125
512999,0.0061875
513999,0.006
514999,0.0003125
515999,0.00859375
516999,-0.00096875
517999,0.002328125
518999,-0.004421875
519999,6.25e-05
520999,0.004609375
521999,0.0059375
522999,0.00403125
523999,0.003953125
524999,0.002125
525999,-3.125e-05
526999,0.0141875
527999,0.00684375
528999,-0.00084375
529999,0.005375
530999,0.003546875
531999,0.000171875
532999,0.000390625
533999,0.000671875
534999,-0.000875
535999,-0.004859375
536999,0.003546875
537999,0.000890625
538999,0.00590625
539999,0.00171875
540999,-0.0044375
541999,0.0018125
542999,0.01125
543999,0.00653125
544999,-0.00021875
545999,0.0015
546999,-0.002140625
547999,0.00303125
548999,0.00371875
549999,0.0093125
550999,0.006109375
551999,0.00178125
552999,0.001265625
553999,0.002640625
554999,-0.001140625
555999,0.001234375
556999,-0.001703125
557999,0.0055625
558999,-0.004875
559999,-0.0039375
560999,0.002921875
561999,-0.00053125
562999,0.00453125
563999,-0.000328125
564999,0.00415625
565999,0.008640625
566999,0.007609375
567999,-0.003890625
568999,0.00196875
569999,-0.005625
570999,0.000203125
571999,0.004859375
572999,0.0098125
573999,0.00078125
574999,0.009484375
575999,0.006109375
576999,0.00359375
577999,0.003953125
578999,0.007640625
579999,0.00271875
580999,0.00553125
581999,0.005828125
582999,0.000890625
583999,0.001328125
584999,0.0079375
585999,0.0013125
586999,-0.002203125
587999,-0.0001875
588999,0.005671875
589999,-0.003
590999,0.008953125
591999,0.000140625
592999,0.0025
593999,-0.0024375
594999,0.00159375
595999,0.00571875
596999,0.0026875
597999,0.012953125
598999,-0.00609375
599999,-0.001171875
600999,0.005
601999,0.0046875
602999,-0.00296875
603999,0.00071875
604999,0.006390625
605999,0.00396875
606999,0.001609375
607999,0.00425
608999,0.003796875
609999,0.000421875
610999,0.00178125
611999,-0.0034375
612999,0.006203125
613999,0.00375
614999,0.000609375
615999,0.007328125
616999,-0.001265625
617999,0.005390625
618999,0.003390625
619999,0.003125
620999,0.003953125
621999,-0.000265625
622999,0.007125
623999,-0.005359375
624999,-0.005
625999,-0.000296875
626999,-0.001796875
627999,0.00665625
628999,0.00690625
629999,-0.001203125
630999,0.006546875
631999,0.004515625
632999,0.007828125
633999,0.002984375
634999,0.006140625
635999,-0.002671875
636999,0.002203125
637999,-6.25e-05
638999,0.005453125
639999,0.00125
640999,-0.00028125
641999,0.006875
642999,-0.00146875
643999,-0.0073125
644999,-0.004953125
645999,0.013328125
646999,-0.00025
647999,0.00175
648999,-0.00171875
649999,-0.00090625
650999,0.004546875
651999,0.001953125
652999,-0.001140625
653999,0.00371875
654999,-0.005171875
655999,-0.003125
656999,0.00409375
657999,-0.0014375
658999,0.0014375
659999,3.125e-05
660999,-0.00078125
661999,0.0015
662999,0.008734375
663999,-0.002515625
664999,0.00228125
665999,0.0033125
666999,0.005921875
667999,0.00496875
668999,0.00478125
669999,-9.375e-05
670999,0.003453125
671999,0.00784375
672999,-0.00303125
673999,0.005734375
674999,0.006375
675999,0.000796875
676999,0.001390625
677999,-0.0025
678999,0.001796875
679999,-0.007265625
680999,0.0055625
681999,0.007921875
682999,0.0036875
683999,0.00325
684999,0.009421875
685999,0.000390625
686999,0.009296875
687999,0.005984375
688999,0.00253125
689999,0.001828125
690999,0.001671875
691999,0.006125
692999,0.00925
693999,0.00796875
694999,0.00228125
695999,0.003140625
696999,0.000265625
697999,0.011484375
698999,0.009265625
699999,6.25e-05
700999,-0.001015625
701999,0.003171875
702999,0.00065625
703999,0.00059375
704999,0.00396875
705999,0.00490625
706999,-0.0006875
707999,0.003046875
708999,-0.0008125
709999,0.00103125
710999,-0.002921875
711999,0.0063125
712999,0.005109375
713999,0.0009375
714999,0.003734375
715999,0.00625
716999,-0.003609375
717999,-0.000265625
718999,0.00275
719999,0.0044375
720999,0.00590625
721999,-0.001578125
722999,-0.00296875
723999,0.007546875
724999,0.01246875
725999,0.005640625
726999,-0.004046875
727999,0.004484375
728999,-0.001609375
729999,-0.001375
730999,-0.004484375
731999,-0.000375
732999,0.0045625
733999,0.006328125
734999,0.004859375
735999,0.003265625
736999,0.002453125
737999,-0.001421875
738999,-0.00034375
739999,-0.000140625
740999,0.003703125
741999,0.0026875
742999,-0.002078125
743999,-0.00490625
744999,0.0005625
745999,-0.00015625
746999,0.006765625
747999,0.007203125
748999,-0.00121875
749999,0.0016875
750999,-0.00234375
751999,-0.003515625
752999,0.002671875
753999,0.0065625
754999,-3.125e-05
755999,-0.003984375
756999,0.00309375
757999,-0.000859375
758999,-0.0018125
759999,0.001265625
760999,-0.002953125
761999,0.0065625
762999,0.0056875
763999,0.00284375
764999,0.002984375
765999,0.0014375
766999,0.001421875
767999,-0.001265625
768999,-0.00590625
769999,0.001375
770999,0.00528125
771999,0.0040625
772999,0.003390625
773999,0.005890625
774999,-0.008734375
775999,-0.0029375
776999,0.009515625
777999,0.00503125
778999,0.00365625
779999,-0.0004375
780999,0.000640625
781999,0.003875
