1000,13.39531397819519
2000,28.516624212265015
3000,43.544633626937866
4000,58.6120548248291
5000,73.77215075492859
6000,89.02920651435852
7000,103.99709963798523
8000,119.06855726242065
9000,134.0943922996521
10000,149.46391367912292
11000,164.64116954803467
12000,179.8818962574005
13000,195.1110577583313
14000,210.48831224441528
15000,225.77646946907043
16000,241.08027386665344
17000,256.310848236084
18000,271.62712383270264
19000,286.8226034641266
20000,302.2104859352112
21000,317.38616704940796
22000,332.45105147361755
23000,347.50693702697754
24000,362.715708732605
25000,378.1419003009796
26000,393.4330987930298
27000,408.63923048973083
28000,423.89431285858154
29000,439.1202893257141
30000,454.5264401435852
31000,469.64464569091797
32000,484.93251514434814
33000,500.15331268310547
34000,515.4486289024353
35000,530.5719752311707
36000,545.750097990036
37000,560.8489043712616
38000,576.0190167427063
39000,591.113979101181
40000,606.471697807312
41000,621.5867784023285
42000,636.8075618743896
43000,651.9163279533386
44000,667.1190419197083
45000,682.2302160263062
46000,697.4264016151428
47000,712.5601439476013
48000,727.7487862110138
49000,742.8746275901794
50000,758.2524347305298
51000,773.3471539020538
52000,788.5272941589355
53000,803.6352319717407
54000,818.8174886703491
55000,833.8829019069672
56000,849.0953724384308
57000,864.1889588832855
58000,879.4139022827148
59000,894.5083775520325
60000,909.874787569046
61000,924.9522950649261
62000,940.1190655231476
63000,955.2158041000366
64000,970.4076228141785
65000,985.4978709220886
66000,1000.6606588363647
67000,1015.7449724674225
68000,1030.9162242412567
69000,1046.038783788681
70000,1061.426335811615
71000,1076.5368723869324
72000,1091.705218553543
73000,1106.8174407482147
74000,1121.9941749572754
75000,1137.1370837688446
76000,1152.3512599468231
77000,1167.4354741573334
78000,1182.6190876960754
79000,1197.7421786785126
80000,1213.1227419376373
81000,1228.2451803684235
82000,1243.4429531097412
83000,1258.5356299877167
84000,1273.7394115924835
85000,1288.8359861373901
86000,1304.0237941741943
87000,1319.1477880477905
88000,1334.3097448349
89000,1349.40944814682
90000,1364.7359199523926
91000,1379.8436362743378
92000,1395.0039932727814
93000,1410.1184060573578
94000,1425.2706513404846
95000,1440.3501331806183
96000,1455.5159068107605
97000,1470.650732755661
98000,1485.8108654022217
99000,1500.9008309841156
100000,1516.2623829841614
101000,1531.3548066616058
102000,1546.5437619686127
103000,1561.6671981811523
104000,1576.8460886478424
105000,1591.9349920749664
106000,1607.1731581687927
107000,1622.3570008277893
108000,1637.6435894966125
109000,1652.796266078949
110000,1668.2273881435394
111000,1683.3178825378418
112000,1698.4759469032288
113000,1713.5673372745514
114000,1728.7715802192688
115000,1743.8576030731201
116000,1759.0783474445343
117000,1774.1610701084137
118000,1789.3632552623749
119000,1804.446917772293
120000,1819.7961642742157
121000,1834.8957343101501
122000,1850.1043877601624
123000,1865.3065803050995
124000,1880.581960439682
125000,1895.7540493011475
126000,1910.997650384903
127000,1926.1509580612183
128000,1941.3323512077332
129000,1956.4093039035797
130000,1971.743420600891
131000,1986.8450982570648
132000,2002.0254254341125
133000,2017.149426460266
134000,2032.349886417389
135000,2047.4546365737915
136000,2062.615745782852
137000,2077.715296268463
138000,2092.941977739334
139000,2108.12513422966
140000,2123.4842398166656
141000,2138.6685926914215
142000,2153.95064163208
143000,2169.0818009376526
144000,2184.2551820278168
145000,2199.3697850704193
146000,2214.6244537830353
147000,2229.7308509349823
148000,2244.9339578151703
149000,2260.0330386161804
150000,2275.37326335907
151000,2290.455637216568
152000,2305.6461243629456
153000,2320.7623126506805
154000,2335.9467210769653
155000,2351.0423781871796
156000,2366.2223751544952
157000,2381.3605518341064
158000,2396.601120710373
159000,2411.720846414566
160000,2427.0849945545197
161000,2442.197879552841
162000,2457.3941860198975
163000,2472.4813044071198
164000,2487.6586883068085
165000,2502.751610517502
166000,2517.934651374817
167000,2533.0316388607025
168000,2548.1717257499695
169000,2563.2676129341125
170000,2578.625568151474
171000,2593.7567486763
172000,2608.9703891277313
173000,2624.0933027267456
174000,2639.2972388267517
175000,2654.4064803123474
176000,2669.6651587486267
177000,2684.8321058750153
178000,2700.1317026615143
179000,2715.3314521312714
180000,2730.739006757736
181000,2745.9336676597595
182000,2761.222986459732
183000,2776.4114785194397
184000,2791.712025642395
185000,2806.8998789787292
186000,2822.180095911026
187000,2837.300354242325
188000,2852.4836916923523
189000,2867.6087441444397
190000,2882.995462656021
191000,2898.1015458106995
192000,2913.292338371277
193000,2928.4165031909943
194000,2943.5873234272003
195000,2958.698397874832
196000,2973.9034736156464
197000,2989.004090309143
198000,3004.2156682014465
199000,3019.2923851013184
200000,3034.649377822876
201000,3049.7401056289673
202000,3064.9626383781433
203000,3080.0568356513977
204000,3095.2501907348633
205000,3110.376405477524
206000,3125.562477827072
207000,3140.6460456848145
208000,3155.8207309246063
209000,3170.935176372528
210000,3186.3426671028137
211000,3201.457627058029
212000,3216.6674466133118
213000,3231.810157775879
214000,3246.988436460495
215000,3262.1119332313538
216000,3277.3410511016846
217000,3292.4546704292297
218000,3307.6364727020264
219000,3322.7485959529877
220000,3338.0919649600983
221000,3353.166259765625
222000,3368.3691906929016
223000,3383.4984827041626
224000,3398.692101240158
225000,3413.8050332069397
226000,3429.032331466675
227000,3444.137131690979
228000,3459.3041772842407
229000,3474.418109893799
230000,3489.7642588615417
231000,3504.8655145168304
232000,3520.03405213356
233000,3535.1053564548492
234000,3550.25817155838
235000,3565.3486952781677
236000,3580.6012263298035
237000,3595.794448852539
238000,3611.0483741760254
239000,3626.2063398361206
240000,3641.634952068329
241000,3656.8203027248383
242000,3672.0550549030304
243000,3687.2057242393494
244000,3702.443336248398
245000,3717.6071667671204
246000,3732.875326395035
247000,3748.0555176734924
248000,3763.318838596344
249000,3778.4859540462494
250000,3793.972213745117
251000,3809.158015012741
252000,3824.4485623836517
253000,3839.6047003269196
254000,3854.859314441681
255000,3870.059906721115
256000,3885.3046202659607
257000,3900.5041625499725
258000,3915.7688167095184
259000,3930.9504969120026
260000,3946.3872225284576
261000,3961.573873281479
262000,3976.8672149181366
263000,3992.045583486557
264000,4007.329915046692
265000,4022.523353099823
266000,4037.7449176311493
267000,4052.891040086746
268000,4068.1719658374786
269000,4083.299251794815
270000,4098.637709379196
271000,4113.731373310089
272000,4128.892596244812
273000,4144.000674724579
274000,4159.186320543289
275000,4174.303816318512
276000,4189.452172756195
277000,4204.551675796509
278000,4219.739079713821
279000,4234.856987953186
280000,4250.249224901199
281000,4265.362370252609
282000,4280.5805587768555
283000,4295.68398809433
284000,4310.862445354462
285000,4325.949103116989
286000,4341.180392503738
287000,4356.280063152313
288000,4371.499474525452
289000,4386.613978147507
290000,4401.912670135498
291000,4417.049876689911
292000,4432.306464910507
293000,4447.4872834682465
294000,4462.763736486435
295000,4477.952566623688
296000,4493.211135149002
297000,4508.387063264847
298000,4523.661600828171
299000,4538.8427629470825
300000,4554.312301635742
301000,4569.499489545822
302000,4584.751547574997
303000,4599.929050207138
304000,4615.207274675369
305000,4630.404194355011
306000,4645.651688575745
307000,4660.86577296257
308000,4676.114983558655
309000,4691.282534122467
310000,4706.687813282013
311000,4721.795976638794
312000,4736.994104862213
313000,4752.116811990738
314000,4767.284043073654
315000,4782.368010520935
316000,4797.536265134811
317000,4812.660137891769
318000,4827.845385551453
319000,4842.959441184998
320000,4858.279432058334
321000,4873.389789581299
322000,4888.6465430259705
323000,4903.766999959946
324000,4918.93412232399
325000,4934.0038940906525
326000,4949.237025260925
327000,4964.328766345978
328000,4979.518062353134
329000,4994.611012935638
330000,5009.946790218353
331000,5025.04009103775
332000,5040.250971078873
333000,5055.364888191223
334000,5070.543244361877
335000,5085.654873371124
336000,5100.843882322311
337000,5115.928453207016
338000,5131.1447858810425
339000,5146.2486090660095
340000,5161.645631790161
341000,5176.808226585388
342000,5192.085768938065
343000,5207.268199205399
344000,5222.527374982834
345000,5237.722594738007
346000,5252.961607217789
347000,5268.132016658783
348000,5283.421592712402
349000,5298.599388599396
350000,5314.0443546772
351000,5329.217536687851
352000,5344.492168426514
353000,5359.685608625412
354000,5374.937393903732
355000,5390.116506814957
356000,5405.338544130325
357000,5420.513442277908
358000,5435.772112131119
359000,5450.931464910507
360000,5466.370884418488
361000,5481.572491168976
362000,5496.826537132263
363000,5511.944538354874
364000,5527.143302679062
365000,5542.2460153102875
366000,5557.425909280777
367000,5572.549896478653
368000,5587.7355444431305
369000,5602.84024477005
370000,5618.210844993591
371000,5633.3390853405
372000,5648.517147779465
373000,5663.644139289856
374000,5678.972640991211
375000,5694.146042346954
376000,5709.399087905884
377000,5724.54239487648
378000,5739.809672832489
379000,5754.995924472809
380000,5770.381596803665
381000,5785.582915306091
382000,5800.796098709106
383000,5815.942340135574
384000,5831.207545757294
385000,5846.400328159332
386000,5861.717648267746
387000,5877.031810045242
388000,5892.336912155151
389000,5907.583687543869
390000,5922.95437669754
391000,5938.070485115051
392000,5953.284162759781
393000,5968.285443067551
394000,5983.357324361801
395000,5998.462549448013
396000,6013.538373470306
397000,6028.573799133301
398000,6043.765939474106
399000,6059.003388166428
400000,6074.665438175201
401000,6089.9500942230225
402000,6105.26123714447
403000,6120.498105764389
404000,6135.804837703705
405000,6151.031697750092
406000,6166.3474407196045
407000,6181.586149454117
408000,6196.942914247513
409000,6212.166108369827
410000,6227.724043607712
411000,6242.885959625244
412000,6258.18004488945
413000,6273.344022512436
414000,6288.592167377472
415000,6303.780447006226
416000,6319.085277557373
417000,6334.262805223465
418000,6349.5586676597595
419000,6364.726250886917
420000,6380.179315805435
421000,6395.343098163605
422000,6410.641658306122
423000,6425.791634321213
424000,6441.06196141243
425000,6456.253173828125
426000,6471.538991451263
427000,6486.70055103302
428000,6501.941725730896
429000,6517.150887727737
430000,6532.5942986011505
431000,6547.804858446121
432000,6563.110304117203
433000,6578.3010222911835
434000,6593.6020424366
435000,6608.772393941879
436000,6624.03431558609
437000,6639.221924543381
438000,6654.491227865219
439000,6669.663994550705
440000,6685.147796392441
441000,6700.352682590485
442000,6715.6759121418
443000,6730.865388631821
444000,6746.223482131958
445000,6761.468767404556
446000,6776.813007593155
447000,6791.999539136887
448000,6807.337867259979
449000,6822.495244979858
450000,6837.8857209682465
451000,6853.057858467102
452000,6868.361384153366
453000,6883.626305818558
454000,6898.965982913971
455000,6914.200075864792
456000,6929.566520929337
457000,6944.779677391052
458000,6960.257055521011
459000,6975.463269948959
460000,6990.870027542114
461000,7006.068274259567
462000,7021.349209785461
463000,7036.563992738724
464000,7051.858121395111
465000,7067.043942928314
466000,7082.305666446686
467000,7097.480038404465
468000,7112.743217945099
469000,7127.9088797569275
470000,7143.330425024033
471000,7158.515467643738
472000,7173.764219999313
473000,7188.94033575058
474000,7204.231607198715
475000,7219.43546128273
476000,7234.697117567062
477000,7249.856809616089
478000,7265.16748213768
479000,7280.317308425903
480000,7295.706394195557
481000,7310.864786624908
482000,7326.134879350662
483000,7341.295093297958
484000,7356.562798500061
485000,7371.727079153061
486000,7386.958335399628
487000,7402.129229545593
488000,7417.368378639221
489000,7432.530706167221
490000,7447.925072193146
491000,7463.086433172226
492000,7478.368376731873
493000,7493.547828435898
494000,7508.756372213364
495000,7523.91400718689
496000,7539.174279928207
497000,7554.321580886841
498000,7569.545730829239
499000,7584.742951631546
500000,7600.139296531677
501000,7615.342226266861
502000,7630.612406730652
503000,7645.801795005798
504000,7661.051403045654
505000,7676.234572887421
506000,7691.5126667022705
507000,7706.7268743515015
508000,7721.979806423187
509000,7737.193284034729
510000,7752.642251968384
511000,7767.846633911133
512000,7783.147319078445
513000,7798.35564827919
514000,7813.63596868515
515000,7828.83683848381
516000,7844.09628033638
517000,7859.284599065781
518000,7874.581029653549
519000,7889.807785987854
520000,7905.26539182663
521000,7920.478821277618
522000,7935.734918355942
523000,7950.914124965668
524000,7966.1861827373505
525000,7981.382407426834
526000,7996.673848390579
527000,8011.825694561005
528000,8027.091287612915
529000,8042.274700880051
530000,8057.772076845169
531000,8072.94487452507
532000,8088.198243141174
533000,8103.4051632881165
534000,8118.687051773071
535000,8133.870170593262
536000,8149.155051708221
537000,8164.383478879929
538000,8179.612482309341
539000,8194.786401748657
540000,8210.20868563652
541000,8225.382379055023
542000,8240.651010036469
543000,8255.838518619537
544000,8271.1398499012
545000,8286.333675146103
546000,8301.617210388184
547000,8316.804968833923
548000,8332.090980052948
549000,8347.285069227219
550000,8362.754610300064
551000,8377.922228574753
552000,8393.201625585556
553000,8408.392068386078
554000,8423.685191392899
555000,8438.857741117477
556000,8454.117871046066
557000,8469.311605453491
558000,8484.6326212883
559000,8499.824563980103
560000,8515.320256710052
561000,8530.550884962082
562000,8545.813547849655
563000,8560.997159957886
564000,8576.246921777725
565000,8591.446645975113
566000,8606.714586496353
567000,8621.914751768112
568000,8637.212359905243
569000,8652.391828536987
570000,8667.828350305557
571000,8683.006737709045
572000,8698.28664135933
573000,8713.476664304733
574000,8728.749793291092
575000,8743.930161714554
576000,8759.218067407608
577000,8774.396718978882
578000,8789.664798021317
579000,8804.871000051498
580000,8820.35108590126
581000,8835.546926498413
582000,8850.822208404541
583000,8866.006731510162
584000,8881.325133562088
585000,8896.528732061386
586000,8911.809702157974
587000,8927.012698888779
588000,8942.298695802689
589000,8957.49977016449
590000,8972.935347795486
591000,8988.11689376831
592000,9003.425030708313
593000,9018.627331018448
594000,9033.929559469223
595000,9049.151379585266
596000,9064.422106266022
597000,9079.620126724243
598000,9094.883469343185
599000,9110.080575704575
600000,9125.505217313766
601000,9140.714116573334
602000,9155.99212527275
603000,9171.143026590347
604000,9186.392730236053
605000,9201.59074640274
606000,9216.873678922653
607000,9232.063215732574
608000,9247.34267616272
609000,9262.528964042664
610000,9277.984097242355
611000,9293.20755982399
612000,9308.50206375122
613000,9323.66698384285
614000,9338.927080154419
615000,9354.111045122147
616000,9369.412892580032
617000,9384.612844944
618000,9399.870857000351
619000,9415.067181110382
620000,9430.535278558731
621000,9445.738637447357
622000,9461.013193368912
623000,9476.205695390701
624000,9491.50412106514
625000,9506.708691596985
626000,9522.0134100914
627000,9537.237476587296
628000,9552.552971601486
629000,9567.748790740967
630000,9583.181629896164
631000,9598.405163288116
632000,9613.623292922974
633000,9628.812578439713
634000,9644.070489168167
635000,9659.270755529404
636000,9674.519195318222
637000,9689.702498435974
638000,9704.971360445023
639000,9720.161386489868
640000,9735.569373607635
641000,9750.794573307037
642000,9766.03462100029
643000,9781.215262174606
644000,9796.479980945587
645000,9811.693866491318
646000,9826.994897842407
647000,9842.18544960022
648000,9857.45917224884
649000,9872.656254768372
650000,9888.106808185577
651000,9903.303619384766
652000,9918.588772535324
653000,9933.793326377869
654000,9949.104560136795
655000,9964.25811624527
656000,9979.516600131989
657000,9994.71541428566
658000,10009.98591542244
659000,10025.152577400208
660000,10040.638011693954
661000,10055.802134513855
662000,10071.061354637146
663000,10086.24716258049
664000,10101.544379711151
665000,10116.71900343895
666000,10131.978279829025
667000,10147.158325195312
668000,10162.446166753769
669000,10177.631674051285
670000,10193.121668338776
671000,10208.312116622925
672000,10223.573924541473
673000,10238.769074678421
674000,10254.092081546783
675000,10269.26251411438
676000,10284.52541422844
677000,10299.70674753189
678000,10314.947183132172
679000,10330.135027170181
680000,10345.626709461212
681000,10360.846742153168
682000,10376.118296861649
683000,10391.277567386627
684000,10406.564666748047
685000,10421.764730930328
686000,10437.050810337067
687000,10452.255404233932
688000,10467.557439804077
689000,10482.744460582733
690000,10498.220698833466
691000,10513.509770154953
692000,10528.836201429367
693000,10544.087842941284
694000,10559.399144887924
695000,10574.577438354492
696000,10590.014235019684
697000,10605.418627738953
698000,10620.763331413269
699000,10635.95179271698
700000,10651.45404958725
701000,10666.901970386505
702000,10682.38420534134
703000,10697.700599193573
704000,10713.166615486145
705000,10728.50827908516
706000,10743.923187732697
707000,10759.195004463196
708000,10774.558186769485
709000,10789.834429502487
710000,10805.38755273819
711000,10820.652455091476
712000,10836.335433483124
713000,10851.749143600464
714000,10867.31291437149
715000,10882.692987680435
716000,10898.275789737701
717000,10913.608276128769
718000,10929.004703760147
719000,10944.540496110916
720000,10960.1985206604
721000,10975.6296479702
722000,10991.099056482315
723000,11006.316479206085
724000,11021.648295164108
725000,11036.893748044968
726000,11052.358320713043
727000,11067.8384912014
728000,11083.190934181213
729000,11098.497327566147
730000,11114.032210826874
731000,11129.396488428116
732000,11144.760592222214
733000,11160.079841375351
734000,11175.38086938858
735000,11190.630838155746
736000,11206.029824256897
737000,11221.367826461792
738000,11236.745111227036
739000,11252.13471698761
740000,11267.770812749863
741000,11283.289277791977
742000,11298.889399290085
743000,11314.24225950241
744000,11329.728333234787
745000,11345.075510025024
746000,11360.618818283081
747000,11375.953738927841
748000,11391.344198465347
749000,11406.70820403099
750000,11422.463199138641
751000,11437.828285455704
752000,11453.284309387207
753000,11468.629136562347
754000,11484.274989128113
755000,11500.022789001465
756000,11515.37589263916
757000,11530.758358716965
758000,11546.22321152687
759000,11561.486640691757
760000,11577.096339702606
761000,11592.389548301697
762000,11607.793352842331
763000,11623.1020758152
764000,11638.538171291351
765000,11653.913752794266
766000,11669.352691411972
767000,11684.82017827034
768000,11700.29807972908
769000,11715.632817745209
770000,11731.51440000534
771000,11747.013349294662
772000,11762.4801800251
773000,11777.929373502731
774000,11793.387601613998
775000,11808.734296560287
776000,11824.16280078888
777000,11839.520196914673
778000,11854.953377723694
779000,11870.043355941772
780000,11885.261436700821
781000,11900.47052192688
782000,11915.72318649292
