1000,7017
2000,14486
3000,22221
4000,29832
5000,37499
6000,44814
7000,52196
8000,59414
9000,66699
10000,73861
11000,81009
12000,88127
13000,95120
14000,102163
15000,109095
16000,116254
17000,123468
18000,130463
19000,137429
20000,144273
21000,151338
22000,158420
23000,165599
24000,172801
25000,179867
26000,186972
27000,193977
28000,201039
29000,208234
30000,215252
31000,222490
32000,229565
33000,236624
34000,243724
35000,250753
36000,257678
37000,264716
38000,271686
39000,278661
40000,285672
41000,292724
42000,299776
43000,306757
44000,313710
45000,320779
46000,327702
47000,334766
48000,341819
49000,348926
50000,356021
51000,362934
52000,370067
53000,376967
54000,384090
55000,391082
56000,398085
57000,405131
58000,412187
59000,419167
60000,426148
61000,433286
62000,440499
63000,447724
64000,454801
65000,461809
66000,468990
67000,475892
68000,482943
69000,490068
70000,497170
71000,504140
72000,511197
73000,518403
74000,525448
75000,532423
76000,539382
77000,546343
78000,553334
79000,560445
80000,567528
81000,574452
82000,581447
83000,588224
84000,595369
85000,602323
86000,609176
87000,616079
88000,623190
89000,630143
90000,636984
91000,644117
92000,651114
93000,658009
94000,664956
95000,671785
96000,678712
97000,685610
98000,692710
99000,699715
100000,706718
101000,713556
102000,720561
103000,727370
104000,734179
105000,741107
106000,748189
107000,755206
108000,762160
109000,769086
110000,775875
111000,782791
112000,789718
113000,796603
114000,803489
115000,810325
116000,817289
117000,824154
118000,831021
119000,837877
120000,844802
121000,851640
122000,858484
123000,865325
124000,872215
125000,879017
126000,886002
127000,892857
128000,899812
129000,906776
130000,913672
131000,920590
132000,927519
133000,934432
134000,941337
135000,948275
136000,955268
137000,962063
138000,968999
139000,975894
140000,982848
141000,989856
142000,996900
143000,1003849
144000,1010808
145000,1017822
146000,1024816
147000,1031549
148000,1038388
149000,1045283
150000,1052120
151000,1059140
152000,1066084
153000,1072988
154000,1079942
155000,1086843
156000,1093799
157000,1100695
158000,1107571
159000,1114414
160000,1121310
161000,1128171
162000,1135241
163000,1142257
164000,1149164
165000,1156138
166000,1163007
167000,1169806
168000,1176691
169000,1183372
170000,1190188
171000,1196966
172000,1203821
173000,1210446
174000,1217204
175000,1224030
176000,1230754
177000,1237440
178000,1244320
179000,1251167
180000,1258013
181000,1264878
182000,1271821
183000,1278680
184000,1285590
185000,1292431
186000,1299353
187000,1306236
188000,1313072
189000,1320017
190000,1327097
191000,1334034
192000,1341235
193000,1348121
194000,1355109
195000,1361997
196000,1368894
197000,1375684
198000,1382511
199000,1389408
200000,1396394
201000,1403203
202000,1410131
203000,1416927
204000,1423782
205000,1430664
206000,1437489
207000,1444339
208000,1451226
209000,1458128
210000,1464997
211000,1471877
212000,1478703
213000,1485638
214000,1492447
215000,1499381
216000,1506385
217000,1513251
218000,1520212
219000,1527178
220000,1534019
221000,1540666
222000,1547456
223000,1554317
224000,1561109
225000,1567912
226000,1574749
227000,1581564
228000,1588358
229000,1595223
230000,1601971
231000,1608830
232000,1615614
233000,1622504
234000,1629171
235000,1635961
236000,1642715
237000,1649685
238000,1656641
239000,1663445
240000,1670191
241000,1677002
242000,1683881
243000,1690832
244000,1697672
245000,1704443
246000,1711325
247000,1718208
248000,1725097
249000,1731871
250000,1738713
251000,1745506
252000,1752321
253000,1759098
254000,1765889
255000,1772683
256000,1779339
257000,1785986
258000,1792748
259000,1799504
260000,1806130
261000,1812842
262000,1819818
263000,1826824
264000,1833852
265000,1840741
266000,1847582
267000,1854208
268000,1861016
269000,1867892
270000,1874809
271000,1881502
272000,1888366
273000,1895219
274000,1902108
275000,1909020
276000,1915843
277000,1922746
278000,1929589
279000,1936430
280000,1943386
281000,1950261
282000,1957199
283000,1964138
284000,1971077
285000,1978119
286000,1985020
287000,1991763
288000,1998620
289000,2005446
290000,2012107
291000,2019040
292000,2025761
293000,2032622
294000,2039508
295000,2046384
296000,2053384
297000,2060176
298000,2066993
299000,2073950
300000,2080900
301000,2087835
302000,2094632
303000,2101387
304000,2108205
305000,2114999
306000,2121670
307000,2128487
308000,2135318
309000,2141934
310000,2148658
311000,2155483
312000,2162264
313000,2169114
314000,2175837
315000,2182622
316000,2189380
317000,2196102
318000,2202735
319000,2209418
320000,2216241
321000,2222864
322000,2229613
323000,2236179
324000,2242835
325000,2249633
326000,2256332
327000,2263024
328000,2269882
329000,2276705
330000,2283376
331000,2290019
332000,2296776
333000,2303559
334000,2310272
335000,2316854
336000,2323476
337000,2330207
338000,2337012
339000,2343868
340000,2350672
341000,2357540
342000,2364418
343000,2371223
344000,2377976
345000,2384710
346000,2391331
347000,2398140
348000,2404791
349000,2411568
350000,2418283
351000,2425088
352000,2431787
353000,2438288
354000,2444890
355000,2451566
356000,2458214
357000,2464980
358000,2471714
359000,2478425
360000,2485215
361000,2491815
362000,2498520
363000,2505295
364000,2512085
365000,2518909
366000,2525630
367000,2532459
368000,2539210
369000,2545896
370000,2552630
371000,2559318
372000,2566093
373000,2572966
374000,2579633
375000,2586308
376000,2592884
377000,2599532
378000,2606211
379000,2612938
380000,2619702
381000,2626463
382000,2633047
383000,2639782
384000,2646317
385000,2652914
386000,2659631
387000,2666340
388000,2673182
389000,2679977
390000,2686580
391000,2693282
392000,2700031
393000,2706753
394000,2713479
395000,2720158
396000,2726704
397000,2733517
398000,2740227
399000,2746881
400000,2753601
401000,2760377
402000,2767103
403000,2773834
404000,2780510
405000,2787238
406000,2794038
407000,2800777
408000,2807527
409000,2814298
410000,2820993
411000,2827778
412000,2834444
413000,2841190
414000,2847886
415000,2854618
416000,2861221
417000,2867781
418000,2874433
419000,2881101
420000,2887702
421000,2894353
422000,2901075
423000,2907781
424000,2914377
425000,2921038
426000,2927738
427000,2934517
428000,2941220
429000,2947810
430000,2954535
431000,2961093
432000,2967717
433000,2974470
434000,2981153
435000,2987953
436000,2994566
437000,3001283
438000,3007808
439000,3014683
440000,3021378
441000,3028088
442000,3034731
443000,3041264
444000,3048071
445000,3054892
446000,3061489
447000,3068159
448000,3074778
449000,3081528
450000,3088213
451000,3094850
452000,3101488
453000,3108091
454000,3114720
455000,3121213
456000,3127824
457000,3134492
458000,3141135
459000,3147751
460000,3154578
461000,3161273
462000,3167966
463000,3174660
464000,3181169
465000,3187641
466000,3194167
467000,3200771
468000,3207262
469000,3213797
470000,3220369
471000,3227069
472000,3233768
473000,3240488
474000,3246973
475000,3253546
476000,3260218
477000,3266887
478000,3273570
479000,3280211
480000,3286854
481000,3293424
482000,3300004
483000,3306562
484000,3313235
485000,3319896
486000,3326382
487000,3332899
488000,3339601
489000,3346269
490000,3352969
491000,3359640
492000,3366174
493000,3372723
494000,3379254
495000,3385989
496000,3392674
497000,3399173
498000,3405847
499000,3412478
500000,3419299
501000,3425990
502000,3432536
503000,3439171
504000,3445882
505000,3452500
506000,3459043
507000,3465671
508000,3472345
509000,3478875
510000,3485549
511000,3492189
512000,3498858
513000,3505573
514000,3512230
515000,3518903
516000,3525402
517000,3532032
518000,3538509
519000,3545172
520000,3551999
521000,3558603
522000,3565158
523000,3571693
524000,3578495
525000,3585018
526000,3591617
527000,3598148
528000,3604765
529000,3611415
530000,3617969
531000,3624557
532000,3631055
533000,3637565
534000,3643991
535000,3650528
536000,3657090
537000,3663699
538000,3670238
539000,3676878
540000,3683557
541000,3690351
542000,3697039
543000,3703731
544000,3710220
545000,3716726
546000,3723202
547000,3729791
548000,3736451
549000,3742972
550000,3749594
551000,3756089
552000,3762710
553000,3769253
554000,3775771
555000,3782367
556000,3789055
557000,3795669
558000,3802361
559000,3808763
560000,3815252
561000,3821678
562000,3828290
563000,3834889
564000,3841286
565000,3847820
566000,3854275
567000,3860778
568000,3867483
569000,3874047
570000,3880617
571000,3887167
572000,3893692
573000,3900231
574000,3906655
575000,3913054
576000,3919620
577000,3925997
578000,3932611
579000,3939020
580000,3945444
581000,3951831
582000,3958455
583000,3964869
584000,3971462
585000,3977974
586000,3984392
587000,3990983
588000,3997539
589000,4004071
590000,4010527
591000,4016972
592000,4023403
593000,4029900
594000,4036432
595000,4042972
596000,4049518
597000,4056042
598000,4062523
599000,4069043
600000,4075483
601000,4082006
602000,4088555
603000,4095104
604000,4101625
605000,4108197
606000,4114723
607000,4121211
608000,4127707
609000,4134163
610000,4140655
611000,4147155
612000,4153610
613000,4160060
614000,4166524
615000,4172920
616000,4179342
617000,4185772
618000,4192307
619000,4198764
620000,4205220
621000,4211758
622000,4218210
623000,4224746
624000,4231276
625000,4237874
626000,4244425
627000,4250908
628000,4257398
629000,4263880
630000,4270385
631000,4276965
632000,4283442
633000,4289851
634000,4296249
635000,4302659
636000,4309092
637000,4315591
638000,4322050
639000,4328588
640000,4335140
641000,4341615
642000,4348096
643000,4354466
644000,4360948
645000,4367353
646000,4373835
647000,4380184
648000,4386668
649000,4393126
650000,4399642
651000,4406226
652000,4412652
653000,4419119
654000,4425489
655000,4431853
656000,4438207
657000,4444666
658000,4451220
659000,4457670
660000,4464206
661000,4470840
662000,4477471
663000,4483947
664000,4490450
665000,4496882
666000,4503329
667000,4509749
668000,4516319
669000,4522860
670000,4529367
671000,4535790
672000,4542372
673000,4548851
674000,4555256
675000,4561755
676000,4568121
677000,4574646
678000,4580973
679000,4587426
680000,4593822
681000,4600232
682000,4606591
683000,4613128
684000,4619626
685000,4626033
686000,4632458
687000,4639110
688000,4645516
689000,4652018
690000,4658426
691000,4664813
692000,4671148
693000,4677561
694000,4683953
695000,4690251
696000,4696721
697000,4703137
698000,4709631
699000,4716051
700000,4722523
701000,4728845
702000,4735200
703000,4741512
704000,4747935
705000,4754315
706000,4760696
707000,4767008
708000,4773289
709000,4779705
710000,4786092
711000,4792390
712000,4798710
713000,4805044
714000,4811332
715000,4817635
716000,4824154
717000,4830535
718000,4836958
719000,4843306
720000,4849819
721000,4856341
722000,4862816
723000,4869304
724000,4875802
725000,4882326
726000,4888857
727000,4895300
728000,4901836
729000,4908257
730000,4914714
731000,4921094
732000,4927613
733000,4934011
734000,4940381
735000,4946725
736000,4953194
737000,4959477
738000,4965853
739000,4972254
740000,4978765
741000,4985201
742000,4991599
743000,4998005
744000,5004312
745000,5010611
746000,5017181
747000,5023659
748000,5030085
749000,5036409
750000,5042658
751000,5049152
752000,5055507
753000,5062004
754000,5068327
755000,5074545
756000,5080889
757000,5087287
758000,5093601
759000,5100092
760000,5106495
761000,5112891
762000,5119183
763000,5125498
764000,5131879
765000,5138211
766000,5144564
767000,5150868
768000,5157250
769000,5163595
770000,5169930
771000,5176280
772000,5182582
773000,5189040
774000,5195471
775000,5201765
776000,5208132
777000,5214444
778000,5220830
779000,5227149
780000,5233626
781000,5240011
782000,5246526
