1000,0.04737522959476337
2000,0.04895164646829168
3000,0.04730300690113966
4000,0.04810100635758748
5000,0.04776000342098996
6000,0.047133850929295194
7000,0.04750114493072033
8000,0.047333264007018164
9000,0.047025390308011665
10000,0.04676611869767004
11000,0.046648849220084096
12000,0.04649369366530139
13000,0.0463303643912077
14000,0.04579609454795718
15000,0.04542124634981155
16000,0.045210059758275745
17000,0.04489412458240986
18000,0.04504882381483912
19000,0.04499103169515729
20000,0.04454347136616707
21000,0.04417017123103142
22000,0.044189742915332314
23000,0.04413470683991909
24000,0.043885581012815235
25000,0.04399728294461966
26000,0.044207197289913895
27000,0.04414773655682802
28000,0.04411209487915039
29000,0.04397798853740096
30000,0.04397062051296234
31000,0.04416594705358148
32000,0.04403930700570345
33000,0.04440192211791873
34000,0.04475270401313901
35000,0.04461647211760283
36000,0.04451235989481211
37000,0.04450840125605464
38000,0.044222496028989554
39000,0.04439389527589083
40000,0.04454298599809408
41000,0.04447457845509052
42000,0.044486241925507784
43000,0.043941801998764275
44000,0.04378222378343344
45000,0.04379461531713605
46000,0.04333087971061468
47000,0.04359594870731234
48000,0.043774461355060336
49000,0.043820936746895314
50000,0.043923964101821186
51000,0.04385718638449907
52000,0.0435297737494111
53000,0.04342574311420321
54000,0.04312062890827656
55000,0.04329245977476239
56000,0.04332482784613967
57000,0.04333835411816835
58000,0.043122441109269855
59000,0.042800562504678966
60000,0.04252637745067477
61000,0.04213543593883515
62000,0.042495727367699146
63000,0.042299233332276344
64000,0.04270637563616037
65000,0.04270853008702397
66000,0.04268947887420654
67000,0.04287688724324107
68000,0.04274917251989246
69000,0.04308366527780891
70000,0.04353042415529489
71000,0.04378303446620703
72000,0.044073608294129374
73000,0.044053496319800614
74000,0.04436504082754254
75000,0.04451162158697843
76000,0.0442825605161488
77000,0.044262414444237945
78000,0.04460580803826451
79000,0.04465071545913815
80000,0.04474906885623932
81000,0.04452462115883827
82000,0.044297737259417776
83000,0.04442329783737659
84000,0.044178817596286536
85000,0.043994562797248365
86000,0.043573918651789424
87000,0.043263590529561045
88000,0.04331350851804018
89000,0.04347442589700222
90000,0.043366051644086835
91000,0.0430220159329474
92000,0.0427974025644362
93000,0.04302994586527348
94000,0.04303076972439885
95000,0.04287632812932134
96000,0.04261743954569101
97000,0.04303228005766869
98000,0.04328199934586883
99000,0.04333186206966638
100000,0.04305214188620448
101000,0.04304204754903913
102000,0.04301018329709768
103000,0.04299611413851381
104000,0.043173713322728874
105000,0.04327300464361906
106000,0.04331166061386466
107000,0.0431431742683053
108000,0.04316301946341992
109000,0.04303704635053873
110000,0.04271991794556379
111000,0.04271152741834521
112000,0.04269350571930409
113000,0.042918296005576846
114000,0.042718216322362425
115000,0.042603751190006735
116000,0.042644509550184014
117000,0.04276714221015573
118000,0.04234158073365688
119000,0.042362074296921494
120000,0.04243666165694594
121000,0.0424109818264842
122000,0.04277157919853926
123000,0.04238545560091734
124000,0.042556883182376624
125000,0.04246551675722003
126000,0.04279140309616923
127000,0.042835942052304746
128000,0.042911924175918104
129000,0.042671480517834426
130000,0.04262083602696657
131000,0.04286483642086387
132000,0.042666794680058955
133000,0.04292890215665102
134000,0.042702018700540065
135000,0.042874774452298876
136000,0.04303175176680088
137000,0.043097295869141815
138000,0.042926231652498245
139000,0.04266158104687929
140000,0.04288610091432929
141000,0.043010389011353255
142000,0.043272958736866714
143000,0.04292252804338932
144000,0.04315183420106768
145000,0.04311556208878756
146000,0.04346209042519331
147000,0.04323094594851136
148000,0.043121941786259416
149000,0.04311280591785908
150000,0.0430146740488708
151000,0.04315276841446757
152000,0.04321839341521263
153000,0.042999787285923956
154000,0.04281962189823389
155000,0.04295132384076714
156000,0.043050719384104014
157000,0.04285876756161451
158000,0.04273469568043947
159000,0.042478675823658704
160000,0.04228222698718309
161000,0.04234405444934964
162000,0.042659529995173216
163000,0.04286525356769562
164000,0.04258470382541418
165000,0.0425271639674902
166000,0.042477185726165774
167000,0.04227358762547374
168000,0.04236246091499925
169000,0.04281630350276828
170000,0.04305174980685115
171000,0.04311459855735302
172000,0.04297579467669129
173000,0.042998652525246144
174000,0.0428665907420218
175000,0.042740996394306424
176000,0.04264172598719597
177000,0.04259389032050967
178000,0.042840511202812195
179000,0.0428098024725914
180000,0.04283524038270116
181000,0.04262578133866191
182000,0.04281614150479436
183000,0.04250361058861017
184000,0.042613394673913715
185000,0.0426875807531178
186000,0.0428284862190485
187000,0.04289786326512694
188000,0.042848258309066294
189000,0.0429422266818583
190000,0.042690806906670334
191000,0.042788574416190384
192000,0.04282788800820708
193000,0.04274818317219615
194000,0.042882414400577544
195000,0.042753120210021735
196000,0.04251606979221106
197000,0.042589855894446374
198000,0.042327628556638956
199000,0.04234821098670363
200000,0.04231507047265768
201000,0.04245319960266352
202000,0.04253364623710513
203000,0.04245560992881656
204000,0.04245872929319739
205000,0.042191428389400244
206000,0.04198052628710866
207000,0.04182243387773633
208000,0.041862537942826746
209000,0.04180751668661833
210000,0.0418146911598742
211000,0.04166257643699646
212000,0.04167817975953221
213000,0.04158318994939327
214000,0.04163843701034784
215000,0.041713855527341366
216000,0.04179711304977536
217000,0.04200481444224715
218000,0.04205213316529989
219000,0.042067755345255135
220000,0.04191063350066543
221000,0.04186247558891773
222000,0.04186621747165918
223000,0.04198286623135209
224000,0.041731123603880406
225000,0.0419753474779427
226000,0.04227741765603423
227000,0.041997405081987384
228000,0.04194119217991829
229000,0.04155493500456214
230000,0.04149358133971691
231000,0.04140919526666403
232000,0.0414436202198267
233000,0.04144241948053241
234000,0.04137463358417153
235000,0.04120168127864599
236000,0.04103995097056031
237000,0.040943953167647124
238000,0.040828368611633775
239000,0.04064756163954735
240000,0.040867005247622726
241000,0.04088597189635038
242000,0.040915479615330694
243000,0.04110451329499483
244000,0.040934674102813005
245000,0.04081885186582804
246000,0.0408537888340652
247000,0.04076426697894931
248000,0.040715013936161996
249000,0.04102346068620682
250000,0.04094646797329187
251000,0.04085836987197399
252000,0.04085716851055622
253000,0.040816676955670116
254000,0.04081015619263053
255000,0.04075773428380489
256000,0.040927139349281785
257000,0.04079173105210066
258000,0.040909107036888596
259000,0.040807689256966116
260000,0.040733201999217275
261000,0.040925534501671794
262000,0.04102056637778878
263000,0.04108207890763879
264000,0.04099223447963595
265000,0.04086021568626166
266000,0.04081025347113609
267000,0.04087998818978667
268000,0.04117030540108681
269000,0.04114463726058602
270000,0.04132659097760916
271000,0.04131256477162242
272000,0.041381993059068915
273000,0.041615060187876224
274000,0.04142010831087828
275000,0.0413870266340673
276000,0.04134266058728099
277000,0.041496420986950396
278000,0.041408227011561397
279000,0.04167087280377746
280000,0.04141168619319797
281000,0.04139320594444871
282000,0.041458227828145025
283000,0.04159095368534327
284000,0.041565800059586766
285000,0.04132047251239419
286000,0.04110303317755461
287000,0.04104239835590124
288000,0.04117550811171532
289000,0.04114775486290455
290000,0.04107959588244557
291000,0.04118562511727214
292000,0.0410344512835145
293000,0.041074902791529894
294000,0.04101059720292687
295000,0.041097936488687994
296000,0.041399391282349825
297000,0.04162949725612998
298000,0.04177310508489609
299000,0.04201100307703018
300000,0.04211218893900514
301000,0.04209848179295659
302000,0.042094123508781195
303000,0.04217624232545495
304000,0.04211034210398793
305000,0.0424008154310286
306000,0.04223749275505543
307000,0.042184487465769055
308000,0.04159396660327912
309000,0.041630302760750054
310000,0.04136704731732607
311000,0.04147339483350515
312000,0.04133826690912247
313000,0.04109680425748229
314000,0.04114240738749504
315000,0.040857305265963074
316000,0.040784715078771114
317000,0.04070102050155401
318000,0.04060808055475354
319000,0.040505041860044
320000,0.04071754797920585
321000,0.040842178642749784
322000,0.04077513464912772
323000,0.0407834663875401
324000,0.04073506014421582
325000,0.040628578141331674
326000,0.04094613131135702
327000,0.040987004317343236
328000,0.04084983130916953
329000,0.04093287333846092
330000,0.04110296478867531
331000,0.041061903405934574
332000,0.04103057364746928
333000,0.04103323245421052
334000,0.04109878676384687
335000,0.04103272442519665
336000,0.04097214330360294
337000,0.04126500057056546
338000,0.041254752591252324
339000,0.0410317892730236
340000,0.0410716041624546
341000,0.04084676580131054
342000,0.04081356887146831
343000,0.040583123080432416
344000,0.040620856940746304
345000,0.0406066728644073
346000,0.040581298623234036
347000,0.0407290694527328
348000,0.04057231525704265
349000,0.04042010556161404
350000,0.04036107602715492
351000,0.040262005727738144
352000,0.040174723614007236
353000,0.04047251873835921
354000,0.040394560869783165
355000,0.04036406855657697
356000,0.04042962814122438
357000,0.040351164299994705
358000,0.04040760188177228
359000,0.04065031444653869
360000,0.04056173297762871
361000,0.040900335241109136
362000,0.04079276778921485
363000,0.040923506058752536
364000,0.040855596140027046
365000,0.04089682328701019
366000,0.04103968966752291
367000,0.04107649863511324
368000,0.041161287371069194
369000,0.04067426642403007
370000,0.04079153759777546
371000,0.040505679175257686
372000,0.0405319362282753
373000,0.040551965871825815
374000,0.04060762323997915
375000,0.04065757452882826
376000,0.040622365990653636
377000,0.04045213291235268
378000,0.04049873079918325
379000,0.04043664454855025
380000,0.040279557043686506
381000,0.04069974620826542
382000,0.040663372596725825
383000,0.0405699223075062
384000,0.040416723595932125
385000,0.04027638212963939
386000,0.039866295959800485
387000,0.03996423997357488
388000,0.039904703974723815
389000,0.0399745803438127
390000,0.03992203099280596
391000,0.04013724020123482
392000,0.040053052198141814
393000,0.040008212067186834
394000,0.04008473387733102
395000,0.04039125951007008
396000,0.04029732348397374
397000,0.04042367758974433
398000,0.04078073652088642
399000,0.04082188634946942
400000,0.04060965120792389
401000,0.040809137847274544
402000,0.040379207339137795
403000,0.0400100584179163
404000,0.039828936744481326
405000,0.03993868678063154
406000,0.040250297412276266
407000,0.03984985788166523
408000,0.04009843467175961
409000,0.04025750585645437
410000,0.04012340185046196
411000,0.04044060910865664
412000,0.04048823468759656
413000,0.040255164377391336
414000,0.040266472682356835
415000,0.04070946315675974
416000,0.040621908720582724
417000,0.04081225614622235
418000,0.04046511472761631
419000,0.040339535929262635
420000,0.04033925925940275
421000,0.040192310456186535
422000,0.0401187807507813
423000,0.04017043324932456
424000,0.040308224346488716
425000,0.03994855926930904
426000,0.04029010314121843
427000,0.040037650745362044
428000,0.04015154648572206
429000,0.03981591961160302
430000,0.039692684948444364
431000,0.03970758937299251
432000,0.039415121722966434
433000,0.039477176316082475
434000,0.039666277781128884
435000,0.03951467625424266
436000,0.03942719965428114
437000,0.039357242837548254
438000,0.03976963002234697
439000,0.039859137289226056
440000,0.03990104954317212
441000,0.039974219355732206
442000,0.04035812795162201
443000,0.04049016876518726
444000,0.040493424102663995
445000,0.04049988329783082
446000,0.040372176956385376
447000,0.04037710665911436
448000,0.040569531064480545
449000,0.040527156878262756
450000,0.04035800237953663
451000,0.04007871263474226
452000,0.039987765461206436
453000,0.03985582865774631
454000,0.039840759363025426
455000,0.039740632109344004
456000,0.03967191560938954
457000,0.03978274351730943
458000,0.03992664769291878
459000,0.0399040155634284
460000,0.04001964319124818
461000,0.03977812404185534
462000,0.039825010120868684
463000,0.03975099544599652
464000,0.03967372185364366
465000,0.04001327191665768
466000,0.0402959097288549
467000,0.04024716729298234
468000,0.040381855234503744
469000,0.04033182052895427
470000,0.04034761747717858
471000,0.040271540824323895
472000,0.04008325644209981
473000,0.03993818037211895
474000,0.04022319998592138
475000,0.040493073016405104
476000,0.040375008668750524
477000,0.04013466108962894
478000,0.04031877470389009
479000,0.040229941226542
480000,0.04018189048022032
481000,0.04001912784948945
482000,0.04017568601667881
483000,0.039993813395500184
484000,0.040180721879005434
485000,0.04042255759239197
486000,0.040123882293701174
487000,0.039969736587256194
488000,0.039944922730326654
489000,0.04000268445163965
490000,0.040080819956958294
491000,0.039954716943204405
492000,0.03970209640264511
493000,0.03950386178866029
494000,0.03939168827980757
495000,0.03939334497228265
496000,0.03927775457501412
497000,0.03922564482316375
498000,0.039169232703745366
499000,0.03934378468245268
500000,0.03929571098461747
501000,0.03925183751061559
502000,0.03923056869208813
503000,0.03948012716323137
504000,0.03968109264224768
505000,0.0397227846160531
506000,0.03977442651987076
507000,0.03988341734930873
508000,0.039843627911061046
509000,0.03998858993873
510000,0.0400304764509201
511000,0.04003771610930562
512000,0.04013882777839899
513000,0.040258909288793804
514000,0.0404140798933804
515000,0.04035664025321603
516000,0.04030016642808914
517000,0.040314496114850044
518000,0.04057192380726338
519000,0.04061812678351998
520000,0.04041486769542098
521000,0.0399717080257833
522000,0.03976863804459572
523000,0.039829736921936275
524000,0.03982651441171765
525000,0.03965784139558673
526000,0.039808907363563774
527000,0.039364677164703606
528000,0.039384640503674746
529000,0.03930500045791269
530000,0.039071799792349336
531000,0.03878207413479686
532000,0.038597028210759166
533000,0.03872252709046006
534000,0.03890426059067249
535000,0.03890026376023888
536000,0.03882236735150218
537000,0.03903967671096325
538000,0.0387215611897409
539000,0.03852051427960396
540000,0.038573026191443205
541000,0.03864992861077189
542000,0.03882165246456862
543000,0.03894510950520635
544000,0.03906016580015421
545000,0.0392342986240983
546000,0.03908688235655427
547000,0.039227643691003324
548000,0.03934793969616294
549000,0.039423678632825615
550000,0.03960053203254938
551000,0.03970282505080104
552000,0.03981508352980018
553000,0.039588435914367434
554000,0.03959776156768203
555000,0.03955385771021247
556000,0.039690063823014494
557000,0.04000199303776026
558000,0.04038343743607402
559000,0.04033996824175119
560000,0.040480407167226076
561000,0.04012805899605155
562000,0.04031234407797456
563000,0.040125963401049375
564000,0.03999056239798665
565000,0.039872820526361465
566000,0.039797513265162704
567000,0.039801712952554226
568000,0.03976591817289591
569000,0.03962798829376697
570000,0.03924222210422158
571000,0.039172176770865916
572000,0.03900129866600037
573000,0.03884144411981106
574000,0.038893221519887444
575000,0.0389120320007205
576000,0.03890840408578515
577000,0.03904382694885135
578000,0.039253239687532186
579000,0.03904496436193585
580000,0.038828270316123965
581000,0.03893438811227679
582000,0.03895644101127982
583000,0.0389920950755477
584000,0.038555604986846445
585000,0.03898630319908261
586000,0.03910565694049001
587000,0.03898266383633017
588000,0.03890318433195353
589000,0.03890826253965497
590000,0.038802688168361785
591000,0.03890643984638154
592000,0.038828759716823695
593000,0.038742894480004904
594000,0.03885901613719761
595000,0.03903729596547782
596000,0.03922601601667702
597000,0.0391342108938843
598000,0.0390682483445853
599000,0.039082054080441596
600000,0.03920062909461558
601000,0.039187987716868516
602000,0.03914098610728979
603000,0.03929599650576711
604000,0.03940517215058208
605000,0.039719439979642626
606000,0.03968642796948552
607000,0.03959471732005477
608000,0.039640451155602933
609000,0.03977157797664404
610000,0.03976965084671974
611000,0.039589138336479666
612000,0.03946158182621002
613000,0.039375137090682986
614000,0.039272549234330656
615000,0.039398907508701085
616000,0.03937354238331318
617000,0.03926710214465857
618000,0.03915434369072318
619000,0.039067255679517986
620000,0.03911493453383446
621000,0.03896444573253393
622000,0.03872659220546484
623000,0.038684483718127015
624000,0.03839892642199993
625000,0.03856029082834721
626000,0.03855611062422395
627000,0.0387377172447741
628000,0.03884440624341369
629000,0.038785876717418434
630000,0.03878154306858778
631000,0.038834065448492765
632000,0.03891131879016757
633000,0.03887545057758689
634000,0.03857645930349827
635000,0.03891709057241678
636000,0.03926052559539676
637000,0.03939349650591612
638000,0.039446658115834
639000,0.039264842737466096
640000,0.03875980231165886
641000,0.038554384656250475
642000,0.038470843821763995
643000,0.03825599202513695
644000,0.03825915016233921
645000,0.03797112023830414
646000,0.03829329562932253
647000,0.038234055317938324
648000,0.03816876131668687
649000,0.03808887318149209
650000,0.03814941725879908
651000,0.03788244334235787
652000,0.03819352863729
653000,0.03847575242817402
654000,0.03868761028721929
655000,0.03861691662296653
656000,0.03868990369513631
657000,0.038480888206511736
658000,0.03851292479038239
659000,0.03828596723452211
660000,0.037998854514211415
661000,0.03798837772384286
662000,0.03767057580128312
663000,0.037764194037765264
664000,0.03761366979032755
665000,0.03747577352076769
666000,0.037626234833151105
667000,0.03777763508632779
668000,0.03789684957265854
669000,0.03798013254627585
670000,0.037809556521475315
671000,0.038230244506150486
672000,0.038346398185938595
673000,0.03851743068173528
674000,0.03857087904587388
675000,0.038753369960933925
676000,0.03896380604058504
677000,0.038960227988660334
678000,0.03887035150080919
679000,0.038817488685250284
680000,0.03876022727787495
681000,0.03874119532853365
682000,0.03897545943036675
683000,0.039015640895813705
684000,0.03892968334257603
685000,0.03886656937748194
686000,0.03916602660343051
687000,0.03898744011297822
688000,0.03855318900197744
689000,0.03875644221901894
690000,0.038740624405443666
691000,0.03847492830082774
692000,0.038357555579394104
693000,0.03854717770218849
694000,0.03840270712971687
695000,0.03827612703666091
696000,0.03819766381755471
697000,0.038254868067801
698000,0.03798065436258912
699000,0.03807415805384517
700000,0.03819737723097205
701000,0.03809513887017965
702000,0.03794816188886762
703000,0.03761217661947012
704000,0.03784810964763165
705000,0.03776002873852849
706000,0.03747502527013421
707000,0.03747106641530991
708000,0.03753299800679088
709000,0.037343271285295486
710000,0.037141261465847494
711000,0.03689809467643499
712000,0.03694616812467575
713000,0.03717065084725618
714000,0.037314317874610425
715000,0.03767237943038344
716000,0.0376336760930717
717000,0.0375386154577136
718000,0.03780716753005981
719000,0.03798201892897487
720000,0.03819105780497194
721000,0.03831401089206338
722000,0.038454407539218666
723000,0.0386569692119956
724000,0.038884384609758856
725000,0.038804498735815283
726000,0.03850445351749659
727000,0.038030505150556566
728000,0.038165899243205785
729000,0.03823663119226694
730000,0.03811975878849626
731000,0.03821238979324698
732000,0.03829162001237273
733000,0.03823159151524305
734000,0.0384462361484766
735000,0.03846945900097489
736000,0.038230412360280755
737000,0.038117037151008844
738000,0.038229638915508984
739000,0.03844963394477963
740000,0.03843135040253401
741000,0.03838768859580159
742000,0.03840981986373663
743000,0.038192364871501926
744000,0.038224151607602834
745000,0.0380406189635396
746000,0.03793011843785644
747000,0.037944335401058196
748000,0.03799636948108673
749000,0.038118020359426734
750000,0.038027916479855775
751000,0.03788653929531574
752000,0.03782752938196063
753000,0.03789802762493491
754000,0.03772489945590496
755000,0.037816986069083215
756000,0.03769519294798374
757000,0.0376086716838181
758000,0.03766693164780736
759000,0.037498339470475914
760000,0.03742200309410691
761000,0.037590008661150934
762000,0.03747116819769144
763000,0.037651248756796124
764000,0.037922661151736974
765000,0.0380250448808074
766000,0.03797770832106471
767000,0.037852409936487676
768000,0.03818668234348297
769000,0.03824773336946964
770000,0.038400848172605036
771000,0.038395717062056064
772000,0.03830504920333624
773000,0.03828675711154938
774000,0.03816934112459421
775000,0.03822172907739878
776000,0.03811423689872027
777000,0.037967845443636176
778000,0.03787695059552789
779000,0.037987529456615446
780000,0.03789593611285091
781000,0.03799330362305045
782000,0.03771214184165001
