1000,nan
2000,nan
3000,nan
4000,nan
5000,nan
6000,nan
7000,nan
8000,nan
9000,nan
10000,nan
11000,-0.9
12000,-1.05
13000,-0.9666666666666668
14000,-0.9750000000000001
15000,-0.9
16000,-0.75
17000,-0.6428571428571429
18000,-0.6125
19000,-0.6333333333333333
20000,-0.64
21000,-0.6363636363636364
22000,-0.5916666666666667
23000,-0.5307692307692308
24000,-0.5071428571428571
25000,-0.47333333333333333
26000,-0.45625
27000,-0.45294117647058824
28000,-0.44999999999999996
29000,-0.4473684210526316
30000,-0.43499999999999994
31000,-0.4523809523809524
32000,-0.4636363636363636
33000,-0.4521739130434782
34000,-0.4791666666666667
35000,-0.46799999999999997
36000,-0.46923076923076923
37000,-0.4555555555555555
38000,-0.45357142857142857
39000,-0.43103448275862066
40000,-0.4166666666666667
41000,-0.4032258064516129
42000,-0.37187499999999996
43000,-0.3727272727272727
44000,-0.3676470588235294
45000,-0.33999999999999997
46000,-0.32499999999999996
47000,-0.32162162162162156
48000,-0.3289473684210526
49000,-0.3256410256410256
50000,-0.3225
51000,-0.3195121951219512
52000,-0.2976190476190476
53000,-0.29534883720930233
54000,-0.29545454545454547
55000,-0.2911111111111111
56000,-0.28478260869565214
57000,-0.26595744680851063
58000,-0.2604166666666667
59000,-0.2612244897959184
60000,-0.26
61000,-0.25490196078431376
62000,-0.25000000000000006
63000,-0.25283018867924534
64000,-0.23703703703703707
65000,-0.22909090909090915
66000,-0.21964285714285717
67000,-0.22280701754385968
68000,-0.2155172413793104
69000,-0.20508474576271188
70000,-0.21500000000000002
71000,-0.2213114754098361
72000,-0.2274193548387097
73000,-0.22063492063492066
74000,-0.21718749999999998
75000,-0.20769230769230768
76000,-0.19999999999999996
77000,-0.19999999999999996
78000,-0.19999999999999996
79000,-0.19565217391304343
80000,-0.19428571428571423
81000,-0.19718309859154926
82000,-0.1888888888888889
83000,-0.1863013698630137
84000,-0.1783783783783784
85000,-0.18133333333333335
86000,-0.18026315789473685
87000,-0.18051948051948052
88000,-0.1794871794871795
89000,-0.17468354430379748
90000,-0.175
91000,-0.16790123456790124
92000,-0.1670731707317073
93000,-0.163855421686747
94000,-0.1619047619047619
95000,-0.16705882352941176
96000,-0.16046511627906976
97000,-0.16091954022988503
98000,-0.16590909090909092
99000,-0.16404494382022475
100000,-0.1577777777777778
101000,-0.15384615384615385
102000,-0.15543478260869567
103000,-0.14946236559139786
104000,-0.14361702127659576
105000,-0.14631578947368423
106000,-0.146875
107000,-0.14329896907216497
108000,-0.1469387755102041
109000,-0.14141414141414144
110000,-0.134
111000,-0.13465346534653466
112000,-0.13137254901960788
113000,-0.12621359223300974
114000,-0.12307692307692308
115000,-0.1219047619047619
116000,-0.11320754716981132
117000,-0.11214953271028037
118000,-0.11851851851851852
119000,-0.11926605504587157
120000,-0.11181818181818183
121000,-0.11171171171171171
122000,-0.10892857142857146
123000,-0.1026548672566372
124000,-0.09824561403508775
125000,-0.09565217391304351
126000,-0.09482758620689659
127000,-0.09230769230769234
128000,-0.0915254237288136
129000,-0.092436974789916
130000,-0.08833333333333335
131000,-0.08595041322314051
132000,-0.08688524590163936
133000,-0.0894308943089431
134000,-0.08870967741935486
135000,-0.09280000000000001
136000,-0.09047619047619049
137000,-0.08503937007874017
138000,-0.08281250000000001
139000,-0.0813953488372093
140000,-0.07769230769230767
141000,-0.07328244274809159
142000,-0.07424242424242423
143000,-0.07744360902255638
144000,-0.08134328358208955
145000,-0.07777777777777778
146000,-0.07573529411764704
147000,-0.07226277372262772
148000,-0.07608695652173912
149000,-0.07553956834532373
150000,-0.07214285714285713
151000,-0.0702127659574468
152000,-0.06971830985915492
153000,-0.06503496503496502
154000,-0.060416666666666674
155000,-0.057241379310344835
156000,-0.05410958904109589
157000,-0.05374149659863946
158000,-0.05202702702702703
159000,-0.04899328859060403
160000,-0.048666666666666664
161000,-0.04701986754966887
162000,-0.04671052631578948
163000,-0.04248366013071896
164000,-0.03961038961038962
165000,-0.0367741935483871
166000,-0.0326923076923077
167000,-0.03121019108280256
168000,-0.028481012658227858
169000,-0.027672955974842782
170000,-0.025
171000,-0.024844720496894408
172000,-0.023456790123456795
173000,-0.02147239263803681
174000,-0.023780487804878053
175000,-0.021212121212121213
176000,-0.01987951807228916
177000,-0.017365269461077845
178000,-0.016071428571428566
179000,-0.013609467455621296
180000,-0.013529411764705877
181000,-0.009941520467836253
182000,-0.00872093023255814
183000,-0.006936416184971094
184000,-0.005747126436781609
185000,-0.0034285714285714267
186000,-0.003409090909090917
187000,-0.0033898305084745844
188000,0.0005617977528089768
189000,0.002793296089385465
190000,0.004999999999999992
191000,0.008287292817679558
192000,0.010439560439560432
193000,0.009289617486338794
194000,0.009239130434782625
195000,0.012432432432432455
196000,0.012365591397849485
197000,0.017647058823529436
198000,0.016489361702127687
199000,0.01746031746031748
200000,0.016842105263157908
201000,0.016753926701570696
202000,0.017708333333333326
203000,0.01658031088082901
204000,0.017525773195876282
205000,0.019487179487179474
206000,0.01989795918367346
207000,0.021827411167512675
208000,0.023737373737373717
209000,0.023618090452261285
210000,0.025499999999999988
211000,0.02835820895522388
212000,0.0292079207920792
213000,0.02906403940886699
214000,0.031862745098039214
215000,0.03170731707317073
216000,0.03252427184466019
217000,0.03140096618357488
218000,0.03413461538461539
219000,0.033971291866028715
220000,0.03571428571428571
221000,0.03459715639810427
222000,0.03537735849056604
223000,0.03615023474178403
224000,0.03644859813084112
225000,0.038139534883720926
226000,0.03796296296296296
227000,0.039631336405529946
228000,0.04036697247706421
229000,0.04018264840182647
230000,0.03999999999999999
231000,0.03800904977375565
232000,0.04144144144144144
233000,0.042152466367713
234000,0.04374999999999999
235000,0.044444444444444425
236000,0.046017699115044226
237000,0.04933920704845813
238000,0.05087719298245612
239000,0.05109170305676854
240000,0.050869565217391284
241000,0.052380952380952354
242000,0.05474137931034481
243000,0.05450643776824032
244000,0.05683760683760682
245000,0.058297872340425515
246000,0.05889830508474574
247000,0.061181434599156106
248000,0.06176470588235292
249000,0.06276150627615061
250000,0.06416666666666666
251000,0.06639004149377593
252000,0.0652892561983471
253000,0.06378600823045268
254000,0.06352459016393443
255000,0.06326530612244897
256000,0.06300813008130081
257000,0.06356275303643724
258000,0.06491935483870968
259000,0.06465863453815261
260000,0.0652
261000,0.06653386454183266
262000,0.06785714285714287
263000,0.06600790513833991
264000,0.06811023622047244
265000,0.06941176470588235
266000,0.069140625
267000,0.07198443579766536
268000,0.0748062015503876
269000,0.07528957528957529
270000,0.07730769230769231
271000,0.0781609195402299
272000,0.0801526717557252
273000,0.0828897338403042
274000,0.08257575757575757
275000,0.08377358490566036
276000,0.0857142857142857
277000,0.08689138576779025
278000,0.08955223880597012
279000,0.09144981412639405
280000,0.09185185185185184
281000,0.09225092250922506
282000,0.09411764705882353
283000,0.09450549450549452
284000,0.0956204379562044
285000,0.09672727272727273
286000,0.09673913043478262
287000,0.09711191335740071
288000,0.09820143884892085
289000,0.09999999999999999
290000,0.10142857142857145
291000,0.10106761565836302
292000,0.10283687943262414
293000,0.10176678445229687
294000,0.1014084507042254
295000,0.1024561403508772
296000,0.10349650349650352
297000,0.10452961672473868
298000,0.1065972222222222
299000,0.10830449826989619
300000,0.10758620689655171
301000,0.1085910652920962
302000,0.10753424657534244
303000,0.10648464163822524
304000,0.10748299319727889
305000,0.10711864406779659
306000,0.10844594594594592
307000,0.11010101010101009
308000,0.10973154362416106
309000,0.11070234113712372
310000,0.11099999999999999
311000,0.11196013289036541
312000,0.11291390728476819
313000,0.11188118811881186
314000,0.11414473684210524
315000,0.11377049180327868
316000,0.11405228758169934
317000,0.11368078175895766
318000,0.11461038961038958
319000,0.115210355987055
320000,0.1161290322580645
321000,0.11575562700964628
322000,0.11538461538461539
323000,0.11565495207667731
324000,0.11719745222929938
325000,0.11682539682539683
326000,0.11772151898734176
327000,0.11861198738170348
328000,0.120125786163522
329000,0.12163009404388717
330000,0.12250000000000001
331000,0.12336448598130839
332000,0.12422360248447205
333000,0.12507739938080492
334000,0.12623456790123455
335000,0.1276923076923077
336000,0.12852760736196317
337000,0.1293577981651376
338000,0.13079268292682927
339000,0.13100303951367778
340000,0.1318181818181818
341000,0.13021148036253774
342000,0.1322289156626506
343000,0.13303303303303302
344000,0.13203592814371257
345000,0.13223880597014925
346000,0.13333333333333333
347000,0.13293768545994064
348000,0.1343195266272189
349000,0.13333333333333333
350000,0.1341176470588235
351000,0.1348973607038123
352000,0.13684210526315788
353000,0.1376093294460641
354000,0.13837209302325584
355000,0.1382608695652174
356000,0.13901734104046246
357000,0.13861671469740636
358000,0.13879310344827586
359000,0.14011461318051577
360000,0.14028571428571432
361000,0.14045584045584045
362000,0.14119318181818186
363000,0.14305949008498586
364000,0.14491525423728815
365000,0.14563380281690144
366000,0.1452247191011236
367000,0.14649859943977592
368000,0.14553072625698327
369000,0.14679665738161563
370000,0.1461111111111111
371000,0.14681440443213298
372000,0.14696132596685083
373000,0.14738292011019286
374000,0.1458791208791209
375000,0.14602739726027397
376000,0.14617486338797817
377000,0.1446866485013624
378000,0.14456521739130435
379000,0.14417344173441735
380000,0.14432432432432435
381000,0.14339622641509434
382000,0.14301075268817204
383000,0.14316353887399466
384000,0.14171122994652408
385000,0.14293333333333336
386000,0.1425531914893617
387000,0.14217506631299737
388000,0.14338624338624342
389000,0.14300791556728235
390000,0.14210526315789476
391000,0.1425196850393701
392000,0.14319371727748695
393000,0.1438642297650131
394000,0.14375
395000,0.14337662337662335
396000,0.144559585492228
397000,0.14470284237726097
398000,0.14484536082474225
399000,0.14652956298200515
400000,0.14666666666666667
401000,0.14680306905370843
402000,0.14566326530612245
403000,0.14580152671755725
404000,0.14593908629441624
405000,0.14556962025316453
406000,0.1452020202020202
407000,0.14634760705289673
408000,0.14798994974874372
409000,0.14761904761904762
410000,0.14725000000000002
411000,0.1488778054862843
412000,0.14900497512437813
413000,0.14962779156327544
414000,0.15
415000,0.1496296296296296
416000,0.1497536945812808
417000,0.15085995085995088
418000,0.1504901960784314
419000,0.1511002444987775
420000,0.15219512195121954
421000,0.15279805352798054
422000,0.1533980582524272
423000,0.15399515738498787
424000,0.15458937198067632
425000,0.15421686746987953
426000,0.15456730769230773
427000,0.15563549160671464
428000,0.15669856459330145
429000,0.15608591885441528
430000,0.15571428571428572
431000,0.15581947743467936
432000,0.15639810426540285
433000,0.15650118203309696
434000,0.1570754716981132
435000,0.1583529411764706
436000,0.15798122065727702
437000,0.1585480093676815
438000,0.15864485981308413
439000,0.15967365967365968
440000,0.16116279069767445
441000,0.15986078886310906
442000,0.16041666666666665
443000,0.16143187066974596
444000,0.16198156682027648
445000,0.16160919540229884
446000,0.16261467889908257
447000,0.16361556064073227
448000,0.16415525114155252
449000,0.16332574031890662
450000,0.16340909090909092
451000,0.16349206349206352
452000,0.16402714932126697
453000,0.16410835214446953
454000,0.16328828828828829
455000,0.16404494382022472
456000,0.1641255605381166
457000,0.16465324384787475
458000,0.16428571428571428
459000,0.16547884187082404
460000,0.16644444444444442
461000,0.16651884700665187
462000,0.16681415929203539
463000,0.16754966887417216
464000,0.16828193832599117
465000,0.1687912087912088
466000,0.16973684210526313
467000,0.16936542669584242
468000,0.1703056768558952
469000,0.17037037037037037
470000,0.17086956521739133
471000,0.1718004338394794
472000,0.17142857142857143
473000,0.17105831533477323
474000,0.17155172413793102
475000,0.17290322580645157
476000,0.17381974248927037
477000,0.17516059957173444
478000,0.17564102564102563
479000,0.1761194029850746
480000,0.17702127659574465
481000,0.17707006369426748
482000,0.1766949152542373
483000,0.17758985200845667
484000,0.1770042194092827
485000,0.17663157894736844
486000,0.17626050420168068
487000,0.1758909853249476
488000,0.17635983263598323
489000,0.17640918580375783
490000,0.17770833333333336
491000,0.1785862785862786
492000,0.17863070539419093
493000,0.17950310559006213
494000,0.1791322314049587
495000,0.17958762886597943
496000,0.17962962962962967
497000,0.18049281314168378
498000,0.18012295081967214
499000,0.18016359918200409
500000,0.18061224489795918
501000,0.18228105906313646
502000,0.18191056910569106
503000,0.1823529411764706
504000,0.18319838056680163
505000,0.1842424242424242
506000,0.18387096774193545
507000,0.18390342052313885
508000,0.18393574297188753
509000,0.1847695390781563
510000,0.185
511000,0.18542914171656688
512000,0.1858565737051793
513000,0.18588469184890655
514000,0.18531746031746033
515000,0.18554455445544552
516000,0.1851778656126482
517000,0.1844181459566075
518000,0.18484251968503937
519000,0.18526522593320238
520000,0.1856862745098039
521000,0.18688845401174167
522000,0.1865234375
523000,0.18771929824561404
524000,0.18657587548638133
525000,0.1862135922330097
526000,0.1868217054263566
527000,0.18684719535783367
528000,0.18764478764478765
529000,0.18786127167630057
530000,0.1878846153846154
531000,0.18829174664107487
532000,0.189272030651341
533000,0.19005736137667306
534000,0.19083969465648856
535000,0.19085714285714286
536000,0.19163498098859316
537000,0.19165085388994307
538000,0.1912878787878788
539000,0.19243856332703213
540000,0.19245283018867929
541000,0.1928436911487759
542000,0.19248120300751878
543000,0.1932457786116323
544000,0.19400749063670414
545000,0.19514018691588786
546000,0.1958955223880597
547000,0.1962756052141527
548000,0.19591078066914497
549000,0.19628942486085343
550000,0.19740740740740742
551000,0.19815157116451018
552000,0.19760147601476016
553000,0.1972375690607735
554000,0.19724264705882355
555000,0.19761467889908255
556000,0.1987179487179487
557000,0.19872029250457035
558000,0.19835766423357662
559000,0.19836065573770492
560000,0.19890909090909092
561000,0.19891107078039927
562000,0.19818840579710145
563000,0.1992766726943942
564000,0.19963898916967507
565000,0.20036036036036034
566000,0.2014388489208633
567000,0.20251346499102335
568000,0.2025089605734767
569000,0.2035778175313059
570000,0.20321428571428574
571000,0.20356506238859184
572000,0.202491103202847
573000,0.20319715808170516
574000,0.20354609929078016
575000,0.20424778761061949
576000,0.20459363957597176
577000,0.20511463844797181
578000,0.20580985915492958
579000,0.20650263620386647
580000,0.2068421052631579
581000,0.20683012259194397
582000,0.20751748251748256
583000,0.2075043630017452
584000,0.20714285714285716
585000,0.20782608695652177
586000,0.20815972222222223
587000,0.20779896013864818
588000,0.20813148788927333
589000,0.20777202072538858
590000,0.20810344827586205
591000,0.20843373493975903
592000,0.20876288659793815
593000,0.2080617495711835
594000,0.2083904109589041
595000,0.20905982905982903
596000,0.2087030716723549
597000,0.20868824531516184
598000,0.2085034013605442
599000,0.20950764006791173
600000,0.20983050847457624
601000,0.21015228426395938
602000,0.21047297297297296
603000,0.2111298482293423
604000,0.2111111111111111
605000,0.2114285714285714
606000,0.21140939597315436
607000,0.21206030150753769
608000,0.21204013377926417
609000,0.21302170283806343
610000,0.213
611000,0.21331114808652243
612000,0.21428571428571427
613000,0.21492537313432836
614000,0.21490066225165566
615000,0.21520661157024792
616000,0.2155115511551155
617000,0.2158154859967051
618000,0.2164473684210526
619000,0.2174055829228243
620000,0.2180327868852459
621000,0.21865793780687398
622000,0.21830065359477124
623000,0.21876019575856442
624000,0.21889250814332248
625000,0.2190243902439024
626000,0.21964285714285717
627000,0.2205834683954619
628000,0.22119741100323623
629000,0.22213247172859452
630000,0.22209677419354837
631000,0.22238325281803542
632000,0.222508038585209
633000,0.2231139646869984
634000,0.2232371794871795
635000,0.22416
636000,0.2244408945686901
637000,0.22440191387559807
638000,0.22372611464968153
639000,0.2243243243243243
640000,0.22476190476190475
641000,0.22567353407290017
642000,0.2257911392405063
643000,0.22606635071090048
644000,0.22697160883280754
645000,0.22755905511811023
646000,0.22751572327044023
647000,0.22810047095761382
648000,0.2280564263322884
649000,0.22832550860719875
650000,0.22859375
651000,0.22917316692667702
652000,0.22943925233644863
653000,0.22939346811819597
654000,0.22996894409937893
655000,0.22992248062015505
656000,0.23018575851393186
657000,0.23075734157650699
658000,0.23070987654320987
659000,0.23066255778120184
660000,0.23092307692307695
661000,0.23056835637480802
662000,0.229601226993865
663000,0.2301684532924962
664000,0.2304281345565749
665000,0.23129770992366414
666000,0.23124999999999998
667000,0.23181126331811264
668000,0.23130699088145895
669000,0.23095599393019725
670000,0.2318181818181818
671000,0.23207261724659609
672000,0.23172205438066465
673000,0.23152337858220212
674000,0.23268072289156627
675000,0.2332330827067669
676000,0.23318318318318315
677000,0.23373313343328336
678000,0.2341317365269461
679000,0.23467862481315396
680000,0.2352238805970149
681000,0.23576751117734723
682000,0.23630952380952383
683000,0.2368499257057949
684000,0.2370919881305638
685000,0.23822222222222225
686000,0.23875739644970412
687000,0.23870014771048748
688000,0.23923303834808257
689000,0.23976435935198823
690000,0.23897058823529413
691000,0.23891336270190894
692000,0.2394428152492669
693000,0.23967789165446557
694000,0.23961988304093573
695000,0.24014598540145984
696000,0.24037900874635573
697000,0.2414847161572053
698000,0.24113372093023255
699000,0.24107402031930336
700000,0.24101449275362322
701000,0.2413892908827786
702000,0.24075144508670523
703000,0.24025974025974026
704000,0.2404899135446686
705000,0.24100719424460432
706000,0.24152298850574716
707000,0.2417503586800574
708000,0.24140401146131804
709000,0.24191702432045784
710000,0.2424285714285714
711000,0.2420827389443652
712000,0.2425925925925926
713000,0.24253200568990044
714000,0.2434659090909091
715000,0.24425531914893617
716000,0.24532577903682717
717000,0.24582743988684586
718000,0.24590395480225988
719000,0.2464033850493653
720000,0.24690140845070424
721000,0.2464135021097046
722000,0.24719101123595505
723000,0.24684431977559607
724000,0.24733893557422967
725000,0.24755244755244754
726000,0.24832402234636874
727000,0.2488145048814505
728000,0.24958217270194988
729000,0.2497913769123783
730000,0.2497222222222222
731000,0.24965325936199723
732000,0.24958448753462603
733000,0.2500691562932227
734000,0.2511049723756906
735000,0.2513103448275862
736000,0.2515151515151515
737000,0.2517193947730399
738000,0.2519230769230769
739000,0.2521262002743484
740000,0.2526027397260274
741000,0.2522571819425445
742000,0.2527322404371585
743000,0.25320600272851296
744000,0.25340599455040874
745000,0.25360544217687075
746000,0.25380434782608696
747000,0.25400271370420624
748000,0.2539295392953929
749000,0.2538565629228688
750000,0.25459459459459455
751000,0.25452091767881246
752000,0.25471698113207547
753000,0.2551816958277255
754000,0.2559139784946236
755000,0.2561073825503356
756000,0.25630026809651474
757000,0.256760374832664
758000,0.25668449197860965
759000,0.25660881174899863
760000,0.25680000000000003
761000,0.2567243675099867
762000,0.25691489361702136
763000,0.2575033200531209
764000,0.25716180371352787
765000,0.2576158940397351
766000,0.25780423280423287
767000,0.2579920739762219
768000,0.2579155672823219
769000,0.2583662714097497
770000,0.2588157894736842
771000,0.25913272010512484
772000,0.2597112860892389
773000,0.2598951507208388
774000,0.2604712041884817
775000,0.26143790849673204
776000,0.2618798955613577
777000,0.2617992177314211
778000,0.2622395833333333
779000,0.2616384915474642
780000,0.2623376623376623
781000,0.2625162127107652
782000,0.26269430051813464
783000,0.26326002587322117
784000,0.26382428940568475
785000,0.264258064516129
786000,0.26494845360824737
787000,0.2648648648648648
788000,0.2652956298200514
789000,0.26521181001283695
790000,0.26564102564102565
791000,0.2663252240717029
792000,0.26700767263427105
793000,0.26794380587484035
794000,0.26823979591836733
795000,0.2689171974522293
796000,0.26908396946564883
797000,0.26950444726810674
798000,0.27017766497461926
799000,0.27059569074778195
800000,0.270506329113924
801000,0.27092288242730717
802000,0.2713383838383838
803000,0.27099621689785625
804000,0.2716624685138539
805000,0.2723270440251572
806000,0.2727386934673367
807000,0.2728983688833124
808000,0.2730576441102757
809000,0.2732165206508135
810000,0.273125
811000,0.2729088639200999
812000,0.2735660847880299
813000,0.273972602739726
814000,0.2738805970149254
815000,0.2742857142857143
816000,0.27431761786600495
817000,0.27397769516728626
818000,0.2743811881188119
819000,0.27441285537700866
820000,0.2745679012345679
821000,0.2747225647348952
822000,0.2752463054187192
823000,0.27539975399753996
824000,0.2762899262899263
825000,0.276319018404908
826000,0.2767156862745098
827000,0.2773561811505508
828000,0.2775061124694377
829000,0.2775335775335775
830000,0.2776829268292683
831000,0.27831912302070644
832000,0.27846715328467153
833000,0.2776427703523694
834000,0.27803398058252426
835000,0.27842424242424246
836000,0.2785714285714286
837000,0.27896009673518746
838000,0.2793478260869565
839000,0.2790108564535585
840000,0.27915662650602413
841000,0.28002406738868835
842000,0.27992788461538465
843000,0.28031212484994
844000,0.280695443645084
845000,0.28095808383233534
846000,0.2815789473684211
847000,0.2818399044205496
848000,0.282219570405728
849000,0.28307508939213355
850000,0.28321428571428575
851000,0.28359096313912013
852000,0.28420427553444183
853000,0.28434163701067616
854000,0.2847156398104266
855000,0.2848520710059172
856000,0.2849881796690308
857000,0.28524203069657617
858000,0.2858490566037736
859000,0.2861012956419317
860000,0.2855294117647059
861000,0.28613396004700353
862000,0.28579812206572774
863000,0.2859320046893318
864000,0.2860655737704918
865000,0.2864327485380117
866000,0.2866822429906542
867000,0.2872812135355893
868000,0.28717948717948716
869000,0.2877764842840512
870000,0.2877906976744186
871000,0.2883855981416957
872000,0.28863109048723895
873000,0.2892236384704519
874000,0.2895833333333333
875000,0.2898265895953757
876000,0.28972286374133954
877000,0.28938869665513267
878000,0.2895161290322581
879000,0.28987341772151903
880000,0.29011494252873565
881000,0.2904707233065442
882000,0.2901376146788991
883000,0.2902634593356243
884000,0.29050343249427923
885000,0.2910857142857143
886000,0.29075342465753423
887000,0.2913340935005701
888000,0.29134396355353076
889000,0.2919226393629124
890000,0.29204545454545455
891000,0.2923950056753689
892000,0.2929705215419501
893000,0.29263873159682896
894000,0.2927601809954751
895000,0.29310734463276833
896000,0.29345372460496616
897000,0.29357384441939116
898000,0.29414414414414414
899000,0.29403824521934757
900000,0.2946067415730337
901000,0.2947250280583614
902000,0.2948430493273543
903000,0.29518477043673014
904000,0.2956375838926174
905000,0.29597765363128486
906000,0.29609374999999993
907000,0.2957636566332218
908000,0.2961024498886414
909000,0.296440489432703
910000,0.2967777777777778
911000,0.2962264150943396
912000,0.2963414634146341
913000,0.29667774086378734
914000,0.2963495575221239
915000,0.29668508287292816
916000,0.29746136865342165
917000,0.2973539140022051
918000,0.2974669603524229
919000,0.29757975797579755
920000,0.2981318681318681
921000,0.29846322722283203
922000,0.2987938596491228
923000,0.29912376779846656
924000,0.299890590809628
925000,0.30043715846994534
926000,0.3003275109170305
927000,0.3004362050163577
928000,0.3007625272331154
929000,0.30108813928182804
930000,0.3016304347826087
931000,0.30184581976112923
932000,0.30260303687635576
933000,0.30335861321776814
934000,0.30367965367965366
935000,0.304
936000,0.30367170626349893
937000,0.3042071197411003
938000,0.3043103448275862
939000,0.3040904198062433
940000,0.30440860215053767
941000,0.30451127819548873
942000,0.3046137339055794
943000,0.30471596998928185
944000,0.30492505353319055
945000,0.3053475935828877
946000,0.3056623931623932
947000,0.3058697972251868
948000,0.3063965884861407
949000,0.30692225772097975
950000,0.3070212765957447
951000,0.30754516471838467
952000,0.30764331210191076
953000,0.3075291622481442
954000,0.3082627118644068
955000,0.30846560846560844
956000,0.30835095137420726
957000,0.308025343189018
958000,0.30833333333333335
959000,0.30842992623814547
960000,0.3083157894736842
961000,0.308832807570978
962000,0.30945378151260505
963000,0.30912906610703045
964000,0.30922431865828093
965000,0.3091099476439791
966000,0.3092050209205021
967000,0.3098223615464995
968000,0.3097077244258873
969000,0.31001042752867564
970000,0.3103125
971000,0.3108220603537981
972000,0.3111226611226611
973000,0.3116303219106958
974000,0.3117219917012448
975000,0.31139896373056997
976000,0.31128364389233953
977000,0.3111685625646329
978000,0.3110537190082645
979000,0.3113519091847265
980000,0.3114432989690722
981000,0.31194644696189494
982000,0.31224279835390945
983000,0.31243576567317577
984000,0.3127310061601643
985000,0.313025641025641
986000,0.31331967213114753
987000,0.31289662231320375
988000,0.31257668711656444
989000,0.312461695607763
990000,0.31234693877551023
991000,0.31264016309887876
992000,0.3129327902240326
993000,0.3127161749745676
994000,0.3130081300813008
995000,0.31370558375634516
996000,0.3139959432048682
997000,0.31377912867274577
998000,0.3142712550607287
999000,0.3141557128412538
1000000,0.3148484848484849
1001000,0.3152371342078708
1002000,0.3157258064516129
1003000,0.316012084592145
1004000,0.3164989939637827
1005000,0.3165829145728643
1006000,0.31626506024096385
1007000,0.3167502507522567
1008000,0.3172344689378757
1009000,0.3175175175175175
1010000,0.3176
1011000,0.31778221778221777
1012000,0.318063872255489
1013000,0.31834496510468596
1014000,0.3188247011952191
1015000,0.3191044776119403
1016000,0.3195825049701789
1017000,0.31986097318768614
1018000,0.3197420634920635
1019000,0.32001982160555004
1020000,0.32000000000000006
1021000,0.3206726013847676
1022000,0.3207509881422925
1023000,0.3210266535044423
1024000,0.3207100591715977
1025000,0.32098522167487686
1026000,0.32145669291338586
1027000,0.3217305801376598
1028000,0.3220039292730845
1029000,0.32149165848871447
1030000,0.32137254901960793
1031000,0.3216454456415279
1032000,0.3219178082191781
1033000,0.3223851417399805
1034000,0.323046875
1035000,0.32331707317073166
1036000,0.3230019493177388
1037000,0.32346640701071083
1038000,0.3241245136186771
1039000,0.32458697764820216
1040000,0.32485436893203884
1041000,0.324733268671193
1042000,0.32480620155038764
1043000,0.32526621490803487
1044000,0.3257253384912959
1045000,0.32618357487922706
1046000,0.32625482625482627
1047000,0.32594021215043395
1048000,0.3260115606936416
1049000,0.3264677574590953
1050000,0.3271153846153846
1051000,0.3270893371757925
1052000,0.3271593090211133
1053000,0.3273250239693193
1054000,0.3277777777777778
1055000,0.3282296650717703
1056000,0.32848948374760994
1057000,0.3291308500477555
1058000,0.3291984732824427
1059000,0.32945662535748327
1060000,0.3297142857142857
1061000,0.32997145575642245
1062000,0.33022813688212926
1063000,0.3306742640075973
1064000,0.33092979127134725
1065000,0.33080568720379144
1066000,0.33106060606060606
1067000,0.33131504257332073
1068000,0.33175803402646503
1069000,0.33125590179414544
1070000,0.33132075471698114
1071000,0.33176248821866167
1072000,0.3322033898305085
1073000,0.3324553151458137
1074000,0.3325187969924812
1075000,0.3331455399061033
1076000,0.33358348968105067
1077000,0.3338331771321462
1078000,0.33445692883895134
1079000,0.3344246959775491
1080000,0.3346728971962617
1081000,0.33510737628384685
1082000,0.3357276119402985
1083000,0.33616029822926374
1084000,0.3364059590316574
1085000,0.3368372093023256
1086000,0.3371747211895911
1087000,0.3374187558031569
1088000,0.337291280148423
1089000,0.33772011121408707
1090000,0.3380555555555555
1091000,0.33802035152636445
1092000,0.33826247689463956
1093000,0.33887349953831947
1094000,0.33929889298892985
1095000,0.33972350230414744
1096000,0.3397790055248619
1097000,0.3403863845446182
1098000,0.3402573529411765
1099000,0.3401285583103765
1100000,0.33981651376146793
1101000,0.3404216315307058
1102000,0.3404761904761905
1103000,0.34071363220494055
1104000,0.34113345521023763
1105000,0.3411872146118722
1106000,0.34142335766423354
1107000,0.3416590701914312
1108000,0.3422586520947177
1109000,0.3422202001819836
1110000,0.34254545454545454
1111000,0.342960944595822
1112000,0.3430127041742287
1113000,0.34324569356301
1114000,0.34347826086956523
1115000,0.34371040723981894
1116000,0.3437613019891501
1117000,0.3439927732610659
1118000,0.34395306859205776
1119000,0.3440036068530207
1120000,0.3444144144144144
1121000,0.3445544554455445
1122000,0.3447841726618705
1123000,0.3453728661275831
1124000,0.34596050269299816
1125000,0.3460089686098654
1126000,0.3462365591397849
1127000,0.34646374216651743
1128000,0.3468694096601073
1129000,0.34718498659517427
1130000,0.3475892857142857
1131000,0.348171275646744
1132000,0.34839572192513374
1133000,0.34853072128227963
1134000,0.3491103202846975
1135000,0.3489777777777778
1136000,0.3491119005328597
1137000,0.3491570541259983
1138000,0.34955673758865247
1139000,0.34977856510186006
1140000,0.3498230088495575
1141000,0.3499557913351017
1142000,0.3501766784452297
1143000,0.3506619593998235
1144000,0.3507936507936508
1145000,0.35066079295154184
1146000,0.35088028169014085
1147000,0.35074758135444145
1148000,0.35079086115992975
1149000,0.351009657594381
1150000,0.35122807017543856
1151000,0.35162138475021915
1152000,0.35175131348511385
1153000,0.35179352580927387
1154000,0.35209790209790204
1155000,0.35231441048034934
1156000,0.35218150087260036
1157000,0.3523975588491718
1158000,0.3529616724738676
1159000,0.3531766753698869
1160000,0.35356521739130436
1161000,0.3536055603822763
1162000,0.35347222222222224
1163000,0.353686036426713
1164000,0.35398613518197575
1165000,0.35419913419913424
1166000,0.35458477508650516
1167000,0.3549697493517719
1168000,0.3550086355785838
1169000,0.3553925798101812
1170000,0.3552586206896552
1171000,0.3552110249784668
1172000,0.3553356282271945
1173000,0.355030094582975
1174000,0.354553264604811
