1000,nan
2000,0.17223170353099704
3000,0.1971968428697437
4000,0.17062547961249946
5000,0.16292553038802
6000,0.14911326026543975
7000,0.14319055412585538
8000,0.13175316200192486
9000,0.1252232103724964
10000,0.12133486553405722
11000,0.12131803584285081
12000,0.11969830884005536
13000,0.11559981467823187
14000,0.1103795793480598
15000,0.10777053396616663
16000,0.10429033586755394
17000,0.10226345363771543
18000,0.1013892289251089
19000,0.09999120404633383
20000,0.09868910751844708
21000,0.09814880454912782
22000,0.0973173144406506
23000,0.09710433875972574
24000,0.09701578979906829
25000,0.09728115449349085
26000,0.09628430728241802
27000,0.09477548563423065
28000,0.09360367215962874
29000,0.09343820503314158
30000,0.09172086246183206
31000,0.09059546158804248
32000,0.0897765070184945
33000,0.08801457008084981
34000,0.08716408810013848
35000,0.08671056653838605
36000,0.08508312833628484
37000,0.08415971646318213
38000,0.08386912419762764
39000,0.08438897116330306
40000,0.08400509676848275
41000,0.083793518851744
42000,0.08298241689619494
43000,0.0818928182989891
44000,0.08170219849426906
45000,0.08148321280710992
46000,0.08087759607005865
47000,0.08056544638087001
48000,0.07929406922578099
49000,0.0787915896231425
50000,0.07849464961185063
51000,0.078147064443212
52000,0.07782170649060943
53000,0.07734848067406207
54000,0.0771875531812427
55000,0.07645010980044457
56000,0.07591162745713849
57000,0.07550572438257015
58000,0.0753714932582194
59000,0.07489590750934942
60000,0.07432544941942887
61000,0.07458989897316011
62000,0.07510269264285988
63000,0.07538123367121444
64000,0.07496790077781217
65000,0.07460449508471356
66000,0.07419265823689504
67000,0.0738454774724122
68000,0.07362413034364303
69000,0.07399519948692827
70000,0.07386017103470267
71000,0.07363574046275712
72000,0.07373531753177637
73000,0.07328178762658757
74000,0.07297204379694
75000,0.07252770759026847
76000,0.07260137340488533
77000,0.0724185388829363
78000,0.07227065860317995
79000,0.07215412565781615
80000,0.0718079660117296
81000,0.07169141717196909
82000,0.07124668297524575
83000,0.07122536944197036
84000,0.07101335094327174
85000,0.07077164391881698
86000,0.07070630797267179
87000,0.07023573246890094
88000,0.0700022927542945
89000,0.07007571619721023
90000,0.06989511904147129
91000,0.06951830070194168
92000,0.06919909131209172
93000,0.06939622283161558
94000,0.06909549818612054
95000,0.06880187309394155
96000,0.06877052815863863
97000,0.06864038229529494
98000,0.0683295751690202
99000,0.06846365326960875
100000,0.06825654106931948
101000,0.06789299503073562
102000,0.0677438545705852
103000,0.06759010976986211
104000,0.06729177267989143
105000,0.06716942323400872
106000,0.06705754838806266
107000,0.06658995970216017
108000,0.06642440751849926
109000,0.0667139430910875
110000,0.06679387502468388
111000,0.06645650954842991
112000,0.06634724859016117
113000,0.06616521907074327
114000,0.06593981900806663
115000,0.06570386420496283
116000,0.06556892953377784
117000,0.06555192115092409
118000,0.06534601225065959
119000,0.06526557894362436
120000,0.06526257870219913
121000,0.0650532389988075
122000,0.06491160253303371
123000,0.0649131116046013
124000,0.06489214304223187
125000,0.06478206127057708
126000,0.06496011688383296
127000,0.06482275295457507
128000,0.06447358834364737
129000,0.06431356187922574
130000,0.06420472475940131
131000,0.06401479296502657
132000,0.06379303478019113
133000,0.06380149813723454
134000,0.06378325737594395
135000,0.06389590755753122
136000,0.06372859924591871
137000,0.06354066814879736
138000,0.06331890302643955
139000,0.06350453804538964
140000,0.06338181922006213
141000,0.063197646889187
142000,0.06297079820246997
143000,0.06291249197633923
144000,0.06269128597023982
145000,0.06242862011333475
146000,0.06227251659605074
147000,0.062136522748855214
148000,0.06205190562581339
149000,0.06195983411846494
150000,0.06183036656967433
151000,0.06175918950908817
152000,0.06169903880803975
153000,0.06165032157541167
154000,0.061425608152666684
155000,0.0613171994252971
156000,0.061146518254217
157000,0.06088827712221059
158000,0.06085457550917877
159000,0.06067826567546323
160000,0.060695400626952146
161000,0.060523015903527266
162000,0.06044710254439829
163000,0.060310185464590584
164000,0.06017491027042898
165000,0.06027106377516203
166000,0.06013258043951778
167000,0.05999516690148501
168000,0.05982269698574102
169000,0.0597006372011882
170000,0.059542092826622456
171000,0.05948387633646181
172000,0.05941348188490013
173000,0.059281178756256936
174000,0.059133326098513975
175000,0.05909694987208711
176000,0.058955607630378964
177000,0.05885492272692235
178000,0.058800593309043934
179000,0.058619853209382386
180000,0.058458821175882705
181000,0.05840925608457635
182000,0.05819737237539832
183000,0.05809505218134651
184000,0.05805819505231476
185000,0.05801130585763452
186000,0.057830470427933676
187000,0.05789443810867216
188000,0.057676987826916326
189000,0.05777464768994213
190000,0.057733270521312656
191000,0.05773362258871968
192000,0.057736893958370665
193000,0.05770813568287849
194000,0.05774325830095877
195000,0.05769512944863197
196000,0.05755855367250311
197000,0.0575707949339816
198000,0.057468315464418454
199000,0.05732544699390983
200000,0.05729406057879207
201000,0.057181060272443573
202000,0.057045527381894286
203000,0.05697541739624501
204000,0.056905148940658644
205000,0.056781748629588284
206000,0.05678413509851231
207000,0.0566633699012545
208000,0.05670305960367384
209000,0.056576571408536086
210000,0.056555499610185855
211000,0.05643847730947614
212000,0.05647220121309276
213000,0.05643037834016931
214000,0.0564751000756271
215000,0.05639183719508637
216000,0.05632702802724833
217000,0.05632497274550756
218000,0.056244180100693146
219000,0.05612319498114638
220000,0.05612153108215776
221000,0.05606967460877389
222000,0.05610846967412142
223000,0.05593964807266529
224000,0.05586099730613495
225000,0.05575910007178858
226000,0.055720031827739956
227000,0.05566649196068839
228000,0.05551770063027912
229000,0.055459914658996766
230000,0.055413410488941085
231000,0.055364335743841996
232000,0.055301453045607664
233000,0.05517781244351023
234000,0.055128622469402325
235000,0.05501538169909563
236000,0.054956334445159884
237000,0.05487040212398624
238000,0.054763662533781524
239000,0.05471133216985642
240000,0.05460733867266944
241000,0.05450731934091891
242000,0.05440807805345413
243000,0.054383093233880284
244000,0.05436340067770386
245000,0.05433757758549544
246000,0.05432843799831118
247000,0.0543219019052652
248000,0.05424892491135965
249000,0.054188965761521456
250000,0.054215376115690196
251000,0.05419925557668321
252000,0.05414274544515406
253000,0.054094252743460754
254000,0.05419709470630126
255000,0.05413768649679667
256000,0.05406536286180912
257000,0.054054341597066013
258000,0.05392130907930267
259000,0.053798985513163616
260000,0.05376772517459755
261000,0.053628796872261984
262000,0.05357398388883228
263000,0.05345018371377133
264000,0.05333357876314544
265000,0.05326183575155235
266000,0.0532212982965932
267000,0.053128708112079835
268000,0.0530604739650327
269000,0.05293282230515832
270000,0.052807836804398746
271000,0.05276146464493919
272000,0.052753177935358934
273000,0.052653457164321
274000,0.05263545274748996
275000,0.05257464375871193
276000,0.05257394846482202
277000,0.05253768808253116
278000,0.05247669736270554
279000,0.052416257270177985
280000,0.05231699762940173
281000,0.05225539325524421
282000,0.052311223967612334
283000,0.05223887045293921
284000,0.05231624368973926
285000,0.05230021207567967
286000,0.05225116188805387
287000,0.052175354794965455
288000,0.05213579024477839
289000,0.05204773748195698
290000,0.05195901714902609
291000,0.051959226743342225
292000,0.05187903575921636
293000,0.051910167324878215
294000,0.05191420725345732
295000,0.05187538153326399
296000,0.051908038232151926
297000,0.051821941915054716
298000,0.05175097986145622
299000,0.051773896809447016
300000,0.05171372640280701
301000,0.05168151317369969
302000,0.051636163532026914
303000,0.05158990511947484
304000,0.05159262916170792
305000,0.051478984159468
306000,0.051451629505332434
307000,0.051404000898508134
308000,0.051425472551961324
309000,0.05137347720208874
310000,0.05134157645708239
311000,0.051291537743264566
312000,0.0512922786623524
313000,0.05131902202545181
314000,0.051305072978190994
315000,0.05121935268876641
316000,0.051221166432812985
317000,0.051194167729058965
318000,0.05119445684585538
319000,0.05109293988064582
320000,0.05100997468193141
321000,0.05094282836591447
322000,0.050906589053494336
323000,0.05083695135208755
324000,0.050784423576210894
325000,0.05072842268125919
326000,0.05067015550797805
327000,0.05059749405339012
328000,0.05054772741781457
329000,0.05047777906005561
330000,0.05049544724173657
331000,0.05046980194560478
332000,0.05049565123176776
333000,0.050409240853735694
334000,0.050386792290976756
335000,0.05040389991007762
336000,0.05037513642790797
337000,0.05030765157533183
338000,0.05030012528984794
339000,0.05026889637504572
340000,0.05028058545122055
341000,0.05023805329764454
342000,0.050180372504122786
343000,0.050106407988684425
344000,0.050068332089427535
345000,0.050026102704273503
346000,0.05005193453697164
347000,0.04999421480985902
348000,0.04998219439847749
349000,0.049967475461301224
350000,0.04992584203724165
351000,0.04988977642367328
352000,0.04983765213120798
353000,0.04982574475801481
354000,0.04974804847964901
355000,0.04965959251170983
356000,0.04961460867526114
357000,0.049590416753035445
358000,0.04953373499388783
359000,0.04957172981246801
360000,0.04949775287115552
361000,0.04948683751601493
362000,0.04943664686272561
363000,0.04939828722030876
364000,0.04938042689035916
365000,0.04941556084786598
366000,0.04937725471412406
367000,0.049363357311749546
368000,0.04942089645188855
369000,0.049372842260978045
370000,0.04937028435272162
371000,0.0493468205202245
372000,0.04936410039318148
373000,0.049348492391084534
374000,0.049313602837778865
375000,0.04934381843291791
376000,0.04928666252338638
377000,0.049281542949153094
378000,0.04930508206691099
379000,0.049235218739760396
380000,0.04924891977835112
381000,0.04925898162213056
382000,0.049196804176436695
383000,0.04915320548705552
384000,0.04911487992462646
385000,0.04911146477758545
386000,0.049136547287986554
387000,0.049065489245281875
388000,0.04905098732518759
389000,0.04902808263258212
390000,0.0489693825357596
391000,0.04898404989487085
392000,0.04897710488706618
393000,0.04904499647875164
394000,0.049008056824451016
395000,0.049004016108491796
396000,0.04900022829134206
397000,0.04901215844003324
398000,0.04897069354413748
399000,0.048886599048068885
400000,0.048915839140982666
401000,0.048922441153205
402000,0.04884121525658764
403000,0.04881674588515437
404000,0.048812508533556224
405000,0.04879207584717643
406000,0.048840016123470796
407000,0.04883421545743878
408000,0.04880426558929081
409000,0.0488055265759684
410000,0.04876103594074877
411000,0.0487147647799447
412000,0.04872140007183055
413000,0.04869043874278556
414000,0.048648249993402934
415000,0.04861641921111999
416000,0.04862650626125824
417000,0.048595401760282514
418000,0.0485417902992806
419000,0.04850249323847984
420000,0.04851089814807864
421000,0.04854792687171582
422000,0.048544520468698844
423000,0.04852019691783538
424000,0.04847738165034082
425000,0.048436610480300415
426000,0.04837925574139637
427000,0.048382400334134976
428000,0.04835380340388712
429000,0.04834696482388285
430000,0.04829897652467005
431000,0.048238158117178395
432000,0.04827302658990924
433000,0.04822904415012561
434000,0.04819383046712929
435000,0.048143840183569375
436000,0.04816375653337066
437000,0.04811961823759853
438000,0.04807529231824846
439000,0.04806828630243462
440000,0.0480899655582343
441000,0.048110978245253636
442000,0.04807778385791467
443000,0.048021510500082645
444000,0.048002593918008686
445000,0.0480148577461961
446000,0.04796627371145538
447000,0.04794846214106068
448000,0.04793004989553706
449000,0.04793086696291929
450000,0.047867118410651006
451000,0.04781362923604643
452000,0.047807475394066504
453000,0.04778527933318658
454000,0.04772007562768508
455000,0.04768688649096575
456000,0.047650487403523505
457000,0.047598715679410625
458000,0.04759300174825892
459000,0.04755421700314456
460000,0.047557883432631086
461000,0.04751438076974844
462000,0.04748696079621609
463000,0.047483045047222644
464000,0.047475860637515084
465000,0.0474657930343177
466000,0.04740131187690823
467000,0.04734909201189256
468000,0.04728494846086044
469000,0.04725533528265874
470000,0.04724807423196419
471000,0.047208340003556434
472000,0.047184725019377864
473000,0.04720835078444028
474000,0.047167721382134556
475000,0.04719669736171719
476000,0.04720951723893124
477000,0.04719940597558797
478000,0.047194797753339804
479000,0.047172021911363604
480000,0.0471509021636155
481000,0.04709433335308859
482000,0.04706770258574706
483000,0.04703663777827123
484000,0.04699651649683101
485000,0.04699604505880386
486000,0.0469495947448988
487000,0.046952428965883926
488000,0.046906484931528575
489000,0.04692981719341392
490000,0.04692985879193995
491000,0.04690907127411599
492000,0.0468406051082694
493000,0.046860125579713176
494000,0.04682373825021931
495000,0.04677503818006496
496000,0.04671938766506642
497000,0.04674037299248025
498000,0.04672893873161507
499000,0.0467271477433088
500000,0.046682465678843335
501000,0.0466504517495865
502000,0.04665095812109896
503000,0.04662282760665507
504000,0.046629098416829134
505000,0.04662797805095103
506000,0.04661494266917228
507000,0.04663049196605865
508000,0.046659253533361054
509000,0.046642544430402826
510000,0.04663086740228243
511000,0.04662359405525814
512000,0.046571541073528865
513000,0.04656465137682062
514000,0.04650745770656168
515000,0.04654902018269647
516000,0.04654540914201259
517000,0.04651480674438626
518000,0.046490715622336275
519000,0.04644792463008358
520000,0.04643124462058678
521000,0.046431957957281084
522000,0.04641002378088642
523000,0.046376217805541395
524000,0.04631407744390088
525000,0.046271191149832726
526000,0.0462690667888327
527000,0.04623063055222089
528000,0.04622236237118102
529000,0.04622590255515233
530000,0.04616958516863807
531000,0.04616437199758366
532000,0.04614603646417901
533000,0.046148725961075915
534000,0.04610756493870721
535000,0.04607763857757743
536000,0.046036902929778065
537000,0.04601242341654577
538000,0.045986800390561036
539000,0.04599180161030305
540000,0.04596154286192664
541000,0.045906002283682704
542000,0.045879814984335424
543000,0.045890816364212245
544000,0.045921997897692274
545000,0.04591556410044124
546000,0.04590503698193528
547000,0.04585995743500628
548000,0.04585912031580403
549000,0.045861496101940784
550000,0.04585324204785542
551000,0.045837522825607185
552000,0.04584160782037617
553000,0.04585850713222011
554000,0.045811095963245695
555000,0.04580380796544785
556000,0.045766839482863475
557000,0.045726705807438726
558000,0.04570517843510601
559000,0.04570198413180721
560000,0.04564748076734105
561000,0.045658457281887034
562000,0.045636043418510096
563000,0.04568725776263294
564000,0.04564752371824176
565000,0.04564484941650509
566000,0.04563758927758008
567000,0.04561255512388453
568000,0.04558832409479154
569000,0.04555911461125427
570000,0.04552473720400029
571000,0.04549634799502153
572000,0.045480638271423575
573000,0.045444911387052964
574000,0.045437763030921154
575000,0.04545153501134882
576000,0.04543010876520091
577000,0.0454149474691197
578000,0.04542619754429955
579000,0.045385258951909986
580000,0.04539338277879256
581000,0.045373956458462435
582000,0.04537353627025045
583000,0.04534422101965414
584000,0.04534340710652749
585000,0.0453283328106284
586000,0.04530293438521922
587000,0.04531139763266424
588000,0.045308274634240364
589000,0.04530962190987165
590000,0.04526963287870382
591000,0.045262448223765496
592000,0.04524750436976073
593000,0.045225699586169225
594000,0.04520312445399212
595000,0.045203007396541046
596000,0.04518757650534771
597000,0.045186324726365155
598000,0.04516509947900534
599000,0.04516734075043382
600000,0.04512817881389588
601000,0.045116406697401544
602000,0.0451254320771882
603000,0.045096647364415765
604000,0.045067135711823345
605000,0.045056465769038975
606000,0.04504335853314481
607000,0.04503949185263361
608000,0.045040855291646656
609000,0.045008444796152805
610000,0.044974403960405876
611000,0.044949581929927186
612000,0.04491971195009522
613000,0.044927923243351695
614000,0.04490176900993572
615000,0.044882086724475564
616000,0.044873908205701765
617000,0.044848656351120564
618000,0.04480821451205629
619000,0.04479792328140944
620000,0.04475599341983125
621000,0.04475544440005193
622000,0.04473880066727768
623000,0.04473457776948284
624000,0.044697982239782476
625000,0.044672052916715846
626000,0.044639737066188824
627000,0.04461165463702326
628000,0.04463403714963523
629000,0.04465699540693083
630000,0.044636748820502205
631000,0.04460379993081987
632000,0.044568071941774645
633000,0.04454262892836653
634000,0.04452859938898165
635000,0.04450261568954862
636000,0.04446523258276467
637000,0.04448217718819714
638000,0.044448249778804245
639000,0.0444394189742234
640000,0.04441651412106778
641000,0.04439183781801148
642000,0.044358708755581386
643000,0.04433927837440293
644000,0.04434663190266145
645000,0.04432977930750583
646000,0.04433131786403535
647000,0.04433365717045307
648000,0.0443284042170498
649000,0.04431442299904984
650000,0.04433898250933827
651000,0.04434297832591423
652000,0.04434392495890371
653000,0.04435652772430152
654000,0.044339275052569516
655000,0.04432870994534006
656000,0.044299670975212764
657000,0.04431412834460278
658000,0.04428954273709479
659000,0.04429111347680078
660000,0.04428786546088528
661000,0.04424156415028406
662000,0.044243694018245336
663000,0.04424398901908035
664000,0.04424883072568436
665000,0.04420525990551897
666000,0.044179459880832654
667000,0.04417741759385677
668000,0.044147106101364665
669000,0.044128385395176564
670000,0.044102194315573946
671000,0.044076428168319484
672000,0.044045549351782724
673000,0.044029412000678086
674000,0.04399710059494443
675000,0.043978511685087866
676000,0.04392902933605257
677000,0.0439085095446366
678000,0.043906077872636756
679000,0.04388225917630743
680000,0.04385512215447947
681000,0.04387524608141736
682000,0.04388055486563373
683000,0.04385149190669212
684000,0.043840200743475374
685000,0.04380843848215889
686000,0.043774422058541616
687000,0.043768592808474026
688000,0.04372468914349802
689000,0.0437276780715217
690000,0.04371952474686176
691000,0.04370270074212728
692000,0.043676269734465326
693000,0.043706810973526446
694000,0.04371793540462571
695000,0.04370069962224865
696000,0.04368143790929994
697000,0.04364044787829719
698000,0.043635291851503465
699000,0.043643935222369167
700000,0.04361107040796054
701000,0.04359273364124654
702000,0.04362028821443072
703000,0.04361265232182735
704000,0.043610762173181085
705000,0.04356432235914657
706000,0.04352307537738201
707000,0.04348260081786545
708000,0.04346060015100958
709000,0.043450444834370966
710000,0.04343722985431976
711000,0.04342473595690894
712000,0.043417680391387846
713000,0.0433890646395749
714000,0.043401534470517596
715000,0.04337787711356163
716000,0.04336918678254351
717000,0.04333065365318062
718000,0.043305739742725495
719000,0.043275279247013576
720000,0.043272184315634635
721000,0.0432841651478197
722000,0.043292267839920004
723000,0.04329851396459089
724000,0.04326944364253966
725000,0.043231671870818285
726000,0.04322816908477549
727000,0.043204685726923646
728000,0.04319464039367987
729000,0.04319394950518752
730000,0.0431819952932325
731000,0.04315876178949759
732000,0.04314319111384348
733000,0.043120250234224826
734000,0.04309769969637313
735000,0.04308469493264219
736000,0.043075005878800476
737000,0.043061957511765836
738000,0.0430557653090801
739000,0.04306282539813947
740000,0.04307469677409889
741000,0.043036885837878014
742000,0.04304527419419895
743000,0.043017079113821646
744000,0.04299520762369487
745000,0.042962139160258095
746000,0.04294102212466493
747000,0.0429182783351826
748000,0.04288833820848748
749000,0.042900899128064225
750000,0.042934492281139165
751000,0.042926172554298925
752000,0.04292684792783254
753000,0.042911856003380267
754000,0.042881856020563186
755000,0.042904594950110835
756000,0.04290273729384112
757000,0.042888268008272265
758000,0.04286515511906228
759000,0.042857243268930915
760000,0.04284430390112047
761000,0.04281684937607344
762000,0.0427900754154795
763000,0.042768412005433416
764000,0.042756896425057804
765000,0.042719240606808484
766000,0.04267804506514069
767000,0.0426583463427542
768000,0.04264946941654696
769000,0.042624315327998374
770000,0.042639567249935055
771000,0.04260359959875675
772000,0.04258709436290216
773000,0.04257272758669373
774000,0.042548677651776376
775000,0.042521298408785956
776000,0.04249665151388505
777000,0.04246851793659422
778000,0.04246281946126337
779000,0.04244072539222356
780000,0.04243648058724523
781000,0.0424155138447233
782000,0.04238935632406252
783000,0.04236294043386894
784000,0.04231999689790582
785000,0.042308036831353986
786000,0.042276985199008264
787000,0.04227319431910202
788000,0.04224868516912986
789000,0.042219226772615956
790000,0.0421942667318027
791000,0.04220684263266511
792000,0.04219299142141344
793000,0.042173807064285605
794000,0.04218060438466742
795000,0.04214885472977605
796000,0.04212081741463282
797000,0.04209643757903402
798000,0.042083771307895736
799000,0.042068119462701156
800000,0.042056972969701345
801000,0.04205418839475169
802000,0.04206148856849242
803000,0.04203655854770548
804000,0.0420152353347325
805000,0.04200071735934972
806000,0.041975384319514926
807000,0.041960213897802065
808000,0.041975141233827194
809000,0.04195950980057466
810000,0.04194993257068002
811000,0.04193109464619659
812000,0.04192618695521956
813000,0.04189420148247556
814000,0.04187355296939599
815000,0.04183820859985729
816000,0.041828652991080496
817000,0.04180456456334094
818000,0.04178460620605442
819000,0.041782585570645916
820000,0.041777149419636
821000,0.04177850952951902
822000,0.041752552547602406
823000,0.04174212248636316
824000,0.041776782912203596
825000,0.04175671114868431
826000,0.04174479064758105
827000,0.041751658004325516
828000,0.041728012527750484
829000,0.04170486846700978
830000,0.04170165426925356
831000,0.041686991917885316
832000,0.041650119556174876
833000,0.04165310472027648
834000,0.041641535651991655
835000,0.04163598522958619
836000,0.04162176180585611
837000,0.04159267754173525
838000,0.04157787542580849
839000,0.04155267844446029
840000,0.04152076886477714
841000,0.041524067843503355
842000,0.0415051717634712
843000,0.04148808743800131
844000,0.04147118301561554
845000,0.04144658721782465
846000,0.04143465850815679
847000,0.04141950181824509
848000,0.041396265771450835
849000,0.04137244857037039
850000,0.04136219328036669
851000,0.041376460410620305
852000,0.04134654806235058
853000,0.04134724005810701
854000,0.0413287105602346
855000,0.04132099921846587
856000,0.04130118570733701
857000,0.04128757966417797
858000,0.04126382220816709
859000,0.041271291581699725
860000,0.04124519905810379
861000,0.041238895159635726
862000,0.04121324091304811
863000,0.04120086924152815
864000,0.04117746227657609
865000,0.041158036510421006
866000,0.04114609967432028
867000,0.041146317525979456
868000,0.04116304672610916
869000,0.04115040347042192
870000,0.04113905051177484
871000,0.0411220652121989
872000,0.04110870456465907
873000,0.041110139062641236
874000,0.04109776633939512
875000,0.04108265685381765
876000,0.041064075306969296
877000,0.04106845218835364
878000,0.041047523734275254
879000,0.041042606576534406
880000,0.04102591900303944
881000,0.04101135205097142
882000,0.04099639689555221
883000,0.04097710029698424
884000,0.04097292065546723
885000,0.04095342828552012
886000,0.04092707944255833
887000,0.04091679659387876
888000,0.04091796068592903
889000,0.04090198759655683
890000,0.040910008797115364
891000,0.0408865666595939
892000,0.04088283519412278
893000,0.04087086410057181
894000,0.04084736448340457
895000,0.040828784095584124
896000,0.04081857541873245
897000,0.04081503522580923
898000,0.04081892583529213
899000,0.04078884174332841
900000,0.04079479909721721
901000,0.04078458968325544
902000,0.04079942195674329
903000,0.04078456050388648
904000,0.04077481407768729
905000,0.040786055916467265
906000,0.0407728261328804
907000,0.04074787589409527
908000,0.04073977185634135
909000,0.04072463631762385
910000,0.04071465759716515
911000,0.040691579534028716
912000,0.04067089812486723
913000,0.04065020033161553
914000,0.04063460331965214
915000,0.0406062552834623
916000,0.040578280232848006
917000,0.04058892831288804
918000,0.04058238344387996
919000,0.04056985540532234
920000,0.0405620441359523
921000,0.04054599840446431
922000,0.04053004797194512
923000,0.04050554998774953
924000,0.04047722478990871
925000,0.04046776186516967
926000,0.04045415456957385
927000,0.040468390296547994
928000,0.04044678599774981
929000,0.04043483538492277
930000,0.040420461591791544
931000,0.040406089017138894
932000,0.04039575819316356
933000,0.04037827094530316
934000,0.0403764727701159
935000,0.04036273273527328
936000,0.04034085712650228
937000,0.0403188535298679
938000,0.04030933877025938
939000,0.04029609877922099
940000,0.040271281168000925
941000,0.04026582767798669
942000,0.040241674678337065
943000,0.0402388886260939
944000,0.04024684293431275
945000,0.040212106496477704
946000,0.040204915696707005
947000,0.04021004098790563
948000,0.04020805958407801
949000,0.040187703102380325
950000,0.040168374733592346
951000,0.04016892189834585
952000,0.04015007081109718
953000,0.040121684984252406
954000,0.040121442505266225
955000,0.04013615322231088
956000,0.040126194774120785
957000,0.04012375060490466
958000,0.04009746182408858
959000,0.04009103133627637
960000,0.04007862242756531
961000,0.04007056247290772
962000,0.040045331976853525
963000,0.040029581058210126
964000,0.04000493165501248
965000,0.03999553848750802
966000,0.039998231897247626
967000,0.03999839824449978
968000,0.039992989699127277
969000,0.03997774320587344
970000,0.03996364906451509
971000,0.03996715850319795
972000,0.039947788962639
973000,0.039930954981632884
974000,0.03991440703510546
975000,0.039904545202237664
976000,0.03989639342018069
977000,0.03989046149650139
978000,0.039897373450941194
979000,0.03989881922673374
980000,0.03991511913223465
981000,0.03991498907676979
982000,0.03989445783111132
983000,0.0398769527188203
984000,0.039876091976642714
985000,0.03986141669878767
986000,0.03983602166916291
987000,0.03982057122886866
988000,0.03982004132596545
989000,0.039795052317313534
990000,0.03980378534052643
991000,0.039779753098975766
992000,0.03977053979582409
993000,0.03975535399917604
994000,0.0397416054895619
995000,0.03971566415115581
996000,0.03970421615883301
997000,0.03970721436332632
998000,0.0396845283943596
999000,0.03967081071869708
1000000,0.039659460850025724
1001000,0.0396488536462246
1002000,0.03963936172718471
1003000,0.03962502875370545
1004000,0.039610303204804
1005000,0.039588116274978935
1006000,0.03958157039537623
1007000,0.03956577595986753
1008000,0.03955543474576902
1009000,0.03954464124783246
1010000,0.039535254024010015
1011000,0.03952661686503711
1012000,0.03949788471142776
1013000,0.03948725916320672
1014000,0.039481020022027594
1015000,0.039478859880575645
1016000,0.0394696259538338
1017000,0.03944475345399371
1018000,0.039423480087067274
1019000,0.03940500829955824
1020000,0.0394032013451809
1021000,0.039399630498676334
1022000,0.03937824597454176
1023000,0.03936679888460963
1024000,0.03935357906742641
1025000,0.03932534006393666
1026000,0.03930618512779815
1027000,0.03930894415539106
1028000,0.03928791121513394
1029000,0.0392627998072813
1030000,0.03924263335071007
1031000,0.039229587671382
1032000,0.039232989423721984
1033000,0.03922476420115725
1034000,0.039207385497956354
1035000,0.039193008017019866
1036000,0.03917027661313105
1037000,0.039175910235405766
1038000,0.039187033007835444
1039000,0.03917707909281148
1040000,0.039153926126129834
1041000,0.03912705251539032
1042000,0.03912719004879988
1043000,0.03912580819512139
1044000,0.03912022028761614
1045000,0.03910020607727347
1046000,0.03908171604525044
1047000,0.039076440133875366
1048000,0.03904767331133869
1049000,0.039041433631208544
1050000,0.03904064149001291
1051000,0.03902850111588902
1052000,0.03902272386342924
1053000,0.03900835803603579
1054000,0.038985945644176186
1055000,0.038973076405608716
1056000,0.03898066382726623
1057000,0.03896195723120786
1058000,0.038950138808378526
1059000,0.0389343293780663
1060000,0.03893790563934648
1061000,0.038931214928507304
1062000,0.03891167654852825
1063000,0.038891753971789574
1064000,0.03887345058926616
1065000,0.03886356937713353
1066000,0.038842154464311676
1067000,0.03882360774313303
1068000,0.03880532168221464
1069000,0.03878950684909401
1070000,0.03878552618641141
1071000,0.03876944053361615
1072000,0.0387484541000291
1073000,0.038724207591011105
1074000,0.038700882203206256
1075000,0.038682243282443
1076000,0.038663656000789734
1077000,0.038651352452265045
1078000,0.038636877757399636
1079000,0.03863494193572002
1080000,0.03861655080767044
1081000,0.038597468575015365
1082000,0.038588523902336073
1083000,0.03858085773286927
1084000,0.03855273658286635
1085000,0.038531752541330275
1086000,0.03851430542330893
1087000,0.038520899987632695
1088000,0.038493053344837255
1089000,0.038492570922859584
1090000,0.038499822659276664
1091000,0.038506993040065454
1092000,0.038481289931477154
1093000,0.03847686833641368
1094000,0.03846448762013751
1095000,0.0384444806290996
1096000,0.038435501265525605
1097000,0.03842065595943854
1098000,0.03841059596201684
1099000,0.03838272771637659
1100000,0.038386556653243815
1101000,0.03836152729704786
1102000,0.0383527661921094
1103000,0.038350599846618205
1104000,0.038344971473063434
1105000,0.038329713497296324
1106000,0.03832097479434604
1107000,0.03831525117760018
1108000,0.03830475837030438
1109000,0.03829867631681444
1110000,0.03829198080419757
1111000,0.038277878113366824
1112000,0.038271271553020264
1113000,0.03825174116398348
1114000,0.03822739526276646
1115000,0.0382048878511044
1116000,0.03820851292157851
1117000,0.03819235040666765
1118000,0.03818274333706937
1119000,0.03817122139913727
1120000,0.03815655960287658
1121000,0.038137658297257855
1122000,0.03811334214360913
1123000,0.038111707749053356
1124000,0.038097357174128876
1125000,0.03807305841441237
1126000,0.03807943934250312
1127000,0.03806166412014879
1128000,0.038051111537335314
1129000,0.03803085225749557
1130000,0.03802194211272043
1131000,0.03801673127262569
1132000,0.0379981694952451
1133000,0.03799302159171891
1134000,0.037972473575071275
1135000,0.0379635755352586
1136000,0.037965351097139076
1137000,0.037948704942468346
1138000,0.037973579193885
1139000,0.03796776226656336
1140000,0.037964425917251424
1141000,0.03795241500868303
1142000,0.0379300141732417
1143000,0.03792068906171323
1144000,0.03791334738609933
1145000,0.037903008134768004
1146000,0.03789119692143626
1147000,0.037891444748245795
1148000,0.03788939227674131
1149000,0.037866465675869494
1150000,0.03786014995492206
1151000,0.037839668001063455
1152000,0.03783857793411985
1153000,0.03784665783584589
1154000,0.037833887716049105
1155000,0.037813412802663315
1156000,0.037811709876646976
1157000,0.03778901390670811
1158000,0.037773030965468045
1159000,0.03777161162064209
1160000,0.037759190945635165
1161000,0.03775162125304883
1162000,0.037748804636969224
1163000,0.03773388591686263
1164000,0.037738109791749665
1165000,0.03775735377612395
1166000,0.037745059774284224
1167000,0.03775796631454849
1168000,0.037738562969668654
1169000,0.03771749088705229
1170000,0.037725175854603984
1171000,0.037701086647302096
1172000,0.037695319037625
1173000,0.037677075474441754
1174000,0.03768224296300872
