1000,nan
2000,nan
3000,nan
4000,nan
5000,nan
6000,nan
7000,nan
8000,nan
9000,nan
10000,nan
11000,0.4434193872263979
12000,0.46568038912758175
13000,0.46567514340680716
14000,0.42990931286581235
15000,0.4299415159773629
16000,0.4219266498735653
17000,0.4293344017803596
18000,0.41622404182718764
19000,0.41230640975173427
20000,0.3981983975666378
21000,0.38000991809251566
22000,0.3784170845686546
23000,0.3736874215038558
24000,0.37862186010394083
25000,0.36389298652461527
26000,0.3639178275722198
27000,0.37615363594999274
28000,0.37113267518659226
29000,0.36498429185241854
30000,0.36333123525932914
31000,0.3586903702914835
32000,0.35759208109260276
33000,0.35721111657018956
34000,0.35357079838839606
35000,0.35295357292903085
36000,0.3597125829044748
37000,0.3570434950071599
38000,0.3493386998740221
39000,0.3447164486624154
40000,0.34505251101971063
41000,0.3408385122245436
42000,0.33738224045665394
43000,0.3322421964584584
44000,0.33234214638878024
45000,0.32953710807742886
46000,0.32666978615529924
47000,0.3247807342184865
48000,0.3251350501804094
49000,0.32872902716489816
50000,0.3301623575721068
51000,0.3287186430681705
52000,0.3281016096369814
53000,0.33120437073657577
54000,0.3293156964162506
55000,0.32954989187556405
56000,0.3314059377223797
57000,0.33168444493860266
58000,0.33041297141123943
59000,0.33232340901955987
60000,0.33306646028391834
61000,0.33026782158985823
62000,0.3283071417806109
63000,0.3262011208562364
64000,0.32269676894163296
65000,0.31981262202877847
66000,0.3163908353027511
67000,0.31737297407655374
68000,0.3158997055126695
69000,0.3154482575908138
70000,0.31511937107763566
71000,0.314379703450991
72000,0.3142943279442888
73000,0.3119022070988818
74000,0.3121480679368542
75000,0.313797647124212
76000,0.31155648878482145
77000,0.3091263661047223
78000,0.3090533471394765
79000,0.3082810436912168
80000,0.30793403662077096
81000,0.3102589388530466
82000,0.3086464154089716
83000,0.30589012280665
84000,0.30446757491205007
85000,0.3048444835246619
86000,0.30285804665371147
87000,0.30135605141178173
88000,0.30124736445055234
89000,0.3001272632572541
90000,0.2994504735168445
91000,0.3006166934249805
92000,0.2980234339549082
93000,0.29766370638587114
94000,0.2967267335424247
95000,0.2981905921614695
96000,0.29821566592310883
97000,0.29658005864285847
98000,0.29575929715317517
99000,0.2947684431749855
100000,0.29562911160751393
101000,0.2952865023434477
102000,0.29537766042983704
103000,0.2939970142623207
104000,0.29322444316508117
105000,0.29418870908293776
106000,0.2946612518061382
107000,0.29417879372965927
108000,0.29517276778999507
109000,0.29457972524966813
110000,0.29424682637716365
111000,0.29433681839758336
112000,0.29396221076177126
113000,0.2940065865302472
114000,0.2931022899470784
115000,0.29339499503527694
116000,0.2927778549109292
117000,0.2918492643835068
118000,0.2909964571805502
119000,0.29206171013296944
120000,0.2920128897583865
121000,0.2926976880985912
122000,0.2915832627248979
123000,0.29167919653901647
124000,0.29360228033308744
125000,0.29322877331798686
126000,0.2925826231166774
127000,0.29177288958913966
128000,0.29212326935050126
129000,0.29235365840242256
130000,0.29172459930566597
131000,0.29139672652873116
132000,0.29027247510471876
133000,0.290084157885488
134000,0.29124845438889024
135000,0.29066194409292423
136000,0.29106612267593446
137000,0.29217368767680785
138000,0.29340469549568826
139000,0.2938565681267902
140000,0.2929458734851681
141000,0.2919230877428041
142000,0.29261781001768694
143000,0.2916757565271777
144000,0.2913382969499266
145000,0.29246874549256685
146000,0.291273571481295
147000,0.2910841353087751
148000,0.29066603363326654
149000,0.29069017997663404
150000,0.29118706196408606
151000,0.29132020271083986
152000,0.29140855826681467
153000,0.2909835851257079
154000,0.2903776343054682
155000,0.289422983155261
156000,0.28912126297924357
157000,0.2884949811060791
158000,0.28866709915425903
159000,0.2884229599299092
160000,0.288867986559212
161000,0.2889045049324522
162000,0.28932256832812875
163000,0.29004673041055173
164000,0.2909614334777819
165000,0.29121221770209776
166000,0.29049072280860755
167000,0.2899254749352096
168000,0.28870244437466486
169000,0.28852111379382916
170000,0.28733487964468185
171000,0.2867495881969763
172000,0.2873057811201566
173000,0.28641610661670036
174000,0.28569907892382784
175000,0.2852972879488461
176000,0.28535742338078945
177000,0.28613523036422517
178000,0.2863990459296506
179000,0.285413391835733
180000,0.28578171240898653
181000,0.28607693418828795
182000,0.28605211600848723
183000,0.286828964859773
184000,0.2859475789499714
185000,0.285545503857982
186000,0.28489475163689826
187000,0.28495251840318436
188000,0.28522637488244257
189000,0.28491928649122766
190000,0.28465331193492316
191000,0.2844848159001783
192000,0.2836338979605526
193000,0.28310759077525494
194000,0.282264710161423
195000,0.28236568820332236
196000,0.2813701295232022
197000,0.2815126827836439
198000,0.2814032938271985
199000,0.2810438633149971
200000,0.28113188702108943
201000,0.28107555626404224
202000,0.28126751126149446
203000,0.28045417198737566
204000,0.2801537775948028
205000,0.2796038314136485
206000,0.2791054376862417
207000,0.27879358053211184
208000,0.27924833403062194
209000,0.2791947965211062
210000,0.2791205839579859
211000,0.2784006642521435
212000,0.27951923022265124
213000,0.2799419766168184
214000,0.2798595438919169
215000,0.2793755997664034
216000,0.2788856493106078
217000,0.2784597409065993
218000,0.2785261447191949
219000,0.27839931892473124
220000,0.27917873721779085
221000,0.2795736678488971
222000,0.27985764259344253
223000,0.27991462753604424
224000,0.279272597516797
225000,0.2796378790851856
226000,0.2798542931057341
227000,0.2792078383583478
228000,0.2790392562704041
229000,0.2790127180280902
230000,0.27866816017576346
231000,0.27822132813437617
232000,0.27752740684273314
233000,0.2774823577798275
234000,0.2777063169594888
235000,0.27823106780075807
236000,0.2779941497211738
237000,0.2780528457129436
238000,0.2779622058047356
239000,0.277749552650508
240000,0.27757397504462195
241000,0.2775835265521246
242000,0.2773699750238444
243000,0.2779600968231506
244000,0.2778583708490519
245000,0.27830628295223775
246000,0.2780957984962867
247000,0.27741059335657764
248000,0.2770406873196367
249000,0.27812049110350795
250000,0.2777630377976728
251000,0.2778236091733739
252000,0.2785340230425571
253000,0.2782957448369424
254000,0.2777695013757245
255000,0.27826830993785834
256000,0.27956008881894184
257000,0.27913200265356336
258000,0.27942900271650645
259000,0.27938668350405765
260000,0.2791416082412348
261000,0.2792577524868788
262000,0.2795667927388792
263000,0.27925550946643507
264000,0.2790437221637456
265000,0.27877520126661715
266000,0.27860021336704915
267000,0.2787789991725078
268000,0.2785150082822047
269000,0.2781372836109301
270000,0.2782611230779158
271000,0.2783767450550822
272000,0.27831198596082574
273000,0.27832313837850947
274000,0.2783655878373677
275000,0.27795336930039194
276000,0.2776123947644659
277000,0.2775177115754217
278000,0.2769989634276954
279000,0.27676257930714065
280000,0.2763535257965466
281000,0.2759721293790115
282000,0.2761204870808537
283000,0.27588317938309487
284000,0.2754592715289886
285000,0.2752004177058724
286000,0.2754176646208011
287000,0.27555271411181187
288000,0.2755705765217572
289000,0.2760571913174812
290000,0.27605872094667094
291000,0.27649910810051603
292000,0.2764761290738686
293000,0.27669371000918663
294000,0.27701410900259094
295000,0.27743911127162685
296000,0.2771925318386586
297000,0.2769797416236533
298000,0.2773815179038577
299000,0.2778446083108945
300000,0.2773631146037911
301000,0.2771511248464036
302000,0.2769086518187154
303000,0.27657014306008276
304000,0.2760487346607887
305000,0.2758148854330015
306000,0.27644346459249153
307000,0.27600762982431604
308000,0.2759530257964329
309000,0.2761646928783574
310000,0.2757742706563813
311000,0.27579855886867527
312000,0.2759274570604646
313000,0.27602488912597234
314000,0.27542569335438666
315000,0.27545426401645856
316000,0.27551042273178583
317000,0.2756530500058089
318000,0.27525800250815735
319000,0.27529416808444196
320000,0.27532514354107274
321000,0.2751897387828198
322000,0.2754765812637631
323000,0.2760624530313657
324000,0.27628243313456513
325000,0.27599301512602437
326000,0.2757364938932129
327000,0.27621215553722095
328000,0.2759120689044973
329000,0.276199726214043
330000,0.27588366933204733
331000,0.2757358403594351
332000,0.27547931827182837
333000,0.275345154842853
334000,0.27576262837893173
335000,0.27526189780050525
336000,0.2750693388759025
337000,0.27481330145931926
338000,0.2747041221581427
339000,0.27522152612234024
340000,0.2749582967060024
341000,0.27533794625469077
342000,0.27555824341710955
343000,0.27569684026807445
344000,0.2756519743131154
345000,0.27582552445430814
346000,0.2755502668285187
347000,0.27613900553621284
348000,0.27604646573572744
349000,0.2757840083110949
350000,0.27577857843693965
351000,0.2760803381155714
352000,0.27615387234327193
353000,0.2758144673143749
354000,0.27544330101312375
355000,0.2753351470559113
356000,0.2753043238609344
357000,0.2752380649117193
358000,0.27532365955496896
359000,0.2751307010763095
360000,0.2748464113639459
361000,0.27491257749483744
362000,0.2749427061303395
363000,0.27530343945863317
364000,0.2752492987685507
365000,0.27527633557660314
366000,0.27504007606399755
367000,0.2746849021946559
368000,0.2748569023483701
369000,0.27474766016286417
370000,0.2752222170900286
371000,0.2749759384506865
372000,0.2744016879472472
373000,0.27411041390786145
374000,0.2739549363137769
375000,0.27397197012084784
376000,0.2742514825324037
377000,0.27461350749725566
378000,0.27465364532309294
379000,0.2745297669316957
380000,0.275166922474054
381000,0.2755830645692643
382000,0.2753265712728254
383000,0.27516382802029976
384000,0.2749714742952076
385000,0.2752314375436184
386000,0.2748368990444729
387000,0.27474706677832517
388000,0.2743905277344028
389000,0.2744814106946708
390000,0.2747485780357441
391000,0.27422731249481624
392000,0.27396127070752774
393000,0.27407578380584363
394000,0.27437929145981266
395000,0.2740946356968772
396000,0.2739034448400718
397000,0.2737925561618819
398000,0.27380052609126515
399000,0.27347042444989966
400000,0.2732571447584573
401000,0.2729619145492454
402000,0.27312518459297774
403000,0.27283510184912696
404000,0.2726532763537069
405000,0.272695752204418
406000,0.2727847292089769
407000,0.2725433641063039
408000,0.2727406319519685
409000,0.2725853017603179
410000,0.2724497928338948
411000,0.27226682258208407
412000,0.2724389946979469
413000,0.2723650531176112
414000,0.27230202988438224
415000,0.2720800795394483
416000,0.2717379451458556
417000,0.27125651372119125
418000,0.2716114146354431
419000,0.2711915526117752
420000,0.271335656777596
421000,0.2709810374592443
422000,0.27098928159952534
423000,0.2708404724352002
424000,0.2708243732095169
425000,0.2705656170565073
426000,0.27083188671569614
427000,0.27082130422134937
428000,0.27060216382927044
429000,0.2706378091104882
430000,0.27067322940657423
431000,0.2704916713395509
432000,0.270470053315655
433000,0.27082285443778314
434000,0.2708215662274583
435000,0.2711941263697372
436000,0.2710552153314052
437000,0.27111889566921593
438000,0.27121682610462866
439000,0.27110449611241416
440000,0.27121524501794914
441000,0.2712398267200288
442000,0.27110673502301613
443000,0.27107447654403327
444000,0.2710099232401174
445000,0.27115364155123284
446000,0.27116749107224536
447000,0.27111172081916224
448000,0.27129168947513255
449000,0.27117956729301224
450000,0.27128494092692945
451000,0.27135064216786925
452000,0.27143558958957587
453000,0.2713102570196281
454000,0.27135430963876916
455000,0.27097278640522704
456000,0.2708851483017815
457000,0.27097383979115114
458000,0.27057828040608256
459000,0.27066199372423555
460000,0.2704329256600728
461000,0.27071037208475457
462000,0.2703689735870277
463000,0.27021466206623734
464000,0.2701451681921513
465000,0.27009964453965957
466000,0.2704314048682129
467000,0.2703316847348107
468000,0.27021766358673277
469000,0.27009099066625286
470000,0.2701002886715774
471000,0.2701046294635081
472000,0.27005933830982876
473000,0.2701195628623938
474000,0.2700618856054597
475000,0.2699778786474068
476000,0.2702366578628435
477000,0.270178121491437
478000,0.2709181475998877
479000,0.2711329008361272
480000,0.27141562328467084
481000,0.27138069094518275
482000,0.27127439069444975
483000,0.2712142223807939
484000,0.2712064125991177
485000,0.27111208683927146
486000,0.27104246867635134
487000,0.2711080485488793
488000,0.27074203536181235
489000,0.27070698105492885
490000,0.2707919135275014
491000,0.27051956662938526
492000,0.27056731495911923
493000,0.27032530630698276
494000,0.27029516985103125
495000,0.2703265624389066
496000,0.27002880723097966
497000,0.270135901639677
498000,0.2702668393509662
499000,0.26985257030845655
500000,0.26962060970226026
501000,0.2695220257691209
502000,0.26928183653812143
503000,0.2690940830586119
504000,0.26891953853271655
505000,0.2686885956530222
506000,0.268673748067222
507000,0.26864578219037255
508000,0.2686781697461092
509000,0.26911662516395035
510000,0.26928812257210466
511000,0.26922807472276683
512000,0.26927029753756393
513000,0.26916694430011173
514000,0.26911892063689785
515000,0.26919460228475695
516000,0.2693075604540675
517000,0.26908818944585317
518000,0.2690493874921577
519000,0.269405964525301
520000,0.269643481724857
521000,0.2694782379716364
522000,0.2692638594370587
523000,0.26920551576807883
524000,0.26911293925739205
525000,0.2688287723263281
526000,0.2685034251439245
527000,0.2685137207159074
528000,0.26833512153868355
529000,0.2685631450348964
530000,0.26885138399360714
531000,0.2687482365961486
532000,0.26865977492538634
533000,0.26844454063397033
534000,0.2683602335985259
535000,0.2682816127648936
536000,0.2680551752852258
537000,0.2677722809875091
538000,0.26795811478910253
539000,0.26795126057802726
540000,0.26788934772185113
541000,0.26796134391101256
542000,0.26787941951858046
543000,0.2676752672744014
544000,0.26773778645788865
545000,0.26788910508825675
546000,0.2680822649613228
547000,0.26791966581925813
548000,0.26810285722156174
549000,0.26797138634615714
550000,0.26784315877113285
551000,0.26782080264575386
552000,0.26760048510034057
553000,0.26742406751178915
554000,0.2673084364750461
555000,0.26696303436920343
556000,0.26685000705430206
557000,0.2669123863634094
558000,0.2671297061113397
559000,0.26747294032256097
560000,0.26735137591999947
561000,0.2673508423487269
562000,0.267170697274118
563000,0.26706491552025036
564000,0.26736481960324604
565000,0.26736483817726064
566000,0.26722256702965674
567000,0.2670991441047327
568000,0.2672238470609256
569000,0.2672925717414032
570000,0.2673548394604594
571000,0.2672119414600211
572000,0.2671676355993315
573000,0.2667956932693549
574000,0.26698272311479754
575000,0.2669562208527084
576000,0.26704306376825504
577000,0.26704651952252284
578000,0.2668441886186863
579000,0.26705260864163516
580000,0.2669561022238219
581000,0.26704007795924933
582000,0.26681985632240707
583000,0.2669974138165538
584000,0.26671558367669695
585000,0.2664974755020257
586000,0.2663588672480992
587000,0.2662080005372903
588000,0.26626397959589315
589000,0.26616871294715905
590000,0.2659857000598432
591000,0.26599568347835967
592000,0.26593592875203836
593000,0.2662771066434428
594000,0.26615028405758334
595000,0.26614085510404184
596000,0.26600373395193033
597000,0.265843233880617
598000,0.26572363628755974
599000,0.26538648347165583
600000,0.26521791367799835
601000,0.2654018423988706
602000,0.26532876126608235
603000,0.26515143701127436
604000,0.26500397379434837
605000,0.26487146100099257
606000,0.2649727242940022
607000,0.26502837203221125
608000,0.2648775491790567
609000,0.2646595520429956
610000,0.2645466062030246
611000,0.26475443028321044
612000,0.26494327388253947
613000,0.26476170492866263
614000,0.2645901655890637
615000,0.2644695604366451
616000,0.26436833751510225
617000,0.2642216171310385
618000,0.26409311942030156
619000,0.2641466710453429
620000,0.264103536896308
621000,0.26407639141267775
622000,0.26450918079006513
623000,0.264501615811372
624000,0.2646108009992207
625000,0.26456350769895864
626000,0.2642748300799036
627000,0.26400880380398645
628000,0.2638512409651618
629000,0.2640536669353057
630000,0.2642975404924327
631000,0.26436102045806636
632000,0.2643065028130557
633000,0.2640104612325584
634000,0.26390594106732224
635000,0.26389199202066904
636000,0.26374915118945075
637000,0.2637832587692024
638000,0.2636424934860184
639000,0.2635840037440926
640000,0.26374013624777304
641000,0.26349140420078565
642000,0.26337415678010206
643000,0.2633436272014073
644000,0.2632418489955185
645000,0.2631568428579777
646000,0.26313639333772654
647000,0.2628467454886227
648000,0.2628341560656339
649000,0.26280248984471355
650000,0.26306843604544794
651000,0.2630046770834156
652000,0.2628873556365595
653000,0.2626892314807407
654000,0.2625075180453549
655000,0.2624118380382702
656000,0.2622760459945401
657000,0.2622077292637306
658000,0.26211850543282306
659000,0.26217677467113604
660000,0.2621537636199354
661000,0.262118020264265
662000,0.262004067185124
663000,0.2619021442738286
664000,0.26175495370477825
665000,0.2617373569685192
666000,0.2616464175706958
667000,0.261648835629158
668000,0.26143417217936754
669000,0.26134429571911355
670000,0.26120727330476695
671000,0.2612975176762459
672000,0.2614325355985258
673000,0.26154272169329035
674000,0.261384939077085
675000,0.261249713723604
676000,0.26123026571769326
677000,0.2609568967136242
678000,0.2609726444923226
679000,0.2608085888512569
680000,0.2608749749496224
681000,0.2610010073857622
682000,0.26108271485360673
683000,0.26103645025835454
684000,0.26080864620638794
685000,0.26078513823292193
686000,0.2606296104141602
687000,0.2605709853571443
688000,0.2605092157494347
689000,0.26055845705752073
690000,0.260724352996054
691000,0.2607452334010847
692000,0.2606862358379333
693000,0.26066814432051083
694000,0.260635279638121
695000,0.26064534606797135
696000,0.2606940188077441
697000,0.2606575099620704
698000,0.2605743503196988
699000,0.26062178475144665
700000,0.2605950343996429
701000,0.2605829077650106
702000,0.2607247617286522
703000,0.2609507832010631
704000,0.26081806425421894
705000,0.26074556087644896
706000,0.2605620625226392
707000,0.26081670530318807
708000,0.2606201070238165
709000,0.2604719539902762
710000,0.2602683346808726
711000,0.2603328235844318
712000,0.2605113118252255
713000,0.26050664115269623
714000,0.26050703267413794
715000,0.2603329332751815
716000,0.2604718230505383
717000,0.26034649177705044
718000,0.26023834479522207
719000,0.2599445685284322
720000,0.25981715089782687
721000,0.25972357187808115
722000,0.26003002410776577
723000,0.26000321608567045
724000,0.26003488921863255
725000,0.26001727901683797
726000,0.260240468592841
727000,0.26025341717430284
728000,0.26020693756378216
729000,0.25997771652416707
730000,0.26025993490664634
731000,0.26022905960234466
732000,0.2601022276634966
733000,0.26008118528236174
734000,0.260213478218399
735000,0.2603013510180065
736000,0.260337677040208
737000,0.2601871835905916
738000,0.2600171751435672
739000,0.25984802028663645
740000,0.25971489774774453
741000,0.2597639990660494
742000,0.2596275962475167
743000,0.25941522462087935
744000,0.25918050004123
745000,0.25913913113624076
746000,0.2591545908893791
747000,0.2590288323663697
748000,0.25881070423864555
749000,0.2588147450407141
750000,0.2588685625712712
751000,0.2587067611338702
752000,0.25867404322789833
753000,0.2585326830910197
754000,0.25853143408367535
755000,0.25852226487582997
756000,0.2584951037924136
757000,0.2585067775398178
758000,0.25825304318030523
759000,0.25796434738445573
760000,0.25791834019291016
761000,0.25823769037242866
762000,0.2581561803805202
763000,0.25843593467011394
764000,0.2583323100157821
765000,0.2583239546009058
766000,0.25821651554884917
767000,0.25815904553570257
768000,0.2581183732956529
769000,0.2579536513577525
770000,0.2579027638138259
771000,0.2578516835274764
772000,0.2577017534410244
773000,0.2577669922441638
774000,0.2577326355297635
775000,0.25783578747135316
776000,0.2576659661026701
777000,0.2575292293390741
778000,0.2574509583540049
779000,0.2574195753022485
780000,0.25744248336983516
781000,0.25767392257135746
782000,0.257772249590296
783000,0.2577381719087993
784000,0.2578419234188772
785000,0.2577816856850463
786000,0.2578301928079664
787000,0.25763996583071613
788000,0.2573968098508635
789000,0.2573096848417174
790000,0.25729111218134026
791000,0.25736317733381786
792000,0.2573767949307252
793000,0.257381010295977
794000,0.2574564640826709
795000,0.25741978117492376
796000,0.2573793116378634
797000,0.2573357723442978
798000,0.25739955782952356
799000,0.2573363479570013
800000,0.2573750048859086
801000,0.25723932015080514
802000,0.25726197585860683
803000,0.2572974330066865
804000,0.2573242948654474
805000,0.25728679730114973
806000,0.2571828152745614
807000,0.25699899351839933
808000,0.2569290284302382
809000,0.2571556681662509
810000,0.2570848945002202
811000,0.2568824340945774
812000,0.2569452571383881
813000,0.25719741386977596
814000,0.25731133717761373
815000,0.2572138364684046
816000,0.2572160289546645
817000,0.2571317367979953
818000,0.25735515622193483
819000,0.25736095945304116
820000,0.2574201993398768
821000,0.2573887828197575
822000,0.25735138606940877
823000,0.25720543509035637
824000,0.25709281228681974
825000,0.256961492371121
826000,0.25683857522273573
827000,0.2566701139152535
828000,0.25672238940993397
829000,0.2565629720145547
830000,0.2565296604058519
831000,0.2563915711728206
832000,0.2563756634427853
833000,0.25656670372014956
834000,0.2564041187347916
835000,0.2563471669489187
836000,0.2563777371030758
837000,0.2563263615651826
838000,0.2562296918193777
839000,0.25621287156596473
840000,0.25629525696199873
841000,0.25614515035257274
842000,0.2559886118306513
843000,0.25593678156184124
844000,0.25586285721458135
845000,0.2558442686703344
846000,0.25568392844607596
847000,0.255623813154464
848000,0.2556207346467453
849000,0.2555968810588561
850000,0.2554638974936009
851000,0.25557427944283456
852000,0.2556291902293316
853000,0.2554774624644234
854000,0.25544734911411726
855000,0.25530061942688037
856000,0.2552189614956813
857000,0.25522610674895174
858000,0.2551515278109295
859000,0.25505745293917637
860000,0.2550210818548902
861000,0.2550102285985751
862000,0.25519705235248846
863000,0.25514532793328065
864000,0.2551175873026232
865000,0.2553236482642762
866000,0.25525872392997934
867000,0.2551968263532387
868000,0.25515961925340214
869000,0.25513484332227193
870000,0.25497549233101224
871000,0.254942890242941
872000,0.25495179886143315
873000,0.2550147015848084
874000,0.25485664244390316
875000,0.2547446418459484
876000,0.25490848901977714
877000,0.25486209496463924
878000,0.2547281760621274
879000,0.2546125735244758
880000,0.2546743461946396
881000,0.25480306699754723
882000,0.2547981587557329
883000,0.25480985569164655
884000,0.2546799770939379
885000,0.25452496052815204
886000,0.25455030381814625
887000,0.25455263402057304
888000,0.2546841545593311
889000,0.2546601539709607
890000,0.25450334102393585
891000,0.2546771771219658
892000,0.25456629905699885
893000,0.25436934364229424
894000,0.25424417960203677
895000,0.2541531170419187
896000,0.25399843512859277
897000,0.2540152078141771
898000,0.253809119682185
899000,0.2536390408907999
900000,0.2536620884745665
901000,0.25361522112813384
902000,0.25350457157137285
903000,0.25335563646615683
904000,0.25349569807127137
905000,0.2533059506339075
906000,0.2531590609297854
907000,0.2530709021822484
908000,0.2532423200094291
909000,0.2531526098403589
910000,0.25301426853037406
911000,0.2528438466923882
912000,0.25278448542743037
913000,0.2525981006713863
914000,0.252554612788908
915000,0.25245200508362525
916000,0.2523549019768805
917000,0.2522165058443587
918000,0.25212318714787535
919000,0.25208271311498376
920000,0.2519306962236086
921000,0.2518694213485004
922000,0.2519000497540614
923000,0.25189299250915487
924000,0.25173426619823774
925000,0.25164010749769855
926000,0.2514937147533517
927000,0.25140395890890516
928000,0.2514755725448584
929000,0.2516265091709258
930000,0.25161741198005605
931000,0.25149207989781924
932000,0.2514318495706065
933000,0.2513401427736236
934000,0.25129652616470144
935000,0.2511645890277157
936000,0.25103149809330616
937000,0.2509864993369759
938000,0.25095245485214834
939000,0.2510005124087315
940000,0.25094625288030914
941000,0.25098866729761077
942000,0.25088786530580215
943000,0.2508235092100991
944000,0.2508057206816675
945000,0.25067422162314507
946000,0.25054633136893134
947000,0.2506079585917067
948000,0.25054579583656283
949000,0.25037948276984195
950000,0.25034142640831614
951000,0.2502688445798638
952000,0.2502575434952283
953000,0.250156771856902
954000,0.2503854071584364
955000,0.25034773444696357
956000,0.2502289776095136
957000,0.2501074210861605
958000,0.2500880819742944
959000,0.25009918217009186
960000,0.2500863279532558
961000,0.25006185258481195
962000,0.25017733147389803
963000,0.2500108606052162
964000,0.25003046249042726
965000,0.2499720435182164
966000,0.24986615573039286
967000,0.24980711345421255
968000,0.24962693370727868
969000,0.24964069685487839
970000,0.24968798199595643
971000,0.24969286750294328
972000,0.24963554318815803
973000,0.2494987834779604
974000,0.2495987036387975
975000,0.24952944189421825
976000,0.24940362635458263
977000,0.2493014261037155
978000,0.24928274327658448
979000,0.24919737067554304
980000,0.24920061216503012
981000,0.24911781835971492
982000,0.24911459733285632
983000,0.2491852986289328
984000,0.24902810003152606
985000,0.24908281501415097
986000,0.24908005688337403
987000,0.24915017726533073
988000,0.24928018571932675
989000,0.24917163050656443
990000,0.24913793122521036
991000,0.24912724043645823
992000,0.24908568340187343
993000,0.2490370693186143
994000,0.2489232106191136
995000,0.2488416105626746
996000,0.2487019551674956
997000,0.24862819191678096
998000,0.2485640617692672
999000,0.24853693876860564
1000000,0.24857764126247642
1001000,0.24842771676683711
1002000,0.2484522734219243
1003000,0.24838037361905782
1004000,0.24831628427243801
1005000,0.24829150701787212
1006000,0.24847070645318492
1007000,0.2484824992042115
1008000,0.24848658981256663
1009000,0.24841238964455833
1010000,0.2484865945812902
1011000,0.24855755829434592
1012000,0.2484308706547736
1013000,0.24833513409356123
1014000,0.24828476809831468
1015000,0.24832410023308893
1016000,0.24830300078228051
1017000,0.2482745661136478
1018000,0.24833758435081843
1019000,0.24827520614221973
1020000,0.24827805256287186
1021000,0.24826705734729643
1022000,0.24825606420535018
1023000,0.24811090566388433
1024000,0.24798357174345306
1025000,0.24796546127072813
1026000,0.2480789474492623
1027000,0.24791740429671533
1028000,0.2477839770509904
1029000,0.24783863804275136
1030000,0.24776669012938957
1031000,0.24770009476273974
1032000,0.24771647630950874
1033000,0.24772040873468112
1034000,0.24774980057282897
1035000,0.24770383440064073
1036000,0.24774328453483066
1037000,0.24779738739167625
1038000,0.24788844182660386
1039000,0.24786563801566625
1040000,0.24784541660672055
1041000,0.24773405487622405
1042000,0.24762789150570103
1043000,0.24747617424275364
1044000,0.24752157132163197
1045000,0.24744799867411135
1046000,0.24734139225763357
1047000,0.2473441362657405
1048000,0.24740202036558565
1049000,0.24736593765263556
1050000,0.24722253259271387
1051000,0.2470564514381311
1052000,0.24704790698717602
1053000,0.2471673017303467
1054000,0.24728547384993163
1055000,0.2472937698489028
1056000,0.24720792324299132
1057000,0.2473532911856582
1058000,0.24740956937009695
1059000,0.2472339502288877
1060000,0.2471165211732796
1061000,0.246957781358417
1062000,0.24685536356920262
1063000,0.24674916800661073
1064000,0.24666752450912094
1065000,0.2466185836473239
1066000,0.24668814707504452
1067000,0.2467855517241682
1068000,0.2467837897559961
1069000,0.2468236636855412
1070000,0.24673337311387883
1071000,0.24676154813719414
1072000,0.24671561944850345
1073000,0.24675459596556273
1074000,0.2468641559532925
1075000,0.24685320514433004
1076000,0.24687072652505324
1077000,0.24683924272363889
1078000,0.24678484255410374
1079000,0.24668667983664638
1080000,0.24678124511757135
1081000,0.24666958231484706
1082000,0.24674579989260184
1083000,0.24669315975284392
1084000,0.24671714096426203
1085000,0.2466045366165265
1086000,0.24666084423191997
1087000,0.2465768583937101
1088000,0.24661451461668563
1089000,0.2465573739198194
1090000,0.24639197030624702
1091000,0.2462701849882141
1092000,0.24621343207706403
1093000,0.2461504018481663
1094000,0.24607713628945127
1095000,0.2461083041460622
1096000,0.24606212220367632
1097000,0.2459715707973493
1098000,0.24589095219928175
1099000,0.24582575866473685
1100000,0.2458489332658881
1101000,0.24573609604493718
1102000,0.24574428960799363
1103000,0.24565406582233595
1104000,0.2456520425330339
1105000,0.24551103712760725
1106000,0.24556311279507642
1107000,0.24550716252935376
1108000,0.24553480702167466
1109000,0.24550926230763592
1110000,0.2454804964443718
1111000,0.245397349950807
1112000,0.24544255835455112
1113000,0.24534287398759808
1114000,0.24539215174791512
1115000,0.245328682474647
1116000,0.24528150185544914
1117000,0.2452967770378314
1118000,0.24518725425503202
1119000,0.24522280950147665
1120000,0.24522067160195268
1121000,0.24511883106507357
1122000,0.2451094097369206
1123000,0.24509931150670553
1124000,0.245016935208868
1125000,0.2450476716443965
1126000,0.2450467607305919
1127000,0.24504784500921328
1128000,0.24499529040854168
1129000,0.24499481736801954
1130000,0.2450384657621623
1131000,0.24484383811287985
1132000,0.24482072079279638
1133000,0.24493312181736412
1134000,0.2450133616434121
1135000,0.24510147046805178
1136000,0.2451100032939569
1137000,0.24521369996807085
1138000,0.24524184378470812
1139000,0.24526937555331954
1140000,0.24529001476216092
1141000,0.24519613392890474
1142000,0.24509852336056692
1143000,0.24506907458099372
1144000,0.24504858498380291
1145000,0.24491627738075658
1146000,0.24511897875023447
1147000,0.24523331770242077
1148000,0.24522771562552953
1149000,0.24526622143603882
1150000,0.24538782834247788
1151000,0.24530342740380073
1152000,0.24522709563276301
1153000,0.24511571618407543
1154000,0.24519460133456455
1155000,0.24520181807722397
1156000,0.24519198205437742
1157000,0.24513279411199196
1158000,0.2450114135004376
1159000,0.24494503407544063
1160000,0.244923040863761
1161000,0.24476657388031833
1162000,0.24471269566978435
1163000,0.2446250050874521
1164000,0.2445417746134384
1165000,0.24449431834984084
1166000,0.2445361398418399
1167000,0.24446401310483895
1168000,0.24439389428338715
1169000,0.2443413197471988
1170000,0.24431528738628033
1171000,0.2444335824205862
1172000,0.24432706029069506
1173000,0.2441708112713509
1174000,0.24405639040229513
