1000,nan
2000,0.06856062766164542
3000,0.06544435345567763
4000,0.06846829885616898
5000,0.062299441709183154
6000,0.06500724639743566
7000,0.06499693404572705
8000,0.06704488806426526
9000,0.06662083743140101
10000,0.06505901650008228
11000,0.06431447955779732
12000,0.0625973847948692
13000,0.062019258628909786
14000,0.06075366659519764
15000,0.0611482344966914
16000,0.05970816121747096
17000,0.05930596109246835
18000,0.060564038212246755
19000,0.060155137348920106
20000,0.059138956734616506
21000,0.059504911922849714
22000,0.059110760435994184
23000,0.05890077852474695
24000,0.05885604053897702
25000,0.058474187849787994
26000,0.0583902841899544
27000,0.05944622394521362
28000,0.05932300844816146
29000,0.05841774337791971
30000,0.057854789479410855
31000,0.057836925440157456
32000,0.05732540199382891
33000,0.05708024428604404
34000,0.05651279056698761
35000,0.05649366094251437
36000,0.05604100591968745
37000,0.05557350631505768
38000,0.055189704777345666
39000,0.05517379420282515
40000,0.055713874615657216
41000,0.05635113054711837
42000,0.05598326493338568
43000,0.05610702694005643
44000,0.0564616386870702
45000,0.0561778063679495
46000,0.05638461328059849
47000,0.056538588035871966
48000,0.05646035487496076
49000,0.056478095525623453
50000,0.0568383947010057
51000,0.05715858328295872
52000,0.057149924001400815
53000,0.05696809743844474
54000,0.05660310672323729
55000,0.056177927976629384
56000,0.05598350829571824
57000,0.0557846204830899
58000,0.05579845136595204
59000,0.05565290519654558
60000,0.0555804132937722
61000,0.05571386853194175
62000,0.055629807865995244
63000,0.05563666830102222
64000,0.05534758110833724
65000,0.05517588435068319
66000,0.055473109719056925
67000,0.05524094576813337
68000,0.05487852192921703
69000,0.054788743556299084
70000,0.05458694012073017
71000,0.05442171613652525
72000,0.054786768720590205
73000,0.05468276386220371
74000,0.05439960888414708
75000,0.05408658716116554
76000,0.05409634602659692
77000,0.053837899631808364
78000,0.053578268464158786
79000,0.05364150601791409
80000,0.05347557786728338
81000,0.053475146976707036
82000,0.0535687082996132
83000,0.053382257009549745
84000,0.05337957934874772
85000,0.05318108223450725
86000,0.053369793059468706
87000,0.05327734244841172
88000,0.05301974720680208
89000,0.052929818197629756
90000,0.05271909930717116
91000,0.0528210800826653
92000,0.05287030116670284
93000,0.052865211132397553
94000,0.0526516838126906
95000,0.05250353827512764
96000,0.05255925963559237
97000,0.05261100159817336
98000,0.05253047441425205
99000,0.052628663793082675
100000,0.052474304434203665
101000,0.052372423706343395
102000,0.0524038593577553
103000,0.0523251602770852
104000,0.05228771532781747
105000,0.052170354634514436
106000,0.05213906153216071
107000,0.0520235589694425
108000,0.05198122626148756
109000,0.0518145510036481
110000,0.05186398626206904
111000,0.051879038133192806
112000,0.05195396548988684
113000,0.05182172417553375
114000,0.051723066602619286
115000,0.05191108117823636
116000,0.0519031149511347
117000,0.05180658272202608
118000,0.0517571358061913
119000,0.05183210344708888
120000,0.05178807010960241
121000,0.05165200460585766
122000,0.05160088937244694
123000,0.05150327382792459
124000,0.05140316532849054
125000,0.051541780802090806
126000,0.051456451594084504
127000,0.05145784756094809
128000,0.05155482018278457
129000,0.051690641455206784
130000,0.05177822845244361
131000,0.05159214526343231
132000,0.051501678403125695
133000,0.05159510054667903
134000,0.0514218013388756
135000,0.05135143320753809
136000,0.05141484966898268
137000,0.0513079853485311
138000,0.05127062457137789
139000,0.05116313639454598
140000,0.051125229081380175
141000,0.05114144190646974
142000,0.05117324668788582
143000,0.05118793803562318
144000,0.05110844152823247
145000,0.05102996233003473
146000,0.05093593578496627
147000,0.050926765030543386
148000,0.05082831772956617
149000,0.050864758624733
150000,0.050806672583277895
151000,0.050800434796450036
152000,0.0507918843139111
153000,0.05079829524988064
154000,0.05086498462619394
155000,0.05090593142834093
156000,0.05089744349340758
157000,0.0508508199509472
158000,0.050826595424953255
159000,0.050699218675270205
160000,0.05070640594235756
161000,0.050614209786290304
162000,0.050517022937119745
163000,0.05049524638272914
164000,0.05036778666216172
165000,0.05032396232993228
166000,0.05026586542470437
167000,0.050308504554790905
168000,0.05041322229753533
169000,0.0504721751492027
170000,0.050366376303467
171000,0.05040823396130958
172000,0.05049069646735028
173000,0.050439786282368004
174000,0.05051941072374496
175000,0.05037883725338455
176000,0.05030215155625982
177000,0.05019688761279791
178000,0.05017078994552337
179000,0.05020163149044462
180000,0.05016677674535641
181000,0.05009066479254721
182000,0.05010411733509304
183000,0.05000067969149613
184000,0.049885074018699224
185000,0.04975931620220249
186000,0.049740210526144586
187000,0.04961039595561282
188000,0.0495879756996438
189000,0.049544359928125795
190000,0.0495397149001263
191000,0.049496258381803174
192000,0.04948753390719636
193000,0.04950646990788907
194000,0.049401101648296024
195000,0.04932519565888479
196000,0.04926766332740394
197000,0.0492087531107839
198000,0.049182279243223784
199000,0.04924137528604743
200000,0.04923079367095239
201000,0.049198164916830135
202000,0.049150433701078466
203000,0.049230045075343905
204000,0.04931622527681952
205000,0.049333806144867966
206000,0.04924915389793857
207000,0.04917174138883762
208000,0.049117716435558983
209000,0.049116878026577
210000,0.049093870209690416
211000,0.049116573875459535
212000,0.04916837276378867
213000,0.04921557796714863
214000,0.04921108694843283
215000,0.04915472852527469
216000,0.04919088751900681
217000,0.049243892542586695
218000,0.04918325727372023
219000,0.049146892568908224
220000,0.04913934783087235
221000,0.04907425333343616
222000,0.049002668628578674
223000,0.04889425815938896
224000,0.04888499456148745
225000,0.04889570588108784
226000,0.048944634578087266
227000,0.048909900098239624
228000,0.04886774579001517
229000,0.04884928580426627
230000,0.048795617387048476
231000,0.0487489842734826
232000,0.048738295544196904
233000,0.04868909072347692
234000,0.04869304444808753
235000,0.04867011779783946
236000,0.04867768666013441
237000,0.04868310226316927
238000,0.04858622030248936
239000,0.048532649965862894
240000,0.04862331290881317
241000,0.048596496273918696
242000,0.04861038004809457
243000,0.048628985644549066
244000,0.0486170278864035
245000,0.04853366860436642
246000,0.048630416048310546
247000,0.048773749406843224
248000,0.0487127327509149
249000,0.048761987507966675
250000,0.04872182416767032
251000,0.04866652383524925
252000,0.04866314399931802
253000,0.04869342634421108
254000,0.048661147062243386
255000,0.04863009038161281
256000,0.04857492063943224
257000,0.04856430253948929
258000,0.04854751801650957
259000,0.048498307547690855
260000,0.0484548049841371
261000,0.048450575006248144
262000,0.04847548249564794
263000,0.04847993887205544
264000,0.04847284336122879
265000,0.048461426453661374
266000,0.0484484888468254
267000,0.04845281547220788
268000,0.048453472516576196
269000,0.04836781991805548
270000,0.04832977452332701
271000,0.048287030792346704
272000,0.048219931557795165
273000,0.048207714260548956
274000,0.04817931110042765
275000,0.048137548454207826
276000,0.048114815721288326
277000,0.048161038209218535
278000,0.04819658207875216
279000,0.048187543590646906
280000,0.04828754727908921
281000,0.048251771850544696
282000,0.04830525176089217
283000,0.048275195394398264
284000,0.04827011761522124
285000,0.0483245642140875
286000,0.04833368775058995
287000,0.04832367528558845
288000,0.04830652622275625
289000,0.04832270949506589
290000,0.04837165176336715
291000,0.04831403704665216
292000,0.04827188382843746
293000,0.04824710862586683
294000,0.04821210591688294
295000,0.04815739370172932
296000,0.04810310507666762
297000,0.04815630421633958
298000,0.04809952117534047
299000,0.04806574255246794
300000,0.048075099688733504
301000,0.04800866914447397
302000,0.04802972452059091
303000,0.04801727398499131
304000,0.048041983274435596
305000,0.04796754565766988
306000,0.04798955222179533
307000,0.04797700178562937
308000,0.04798187356584793
309000,0.04795599609111472
310000,0.04797897260925434
311000,0.0479792699608351
312000,0.047978220179892624
313000,0.04802212845787812
314000,0.04811296104661787
315000,0.04812438850584707
316000,0.04809792071743499
317000,0.04809430404278874
318000,0.04811363264056046
319000,0.04808270943229549
320000,0.0481052966889864
321000,0.04806250333545904
322000,0.04804026707230757
323000,0.04803136361434605
324000,0.0480020273232475
325000,0.04802931842234641
326000,0.04797463418435879
327000,0.047966121673438285
328000,0.04793612033332376
329000,0.047946125654171494
330000,0.04798452142919032
331000,0.0479651231174075
332000,0.04798034301014994
333000,0.04802507203800256
334000,0.04802260883397202
335000,0.04800317261478178
336000,0.04803270379491428
337000,0.04801204640527777
338000,0.048090767297957325
339000,0.04807089076524865
340000,0.04804128954114233
341000,0.048019334208973516
342000,0.04804214753089008
343000,0.048070503236135
344000,0.04802717020641469
345000,0.04799668769599859
346000,0.047963438479135326
347000,0.04794013402068105
348000,0.047914911407416404
349000,0.04791969704146005
350000,0.04787640513946972
351000,0.0478481189868679
352000,0.04784723844775861
353000,0.04784269904742938
354000,0.0478527674495662
355000,0.04786416021968885
356000,0.04790134823415428
357000,0.047859271605213936
358000,0.047817240925492714
359000,0.0478264089057862
360000,0.04779535532834314
361000,0.04784976315225423
362000,0.04781754553902358
363000,0.047751089994916535
364000,0.04773813676039019
365000,0.04771915524596717
366000,0.04772516952814815
367000,0.047769097685992024
368000,0.047799678448948
369000,0.047795052898594724
370000,0.04777056157070295
371000,0.04782460968947743
372000,0.047845681682743654
373000,0.04781019209629996
374000,0.04780210750158776
375000,0.04779895530412233
376000,0.047821772564264634
377000,0.04775752451207657
378000,0.04775273558351431
379000,0.04771102358144831
380000,0.04771446508034759
381000,0.04775074941675963
382000,0.04771441724230816
383000,0.047661551202011064
384000,0.04767355843217358
385000,0.0477007631598705
386000,0.047681408662215936
387000,0.04766736185314481
388000,0.04766529419535208
389000,0.04767060721174276
390000,0.04766535961439062
391000,0.04763793153777862
392000,0.04761099731793765
393000,0.04765477376325978
394000,0.04760707637665997
395000,0.047575436907449295
396000,0.04758703156887212
397000,0.04761916934612508
398000,0.047583381186112744
399000,0.047587625509017996
400000,0.04756762186668692
401000,0.04757068401324795
402000,0.04754733566799784
403000,0.047577493276681045
404000,0.047560379402561775
405000,0.04757759112404834
406000,0.0475490501532791
407000,0.047509460688024995
408000,0.047445349807562695
409000,0.04749614900981268
410000,0.04747259664584935
411000,0.04750138542098107
412000,0.04744401767792139
413000,0.04744553531173083
414000,0.04745910942433831
415000,0.04746108118822609
416000,0.047449695807040095
417000,0.047504997142151784
418000,0.04749974128399357
419000,0.0474592617115799
420000,0.047445168382619335
421000,0.04746744584181302
422000,0.047441460350373506
423000,0.04743623521368756
424000,0.04747903754397452
425000,0.047470800668870994
426000,0.047528045547578265
427000,0.04752780914464047
428000,0.04753774467908038
429000,0.047524029243722225
430000,0.047504587033882925
431000,0.047514486713389065
432000,0.04751410031666344
433000,0.04750226539655597
434000,0.047482440908929856
435000,0.047484134276738726
436000,0.047485780295937315
437000,0.04746979626302539
438000,0.04744654433131516
439000,0.04745108581942264
440000,0.04741841645244135
441000,0.04742014663161668
442000,0.04743278874501442
443000,0.047449533868216535
444000,0.047437542910019094
445000,0.047432818931793824
446000,0.04739574750168563
447000,0.047391821783727174
448000,0.04738179929601341
449000,0.04736357411857171
450000,0.04733966473300209
451000,0.04730311285585372
452000,0.047318109172858926
453000,0.04727837543989186
454000,0.047248684204847576
455000,0.04723641837932711
456000,0.047257210135071
457000,0.04731059115668024
458000,0.04728828794587835
459000,0.047274812383223404
460000,0.04724917912638639
461000,0.047248533480173056
462000,0.047229385517089106
463000,0.047249775785384335
464000,0.047286287499752624
465000,0.047274079668668804
466000,0.0472472520056431
467000,0.047265380250226086
468000,0.04725704509944394
469000,0.047308383845827646
470000,0.04734523236505322
471000,0.0473627536967793
472000,0.04735085192015849
473000,0.047333539788161356
474000,0.047325481730168706
475000,0.047311774935506534
476000,0.04729846123302061
477000,0.0472738305438396
478000,0.04727502802115488
479000,0.04723305898868561
480000,0.047202725231838036
481000,0.04723386445247646
482000,0.04719363442261988
483000,0.047212364300563775
484000,0.047184695086227905
485000,0.047174102800305595
486000,0.04717589107831729
487000,0.047145042108341195
488000,0.04718632539409142
489000,0.04719273450146964
490000,0.04714326904515273
491000,0.04712083956046144
492000,0.04711199574971044
493000,0.04708424259338725
494000,0.04707927748166085
495000,0.047053744621397664
496000,0.04702015511399944
497000,0.04701741833301757
498000,0.047000239646414546
499000,0.04701670355371099
500000,0.04705347404889912
501000,0.047056513359863314
502000,0.04703978048182072
503000,0.04702912438521718
504000,0.046999843512193315
505000,0.04698785380968484
506000,0.04697631417607686
507000,0.04701289597009732
508000,0.04699779057956101
509000,0.04698410357759283
510000,0.04702049686531362
511000,0.04703695312690209
512000,0.04702087096221118
513000,0.047000277368715614
514000,0.047008214127925926
515000,0.046994624250108225
516000,0.04696406030869202
517000,0.04691906734121523
518000,0.046905222561298664
519000,0.04691044583680238
520000,0.046923130831630945
521000,0.046938428423018194
522000,0.046931791157665485
523000,0.04691051162357381
524000,0.04688947065346064
525000,0.04686636746446033
526000,0.04685805750145976
527000,0.04683409014228951
528000,0.04679541482437275
529000,0.04680265649702492
530000,0.046817924292002835
531000,0.04681960331895477
532000,0.04681474915017214
533000,0.04681640063133266
534000,0.04680463270721939
535000,0.046794772499689156
536000,0.046827966969451545
537000,0.04686156061939276
538000,0.04683414702932394
539000,0.046846972410281476
540000,0.046832857254230816
541000,0.046810689359360065
542000,0.046801726256028964
543000,0.04677331089132338
544000,0.046759913551182065
545000,0.04674603776233305
546000,0.04671160349122531
547000,0.04670741029041939
548000,0.04671706732365063
549000,0.04673593541831169
550000,0.04677491357763347
551000,0.046767476831033654
552000,0.046776869790455304
553000,0.046758056750526966
554000,0.046761554659105954
555000,0.046795032381576854
556000,0.04680763442478319
557000,0.04678238052001689
558000,0.0467532511121473
559000,0.04675742742673521
560000,0.04675187363632086
561000,0.04674770871324914
562000,0.04673858599190695
563000,0.046723805058037436
564000,0.04667083396215313
565000,0.04668466491500454
566000,0.046659610434868
567000,0.04666766295056912
568000,0.0466567175784986
569000,0.04663751285105475
570000,0.04665691246720921
571000,0.04664169959137788
572000,0.04664415839617915
573000,0.046625661659905185
574000,0.04665047256221156
575000,0.04661517664897645
576000,0.04661222106649581
577000,0.04660209868333267
578000,0.046598905411067114
579000,0.04659585744478082
580000,0.046581138226759355
581000,0.04656105328987529
582000,0.046552341649322426
583000,0.04654598142113617
584000,0.04656441941544634
585000,0.046546604286353835
586000,0.04653390794851157
587000,0.046514610946198305
588000,0.04649119183841182
589000,0.04647180593117587
590000,0.046443806242032516
591000,0.0464136822739324
592000,0.04644020553140518
593000,0.046421223945229004
594000,0.04640185247027373
595000,0.04639165281733225
596000,0.046375165470081435
597000,0.04637143054280521
598000,0.04638536735923362
599000,0.046377375811267565
600000,0.04636298439028954
601000,0.04634981714524717
602000,0.04636148015672911
603000,0.04637549199619132
604000,0.04635384232356023
605000,0.046328637383462684
606000,0.046314366812459845
607000,0.04631824738558508
608000,0.04629992726813201
609000,0.04627836238967001
610000,0.046269676746048906
611000,0.046257511729576824
612000,0.046257173503903785
613000,0.04627897475575617
614000,0.04628984936899285
615000,0.04629672887382031
616000,0.04627847609685628
617000,0.046242181882080804
618000,0.04621747976781822
619000,0.04621502611300875
620000,0.0462470614874919
621000,0.04626012417833291
622000,0.046253248047827475
623000,0.04624127745171679
624000,0.04620751591965879
625000,0.04618568781745405
626000,0.046197059025764466
627000,0.04617925764555439
628000,0.04618426093124626
629000,0.046167975161847466
630000,0.04615869405420293
631000,0.04617145860242465
632000,0.046159388188851284
633000,0.04615798288524516
634000,0.046149112849653
635000,0.0461366326887306
636000,0.046124360094077915
637000,0.04612393478052793
638000,0.04608790383429677
639000,0.04608667069207804
640000,0.046091205701694705
641000,0.04613093426616615
642000,0.046119911212807556
643000,0.0461394598369372
644000,0.04612333195247437
645000,0.04609793324017339
646000,0.046081889911731636
647000,0.04605321632198998
648000,0.04604992758289449
649000,0.046051022473037856
650000,0.0460721588720645
651000,0.04608981861372908
652000,0.04607705040446793
653000,0.04606925546235556
654000,0.04604981020262328
655000,0.046049347794981425
656000,0.04607392853422745
657000,0.04606378450377478
658000,0.04607292907289477
659000,0.046053926749944005
660000,0.0460446913477015
661000,0.046042302431676285
662000,0.04606251974557364
663000,0.04607654076899272
664000,0.046100320484749775
665000,0.04609045376978374
666000,0.046074053982213224
667000,0.04608346612146194
668000,0.04604434592010889
669000,0.04605373601778759
670000,0.04604809617953269
671000,0.046063454200343384
672000,0.046059939547198316
673000,0.04606338977857723
674000,0.046043298713794395
675000,0.04601946702119563
676000,0.04602694364204244
677000,0.04601555697944707
678000,0.04600039818246768
679000,0.04599091593809027
680000,0.045974942090024756
681000,0.04597749622345231
682000,0.04599477519702082
683000,0.04599183578700677
684000,0.04600878504074573
685000,0.04600990673032527
686000,0.04600485684443605
687000,0.046023394039519126
688000,0.04603262493124888
689000,0.046015679456079026
690000,0.046023326278383694
691000,0.04601489075883022
692000,0.046002043498725144
693000,0.04601698234242271
694000,0.04606050549081391
695000,0.04604321665032257
696000,0.04602866786443327
697000,0.045994011836240856
698000,0.04602059725051682
699000,0.045999919885504635
700000,0.04598555798701961
701000,0.04595560002744398
702000,0.0459686206910625
703000,0.04598795504186852
704000,0.045982181680058215
705000,0.04599049357538289
706000,0.04598008104340761
707000,0.04598327260581505
708000,0.045969590841798455
709000,0.04595936487721856
710000,0.045936954559607904
711000,0.04592672787618194
712000,0.04590399175940957
713000,0.045924751487873845
714000,0.045919401927405075
715000,0.04592657511046545
716000,0.04591913925241223
717000,0.045948747411814476
718000,0.045955157292746344
719000,0.045939496825666434
720000,0.0459284921599486
721000,0.045947968019997155
722000,0.045949215065328154
723000,0.04592798756675116
724000,0.04591670393218244
725000,0.04592903654207797
726000,0.04593947842715565
727000,0.045947944204186374
728000,0.04594423500588804
729000,0.045924785945824845
730000,0.04591440363480187
731000,0.04588706041123297
732000,0.04589181260602987
733000,0.04588323179732619
734000,0.045857910980743016
735000,0.045830745498915595
736000,0.04582235613532149
737000,0.04581235942186259
738000,0.04579246262493739
739000,0.04577044929037953
740000,0.04577307364913157
741000,0.04577175694377778
742000,0.04575948052511421
743000,0.045771224405713795
744000,0.04576137356758105
745000,0.04576140269234974
746000,0.045774797734932586
747000,0.045770905120407504
748000,0.04579271171851348
749000,0.04575350510607346
750000,0.04573829204951648
751000,0.045726746404683216
752000,0.04575739382704492
753000,0.0457495750387681
754000,0.045772324293214275
755000,0.04575505027665129
756000,0.04575311035462131
757000,0.04572679911256292
758000,0.04572261814152591
759000,0.045720855918258925
760000,0.0457213604815546
761000,0.04570752011503301
762000,0.045708615503089724
763000,0.045689544416466006
764000,0.045698091295486146
765000,0.04568861079506188
766000,0.045698369896675466
767000,0.045678808878971675
768000,0.04565537095513387
769000,0.045638146275223335
770000,0.04564022552538409
771000,0.045656406655197046
772000,0.04568925718168381
773000,0.0456861549242396
774000,0.04569462693362939
775000,0.04569981108999869
776000,0.045688497671271644
777000,0.0456922256895587
778000,0.04567062109458576
779000,0.045640256262344255
780000,0.04562358093115923
781000,0.04562202053432628
782000,0.0456274172043274
783000,0.04563519380859557
784000,0.04563001686801401
785000,0.04563742973225498
786000,0.045634527426868514
787000,0.045631721844608154
788000,0.04562313564701877
789000,0.045636825980385175
790000,0.04564267641191013
791000,0.045654760933660936
792000,0.045640234751453186
793000,0.04563818809694218
794000,0.045633679612121024
795000,0.04566404612118235
796000,0.04566141158138818
797000,0.045650780607958505
798000,0.045640234812031354
799000,0.045625542845640604
800000,0.04563654913773611
801000,0.04563495362755202
802000,0.04560788823258232
803000,0.04561689172802026
804000,0.045634908369753355
805000,0.045640446504520656
806000,0.04562849871786774
807000,0.04564761491326289
808000,0.045640535213245376
809000,0.045650953239035716
810000,0.04566190910897746
811000,0.04566526406129857
812000,0.04565627009864224
813000,0.045646992026271385
814000,0.04562776006609579
815000,0.045611566158897686
816000,0.04559531229932398
817000,0.04558762983721738
818000,0.04557715185966076
819000,0.04558281669819279
820000,0.045559439834583125
821000,0.045544172849054675
822000,0.04553757965340405
823000,0.0455377837488515
824000,0.045546730614721635
825000,0.045529348200802504
826000,0.0455157670698298
827000,0.04551067677684203
828000,0.045507419176814695
829000,0.045494128264172415
830000,0.04548103453641178
831000,0.04548745221095103
832000,0.04548179578501451
833000,0.045465594529447956
834000,0.04546303406665504
835000,0.04545485244437715
836000,0.04545031119574386
837000,0.04544065775424654
838000,0.04543287783668943
839000,0.04542197815370679
840000,0.045418804875756495
841000,0.04541002903090668
842000,0.04542258241615013
843000,0.04543554483595716
844000,0.04541593424420448
845000,0.04540417611206412
846000,0.04539812118703632
847000,0.04538849059050081
848000,0.04538168624801332
849000,0.045378389682542236
850000,0.04536012103634385
851000,0.04534936365415342
852000,0.04534819013928583
853000,0.04535388639028689
854000,0.045338344164337345
855000,0.04534086105633207
856000,0.04534623718043049
857000,0.04535696428117101
858000,0.045357003049664696
859000,0.04534305577349007
860000,0.045336674285493685
861000,0.0453175073467482
862000,0.045295442427001766
863000,0.04529747531200724
864000,0.04530630951261942
865000,0.04529470902636132
866000,0.04528710732065583
867000,0.04529400392550831
868000,0.04528567082977197
869000,0.045269818754004605
870000,0.04526392370313717
871000,0.04527033971805907
872000,0.045278741143353556
873000,0.04527283797390095
874000,0.04527696452839919
875000,0.04526710593530821
876000,0.04524138580652486
877000,0.04523294107409324
878000,0.04523480635556098
879000,0.04524660362791247
880000,0.04524734923193566
881000,0.045231583762704926
882000,0.04524429813826829
883000,0.04522309184169171
884000,0.04521104141805871
885000,0.04519360822627302
886000,0.04517855584499095
887000,0.04515331823836842
888000,0.04514765949685414
889000,0.04513536434926602
890000,0.04511107729575822
891000,0.045097692517414585
892000,0.04508709165448737
893000,0.04507824577274471
894000,0.04506486199055991
895000,0.04507426928695744
896000,0.04504968506316576
897000,0.04503709764515276
898000,0.045031923258694255
899000,0.045045421567845585
900000,0.045023753795965994
901000,0.04500840075408471
902000,0.04499719173079729
903000,0.044992147171764044
904000,0.044967540885037655
905000,0.044966540098706966
906000,0.044951453851317234
907000,0.044946605929522515
908000,0.04492482834508696
909000,0.04491392894870333
910000,0.044917880647215885
911000,0.04489645133632911
912000,0.04489055327757013
913000,0.04489051946090369
914000,0.04488911883892014
915000,0.0448663612629345
916000,0.0448606418591639
917000,0.04484561776398431
918000,0.044832796101662
919000,0.04483164700679228
920000,0.044850011321858396
921000,0.044851761946553347
922000,0.044833332740504044
923000,0.04482487852026308
924000,0.04482085488040156
925000,0.04481206028035578
926000,0.04479836807446554
927000,0.044791728470282885
928000,0.04477795985789303
929000,0.044774191259646864
930000,0.04478701254445909
931000,0.04478891330619683
932000,0.04479512073314438
933000,0.04478683750795414
934000,0.044767029172581664
935000,0.04476222974073483
936000,0.04474301030708696
937000,0.04472098387537761
938000,0.04472289664735183
939000,0.04471335595706726
940000,0.044695503205143775
941000,0.044695681868445504
942000,0.04468500870892354
943000,0.044670887782736216
944000,0.04465876096168983
945000,0.044671911760260474
946000,0.044669903920034545
947000,0.04464708558852532
948000,0.044638066507525324
949000,0.04463753158064266
950000,0.044652111988180504
951000,0.044644496040210424
952000,0.0446499194987936
953000,0.044678636276084406
954000,0.04466305337424838
955000,0.044657269154567435
956000,0.04464629221335785
957000,0.044632331934495964
958000,0.04462566536089966
959000,0.04460576030449788
960000,0.044595613519185756
961000,0.044595869695173554
962000,0.04460084798427698
963000,0.044616594535079365
964000,0.044597363317574384
965000,0.04461313816263481
966000,0.04460596784349734
967000,0.04459079275201518
968000,0.04457491587204839
969000,0.044568478434492374
970000,0.04456651510229388
971000,0.044573478146357766
972000,0.04456211305581883
973000,0.04456074728970387
974000,0.04457103341365834
975000,0.044562013921874345
976000,0.04455943238251628
977000,0.04457335385285675
978000,0.04456741688071208
979000,0.04458694431119206
980000,0.04457103151059162
981000,0.04456995005475842
982000,0.044558893015717846
983000,0.044549841627555896
984000,0.04454251632556492
985000,0.044519185161677556
986000,0.0445072181102451
987000,0.044488039925332235
988000,0.04447428442481405
989000,0.04447214405787854
990000,0.044466380335362786
991000,0.044472811502849006
992000,0.044452632331055814
993000,0.04444878661368773
994000,0.044448084958905426
995000,0.04443561657650679
996000,0.04442594807282624
997000,0.044444906303201366
998000,0.04444720917307784
999000,0.04443937396199745
1000000,0.04442390809130451
1001000,0.04442942108336138
1002000,0.04442898914578243
1003000,0.04440940429570159
1004000,0.04442347558221064
1005000,0.044407703424490845
1006000,0.044420293240184754
1007000,0.044422137810004814
1008000,0.04441157240692717
1009000,0.04442110012803044
1010000,0.04440602511404049
1011000,0.04440109769238556
1012000,0.04439702690534089
1013000,0.0444022255824173
1014000,0.04438766738495708
1015000,0.04437518428403313
1016000,0.04436860400675268
1017000,0.04438084722007304
1018000,0.04436468705316299
1019000,0.044348504240242656
1020000,0.04435758600748346
1021000,0.04435373474621242
1022000,0.04435787174143089
1023000,0.04436354160473095
1024000,0.04435724199109757
1025000,0.044355571875541955
1026000,0.04435299933448479
1027000,0.04435086165552325
1028000,0.044353175056364186
1029000,0.044354825114918756
1030000,0.0443533070106806
1031000,0.044348897356686894
1032000,0.044342534721973074
1033000,0.04433175771644514
1034000,0.04431796638667629
1035000,0.044318508294222306
1036000,0.04430695018556716
1037000,0.04429131342516358
1038000,0.04428664623871275
1039000,0.04428500950082765
1040000,0.04428429666045413
1041000,0.044264686424296366
1042000,0.04424042333948303
1043000,0.044236882613118714
1044000,0.044244543334622334
1045000,0.04425190670465492
1046000,0.04425002947105451
1047000,0.04423820648726787
1048000,0.044246214177624484
1049000,0.04425169133410375
1050000,0.044227310810919525
1051000,0.04421724189541835
1052000,0.04420543705820142
1053000,0.04418918890093972
1054000,0.044177512664262536
1055000,0.044160114430442036
1056000,0.044146751343036486
1057000,0.044154940657597654
1058000,0.04416466296125995
1059000,0.04416664268310703
1060000,0.04416990458293193
1061000,0.04416247209651562
1062000,0.044164213726749516
1063000,0.04416227685667973
1064000,0.04415802581279354
1065000,0.04415502218783201
1066000,0.04414451016846633
1067000,0.044142005657399334
1068000,0.04413999337562244
1069000,0.04413210037041217
1070000,0.04412048978240327
1071000,0.044125505369842034
1072000,0.04411271035671886
1073000,0.04412217821009108
1074000,0.04411133459081547
1075000,0.044116650474918105
1076000,0.04410672535131101
1077000,0.044112104066068976
1078000,0.044102985644269864
1079000,0.04410419302679562
1080000,0.04411038851637982
1081000,0.04408886961361902
1082000,0.04408155766225943
1083000,0.044087368392851635
1084000,0.04408323821401661
1085000,0.044075486821805926
1086000,0.044082166508842294
1087000,0.04407129651217457
1088000,0.044067013614030044
1089000,0.04405530588897176
1090000,0.04404220994324804
1091000,0.04405823391485199
1092000,0.044040587045050435
1093000,0.04403980927619249
1094000,0.044028170131713965
1095000,0.04403247099936518
1096000,0.044010868289425
1097000,0.044010539851982035
1098000,0.044009868171498594
1099000,0.044015760334895224
1100000,0.04401168612363088
1101000,0.044008484297463756
1102000,0.04399768568935519
1103000,0.044007269207490846
1104000,0.04399450252613421
1105000,0.04400001740026367
1106000,0.04399871260145831
1107000,0.04399343965132805
1108000,0.043992105479928045
1109000,0.04398006880780916
1110000,0.043988934774327575
1111000,0.043980491550268
1112000,0.04397737268549386
1113000,0.04396777341493846
1114000,0.04396209371499408
1115000,0.04395118957602576
1116000,0.043945579515099774
1117000,0.043952737705300955
1118000,0.04395682034579847
1119000,0.043955278133880595
1120000,0.04394927762451493
1121000,0.043946925819587444
1122000,0.043927986274984725
1123000,0.04394013648334959
1124000,0.04394934496516611
1125000,0.04396690458977583
1126000,0.0439728018296779
1127000,0.043969337421861855
1128000,0.043972171283277045
1129000,0.043976960012679735
1130000,0.04398746054341762
1131000,0.04398968119340108
1132000,0.04398407716812339
1133000,0.04397829379451374
1134000,0.043965274782241826
1135000,0.04395621614942345
1136000,0.04394736717534067
1137000,0.04397141294488085
1138000,0.043981421469817664
1139000,0.04397708166259511
1140000,0.043978344660390925
1141000,0.04399955521622599
1142000,0.0439906040145232
1143000,0.043978232602601475
1144000,0.04396307814632251
1145000,0.04396867329380728
1146000,0.043962735638793105
1147000,0.04395903975614038
1148000,0.04395124876721289
1149000,0.04393324309180999
1150000,0.043918844552382784
1151000,0.043922737823991594
1152000,0.04390300805780585
1153000,0.0438948176112313
1154000,0.04388319946241307
1155000,0.043868577588772065
1156000,0.043860148491481024
1157000,0.043854137290795625
1158000,0.04384305327779564
1159000,0.043837640228886754
1160000,0.04383377831948944
1161000,0.04383161009131762
1162000,0.04383912502111575
1163000,0.043831396627425426
1164000,0.043809567330161274
1165000,0.04379866641898731
1166000,0.0437920712867388
1167000,0.043782447964441445
1168000,0.04376959498059332
1169000,0.04375537586499489
1170000,0.043748228268017095
1171000,0.04374118615896043
1172000,0.04373978192493102
1173000,0.04374664473599069
1174000,0.04373299846923271
