1000,0.13747415
2000,0.1708242
3000,0.2185767
4000,0.23007636
5000,0.23974654
6000,0.24174154
7000,0.24419603
8000,0.2429706
9000,0.24823469
10000,0.25087637
11000,0.24905613
12000,0.24565437
13000,0.24217679
14000,0.24208029
15000,0.24281432
16000,0.24380048
17000,0.24497584
18000,0.2458367
19000,0.24701609
20000,0.24649385
21000,0.24693404
22000,0.24584042
23000,0.24666722
24000,0.24862958
25000,0.25014067
26000,0.2499946
27000,0.25014624
28000,0.24937448
29000,0.24925804
30000,0.24895333
31000,0.24761343
32000,0.24803413
33000,0.24926616
34000,0.25069326
35000,0.24971245
36000,0.24946018
37000,0.24871239
38000,0.24941398
39000,0.24966526
40000,0.24875867
41000,0.24827634
42000,0.24742258
43000,0.24795619
44000,0.24806789
45000,0.24755156
46000,0.2470029
47000,0.24642149
48000,0.24611588
49000,0.2463561
50000,0.24580596
51000,0.2458668
52000,0.24677907
53000,0.24714862
54000,0.24644417
55000,0.24631001
56000,0.24635758
57000,0.24670856
58000,0.24726579
59000,0.24697897
60000,0.24639882
61000,0.24590169
62000,0.2455791
63000,0.24554095
64000,0.24553934
65000,0.24549857
66000,0.24550574
67000,0.24572809
68000,0.24499722
69000,0.24534592
70000,0.24564001
71000,0.24572843
72000,0.2450919
73000,0.2447548
74000,0.24445552
75000,0.24439034
76000,0.2438227
77000,0.243961
78000,0.2441263
79000,0.24387778
80000,0.24368651
81000,0.24363108
82000,0.24403061
83000,0.24375786
84000,0.24388644
85000,0.24411754
86000,0.24400891
87000,0.24401852
88000,0.24401374
89000,0.24356967
90000,0.24377407
91000,0.24389753
92000,0.24394128
93000,0.2436697
94000,0.24370173
95000,0.24373081
96000,0.24395235
97000,0.24374238
98000,0.24374287
99000,0.2441433
100000,0.24426816
101000,0.24445294
102000,0.24428648
103000,0.24449764
104000,0.24459825
105000,0.24467258
106000,0.24485372
107000,0.24455911
108000,0.24466197
109000,0.24465233
110000,0.24472715
111000,0.24506173
112000,0.24501212
113000,0.24478066
114000,0.24501792
115000,0.24525274
116000,0.24524538
117000,0.24500957
118000,0.24493957
119000,0.24476692
120000,0.24469963
121000,0.24461675
122000,0.24457571
123000,0.24465317
124000,0.24477094
125000,0.24471456
126000,0.24489814
127000,0.2445939
128000,0.24465811
129000,0.24445672
130000,0.24431162
131000,0.24411085
132000,0.24417748
133000,0.2442681
134000,0.24412191
135000,0.24415751
136000,0.24420671
137000,0.24403933
138000,0.24410276
139000,0.2440788
140000,0.2439104
141000,0.24387541
142000,0.24366382
143000,0.2437455
144000,0.24375185
145000,0.24382108
146000,0.24374714
147000,0.24368863
148000,0.2437791
149000,0.24361119
150000,0.24363826
151000,0.24380146
152000,0.24361339
153000,0.24358198
154000,0.24334544
155000,0.24311788
156000,0.24318059
157000,0.24288934
158000,0.24284567
159000,0.2426096
160000,0.24257822
161000,0.2425785
162000,0.2423596
163000,0.24256755
164000,0.24272397
165000,0.2427484
166000,0.24290837
167000,0.24293044
168000,0.24294636
169000,0.24291804
170000,0.24280182
171000,0.24293832
172000,0.24302039
173000,0.24292496
174000,0.24274383
175000,0.24238038
176000,0.24247359
177000,0.24257441
178000,0.24242958
179000,0.24246357
180000,0.24234019
181000,0.24231793
182000,0.24229932
183000,0.24210387
184000,0.2421228
185000,0.24194117
186000,0.24185413
187000,0.24186298
188000,0.24182832
189000,0.24184644
190000,0.24176277
191000,0.24160646
192000,0.24148816
193000,0.24161583
194000,0.2414155
195000,0.24163337
196000,0.24169075
197000,0.24160908
198000,0.24147974
199000,0.24149096
200000,0.24145252
201000,0.24129651
202000,0.24125184
203000,0.24113798
204000,0.24091186
205000,0.24081846
206000,0.24088481
207000,0.24080913
208000,0.24076019
209000,0.24089211
210000,0.24095719
211000,0.24101995
212000,0.24091285
213000,0.24092987
214000,0.24091005
215000,0.24087842
216000,0.24084167
217000,0.2409625
218000,0.24093753
219000,0.24086258
220000,0.24085285
221000,0.24085863
222000,0.24082792
223000,0.2407858
224000,0.24065204
225000,0.240551
226000,0.24066254
227000,0.24047092
228000,0.24057204
229000,0.24063675
230000,0.24076787
231000,0.24083386
232000,0.24095182
233000,0.24108517
234000,0.24105331
235000,0.24102284
236000,0.24087152
237000,0.24091306
238000,0.24081995
239000,0.24077603
240000,0.24068365
241000,0.24058883
242000,0.240551
243000,0.24078088
244000,0.24076396
245000,0.24070603
246000,0.24083202
247000,0.24085706
248000,0.24084526
249000,0.24082354
250000,0.24088655
251000,0.2409427
252000,0.24087887
253000,0.24083878
254000,0.24091262
255000,0.24090032
256000,0.24082476
257000,0.24069282
258000,0.24062157
259000,0.24057174
260000,0.24054997
261000,0.24065578
262000,0.2406315
263000,0.2408158
264000,0.2409226
265000,0.24076055
266000,0.24070343
267000,0.24075344
268000,0.2406379
269000,0.24069113
270000,0.24075617
271000,0.24073078
272000,0.24076721
273000,0.24070582
274000,0.24063013
275000,0.24061735
276000,0.24068479
277000,0.24059881
278000,0.24046928
279000,0.24031906
280000,0.24027918
281000,0.2401409
282000,0.2399816
283000,0.23996061
284000,0.24012464
285000,0.24014913
286000,0.24022937
287000,0.24020468
288000,0.24026787
289000,0.24025303
290000,0.24023728
291000,0.24032898
292000,0.24037127
293000,0.24046837
294000,0.24045838
295000,0.24046244
296000,0.24050784
297000,0.24050176
298000,0.24049497
299000,0.24042948
300000,0.2404161
301000,0.24031068
302000,0.24024267
303000,0.24031742
304000,0.24029627
305000,0.24033837
306000,0.24035192
307000,0.24037656
308000,0.24035676
309000,0.24033563
310000,0.24036025
311000,0.24040838
312000,0.24051112
313000,0.24065912
314000,0.24067768
315000,0.24061696
316000,0.24055803
317000,0.24066778
318000,0.24062794
319000,0.24057306
320000,0.2405573
321000,0.2405518
322000,0.24056476
323000,0.24055853
324000,0.24059759
325000,0.24061653
326000,0.24062467
327000,0.24064502
328000,0.24056795
329000,0.2406437
330000,0.24069764
331000,0.2407826
332000,0.24084482
333000,0.24078375
334000,0.24083331
335000,0.24079272
336000,0.24066687
337000,0.2407919
338000,0.24082577
339000,0.24087213
340000,0.24083358
341000,0.24081834
342000,0.24090284
343000,0.240864
344000,0.24087186
345000,0.2408623
346000,0.24088292
347000,0.2408792
348000,0.24084386
349000,0.24079147
350000,0.24084142
351000,0.24087544
352000,0.24085163
353000,0.24087057
354000,0.24076837
355000,0.24081993
356000,0.24079764
357000,0.2408399
358000,0.24081776
359000,0.24082753
360000,0.24092357
361000,0.24092473
362000,0.24084713
363000,0.24087921
364000,0.24094248
365000,0.24100108
366000,0.24097234
367000,0.24106432
368000,0.2411301
369000,0.24107793
370000,0.2411107
371000,0.24109691
372000,0.24109389
373000,0.24104118
374000,0.24109018
375000,0.24109995
376000,0.2410845
377000,0.24113242
378000,0.2410995
379000,0.2412014
380000,0.24118406
381000,0.2413378
382000,0.24145703
383000,0.24152555
384000,0.24157885
385000,0.24158874
386000,0.24158402
387000,0.24156073
388000,0.24166135
389000,0.24165167
390000,0.24162519
391000,0.24157777
392000,0.2415991
393000,0.24176373
394000,0.24183881
395000,0.24185431
396000,0.24189879
397000,0.2418506
398000,0.24179444
399000,0.24180493
400000,0.24175672
401000,0.24180527
402000,0.2418347
403000,0.24179254
404000,0.24193561
405000,0.24191794
406000,0.24197064
407000,0.24195836
408000,0.24200709
409000,0.24202712
410000,0.24204922
411000,0.24207237
412000,0.24203527
413000,0.24209628
414000,0.24210896
415000,0.24216506
416000,0.24219468
417000,0.24226987
418000,0.2423799
419000,0.24248877
420000,0.24256887
421000,0.24253811
422000,0.24262726
423000,0.24265957
424000,0.24273928
425000,0.24273965
426000,0.24271283
427000,0.24278443
428000,0.24274994
429000,0.24277364
430000,0.24279112
431000,0.24279712
432000,0.24279816
433000,0.24275015
434000,0.24276961
435000,0.24279195
436000,0.24276301
437000,0.24274491
438000,0.24285801
439000,0.24300207
440000,0.2430625
441000,0.24310395
442000,0.24318403
443000,0.24322683
444000,0.2433403
445000,0.24335214
446000,0.24339099
447000,0.24335265
448000,0.24340989
449000,0.2433833
450000,0.24343184
451000,0.24340291
452000,0.24351662
453000,0.24358773
454000,0.24350336
455000,0.24349445
456000,0.24348104
457000,0.24347933
458000,0.24346663
459000,0.24344502
460000,0.24344306
461000,0.24348103
462000,0.24349068
463000,0.24357349
464000,0.24359493
465000,0.24360827
466000,0.243547
467000,0.24346714
468000,0.24348429
469000,0.24355349
470000,0.24361971
471000,0.24362041
472000,0.24362208
473000,0.24374706
474000,0.24381842
475000,0.24389568
476000,0.24393961
477000,0.2439824
478000,0.24409115
479000,0.24407215
480000,0.24404263
481000,0.24401715
482000,0.24407846
483000,0.24405819
484000,0.24403547
485000,0.24399398
486000,0.24403451
487000,0.24406996
488000,0.24415343
489000,0.24416804
490000,0.24425252
491000,0.24418879
492000,0.24416317
493000,0.24415524
494000,0.24411824
495000,0.24411081
496000,0.24412163
497000,0.2441623
498000,0.24423774
499000,0.24428044
500000,0.24429858
501000,0.24433585
502000,0.24450572
503000,0.24455155
504000,0.24462229
505000,0.24465281
506000,0.24468865
507000,0.24478267
508000,0.24476798
509000,0.24475674
510000,0.2448427
511000,0.24485995
512000,0.24489582
513000,0.24486516
514000,0.24491458
515000,0.2450187
516000,0.24508351
517000,0.24504432
518000,0.24504678
519000,0.2451143
520000,0.24510323
521000,0.24505447
522000,0.24505629
523000,0.24502173
524000,0.24507628
525000,0.24509163
526000,0.24511205
527000,0.24511445
528000,0.24509765
529000,0.24508162
530000,0.24511656
531000,0.24508686
532000,0.24509443
533000,0.24514525
534000,0.24516025
535000,0.24523416
536000,0.2452319
537000,0.2452365
538000,0.24522969
539000,0.24524413
540000,0.2452308
541000,0.2451982
542000,0.24524793
543000,0.2452456
544000,0.24526814
545000,0.24521507
546000,0.24525732
547000,0.24524078
548000,0.24524198
549000,0.24534477
550000,0.2453664
551000,0.24541043
552000,0.24546519
553000,0.24545859
554000,0.24552521
555000,0.24552722
556000,0.24557042
557000,0.24560106
558000,0.24570446
559000,0.24574238
560000,0.24577028
561000,0.24574359
562000,0.24583489
563000,0.24580811
564000,0.245852
565000,0.24584429
566000,0.24596441
567000,0.24599719
568000,0.2460528
569000,0.24610797
570000,0.24613495
571000,0.24615541
572000,0.24617565
573000,0.2462178
574000,0.24620454
575000,0.24622184
576000,0.2463109
577000,0.24634258
578000,0.24635866
579000,0.24635388
580000,0.24640098
581000,0.24641204
582000,0.24638703
583000,0.24643004
584000,0.2464714
585000,0.24652737
586000,0.24661009
587000,0.2466227
588000,0.24666385
589000,0.24664505
590000,0.24663793
591000,0.24669547
592000,0.24669333
593000,0.2467154
594000,0.24668802
595000,0.24665123
596000,0.24669667
597000,0.24669704
598000,0.24676692
599000,0.24679497
600000,0.24685846
601000,0.24686414
602000,0.24686222
603000,0.24690989
604000,0.24693643
605000,0.2469605
606000,0.24695116
607000,0.24692677
608000,0.24690619
609000,0.24698256
610000,0.24698399
611000,0.24701492
612000,0.24706712
613000,0.24710403
614000,0.2471509
615000,0.2471825
616000,0.24722767
617000,0.24716172
618000,0.24713388
619000,0.24716488
620000,0.24716982
621000,0.24716482
622000,0.247217
623000,0.24722573
624000,0.24731797
625000,0.24733466
626000,0.24741253
627000,0.24750249
628000,0.24753638
629000,0.24755737
630000,0.24755833
631000,0.24755576
632000,0.24757893
633000,0.24759148
634000,0.24756134
635000,0.24755074
636000,0.24754849
637000,0.24757428
638000,0.24755178
639000,0.24752031
640000,0.247545
641000,0.24757609
642000,0.24756758
643000,0.24761593
644000,0.24769089
645000,0.24773125
646000,0.24771038
647000,0.2476757
648000,0.24770333
649000,0.24768509
650000,0.24774317
651000,0.24776366
652000,0.24778824
653000,0.24783406
654000,0.24787787
655000,0.2478642
656000,0.24788177
657000,0.24787864
658000,0.24790323
659000,0.24791351
660000,0.2478569
661000,0.24790505
662000,0.24798782
663000,0.24805148
664000,0.24805114
665000,0.24807873
666000,0.24814695
667000,0.24816321
668000,0.24811801
669000,0.24818951
670000,0.24821486
671000,0.24830416
672000,0.24829556
673000,0.24830242
674000,0.248302
675000,0.2482739
676000,0.24833934
677000,0.2483371
678000,0.24827102
679000,0.24827313
680000,0.24831821
681000,0.24834646
682000,0.24836661
683000,0.24837981
684000,0.24839425
685000,0.2484195
686000,0.24843682
687000,0.24843977
688000,0.248481
689000,0.24851364
690000,0.24859688
691000,0.24865735
692000,0.248676
693000,0.24868147
694000,0.24866334
695000,0.24869014
696000,0.24873489
697000,0.2487385
698000,0.24878871
699000,0.24879377
700000,0.24877357
701000,0.24881458
702000,0.24887305
703000,0.24885954
704000,0.24883842
705000,0.24886842
706000,0.24886693
707000,0.24888058
708000,0.24894996
709000,0.24896276
710000,0.24898335
711000,0.24905956
712000,0.24903321
713000,0.24902847
714000,0.2490279
715000,0.24903007
716000,0.24901858
717000,0.24896817
718000,0.2490251
719000,0.24902993
720000,0.24906036
721000,0.24910514
722000,0.2491141
723000,0.2491465
724000,0.24909781
725000,0.2491163
726000,0.24915084
727000,0.2491602
728000,0.2491871
729000,0.24921252
730000,0.24924879
731000,0.24926521
732000,0.24926575
733000,0.2492872
734000,0.24932359
735000,0.24932498
736000,0.24930854
737000,0.2493644
738000,0.24936034
739000,0.24938111
740000,0.24936084
741000,0.24940285
742000,0.24940039
743000,0.2493913
744000,0.24942096
745000,0.2494568
746000,0.24945912
747000,0.24941944
748000,0.24950852
749000,0.24948536
750000,0.2495223
751000,0.24960628
752000,0.24960239
753000,0.2496505
754000,0.24967323
755000,0.24972042
756000,0.24976
757000,0.2497728
758000,0.24980156
759000,0.24984881
760000,0.2498155
761000,0.24988751
762000,0.24989562
763000,0.24993932
764000,0.24998114
765000,0.24998385
766000,0.24996383
767000,0.24999098
768000,0.2500048
769000,0.250004
770000,0.25002897
771000,0.2500471
772000,0.25006777
773000,0.25007734
774000,0.25009742
775000,0.25013304
776000,0.2501692
777000,0.2501603
778000,0.25020662
779000,0.2502211
780000,0.2502177
781000,0.25024897
782000,0.25028214
783000,0.25028488
784000,0.25026405
785000,0.25024933
786000,0.25024515
787000,0.2502605
788000,0.2503011
789000,0.25031865
790000,0.25042954
791000,0.25047675
792000,0.25047424
793000,0.25048462
794000,0.25047392
795000,0.25050005
796000,0.2505179
797000,0.2505612
798000,0.25059527
799000,0.25064456
800000,0.25065562
801000,0.25068554
802000,0.25069663
803000,0.250719
804000,0.25076866
805000,0.25082356
806000,0.25090742
807000,0.25087485
808000,0.25090918
809000,0.25096282
810000,0.2510251
811000,0.25102127
812000,0.2510157
813000,0.2510538
814000,0.25107384
815000,0.25109267
816000,0.25110564
817000,0.2510974
818000,0.2510961
819000,0.25110474
820000,0.25110617
821000,0.25109145
822000,0.25111118
823000,0.25115454
824000,0.25121236
825000,0.2511961
826000,0.2511773
827000,0.25119632
828000,0.25121042
829000,0.251278
830000,0.2512702
831000,0.2512663
832000,0.25130308
833000,0.2512762
834000,0.251286
835000,0.2512963
836000,0.2513491
837000,0.25138795
838000,0.25137952
839000,0.25138676
840000,0.25137427
841000,0.25137767
842000,0.2514302
843000,0.2514336
844000,0.25147107
845000,0.25147262
846000,0.25149515
847000,0.2514951
848000,0.25147754
849000,0.25151926
850000,0.25156006
851000,0.2515347
852000,0.25160047
853000,0.25159425
854000,0.2515846
855000,0.25157514
856000,0.2516129
857000,0.25167197
858000,0.2516411
859000,0.25163692
860000,0.25166455
861000,0.25165188
862000,0.25165913
863000,0.25164226
864000,0.25166932
865000,0.25170264
866000,0.25177932
867000,0.25178358
868000,0.25177693
869000,0.25182316
870000,0.25183126
871000,0.25180498
872000,0.25184545
873000,0.25183353
874000,0.25180075
875000,0.25180542
876000,0.25181973
877000,0.25185236
878000,0.25190103
879000,0.25189018
880000,0.25192767
881000,0.2519267
882000,0.2519819
883000,0.25200135
884000,0.25202358
885000,0.25197312
886000,0.25197464
887000,0.25195432
888000,0.25195974
889000,0.25193205
890000,0.25188273
891000,0.2518911
892000,0.25191793
893000,0.2519167
894000,0.2519765
895000,0.25201404
896000,0.25200123
897000,0.25204796
898000,0.25207022
899000,0.25209215
900000,0.25211945
901000,0.25214496
902000,0.25215676
903000,0.25218898
904000,0.25226337
905000,0.25230432
906000,0.25230208
907000,0.25235093
908000,0.25237933
909000,0.2523828
910000,0.2523947
911000,0.25243685
912000,0.25247517
913000,0.2524868
914000,0.25247002
915000,0.2525018
916000,0.25253585
917000,0.25256246
918000,0.25257963
919000,0.25256822
920000,0.25255594
921000,0.25259572
922000,0.25263986
923000,0.25266683
924000,0.25267395
925000,0.2526579
926000,0.25268158
927000,0.2526538
928000,0.25266564
929000,0.25273216
930000,0.25271553
931000,0.2527086
932000,0.25273088
933000,0.25273156
934000,0.25275585
935000,0.2527891
936000,0.2528179
937000,0.2528462
938000,0.25286657
939000,0.2528597
940000,0.2528799
941000,0.25290203
942000,0.2529137
943000,0.2529174
944000,0.25287277
945000,0.2528945
946000,0.2529348
947000,0.25290957
948000,0.25293034
949000,0.2529537
950000,0.25295195
951000,0.25297225
952000,0.2530096
953000,0.25303334
954000,0.2530755
955000,0.2531178
956000,0.2530921
957000,0.25309572
958000,0.25312734
959000,0.25313938
960000,0.2531574
961000,0.2531785
962000,0.25320053
963000,0.25319368
964000,0.25318715
965000,0.25318414
966000,0.2532175
967000,0.2532237
968000,0.2532346
969000,0.2532512
970000,0.25331885
971000,0.2532949
972000,0.25328657
973000,0.2533042
974000,0.25328806
975000,0.25330245
976000,0.25331077
977000,0.2533446
978000,0.25337338
979000,0.2533996
980000,0.25342557
981000,0.2534461
982000,0.2534579
983000,0.25352344
984000,0.25357243
985000,0.25357205
986000,0.2535917
987000,0.25364637
988000,0.25362694
989000,0.25365353
990000,0.25365308
991000,0.253675
992000,0.2536495
993000,0.25363302
994000,0.25362614
995000,0.25360858
996000,0.25360262
997000,0.25364745
998000,0.2536654
999000,0.2536505
1000000,0.25364214
1001000,0.2536735
1002000,0.25368172
1003000,0.25362617
1004000,0.25361678
1005000,0.25362626
1006000,0.25362885
1007000,0.25363767
1008000,0.25366795
1009000,0.25371596
1010000,0.25368977
1011000,0.25368506
1012000,0.2537115
1013000,0.25375938
1014000,0.25375998
1015000,0.2537308
1016000,0.25373244
1017000,0.25374207
1018000,0.25369334
1019000,0.25377217
1020000,0.2537754
1021000,0.25381404
1022000,0.25381285
1023000,0.25384974
1024000,0.2538791
1025000,0.25388962
1026000,0.25386974
1027000,0.25389075
1028000,0.25395495
1029000,0.25396162
1030000,0.2539372
1031000,0.25392744
1032000,0.25391886
1033000,0.25388774
1034000,0.25388762
1035000,0.25386947
1036000,0.25387087
1037000,0.25387135
1038000,0.25386146
1039000,0.25386333
1040000,0.25386342
1041000,0.25390235
1042000,0.25390548
1043000,0.25394386
1044000,0.25392538
1045000,0.2539212
1046000,0.2539747
1047000,0.25398895
1048000,0.2540317
1049000,0.25405177
1050000,0.25403562
1051000,0.254019
1052000,0.25401157
1053000,0.2539914
1054000,0.25399384
1055000,0.25400487
1056000,0.25398707
1057000,0.2540397
1058000,0.25410777
1059000,0.25416952
1060000,0.25417212
1061000,0.25417137
1062000,0.25415996
1063000,0.25417382
1064000,0.25417778
1065000,0.2542017
1066000,0.25417787
1067000,0.25420952
1068000,0.25422502
1069000,0.2542717
1070000,0.25427958
1071000,0.25430155
1072000,0.2543045
1073000,0.25431785
1074000,0.25430322
1075000,0.25428653
1076000,0.2542981
1077000,0.25431848
1078000,0.25436315
1079000,0.25440824
1080000,0.25443166
1081000,0.25448748
1082000,0.2544635
1083000,0.2544578
1084000,0.2544465
1085000,0.2544217
1086000,0.25443694
1087000,0.25443548
1088000,0.25443152
1089000,0.25442457
1090000,0.2544564
1091000,0.2544475
1092000,0.254502
1093000,0.254501
1094000,0.25450385
1095000,0.2545236
1096000,0.2545672
1097000,0.25462833
1098000,0.25465226
1099000,0.25468084
1100000,0.25470778
1101000,0.25475147
1102000,0.25480506
1103000,0.2548124
1104000,0.25482094
1105000,0.25479886
1106000,0.25483426
1107000,0.2548508
1108000,0.2548566
1109000,0.2548632
1110000,0.25484005
1111000,0.2548629
1112000,0.25486648
1113000,0.25484568
1114000,0.2548301
1115000,0.25482404
1116000,0.25486633
1117000,0.25488812
1118000,0.2548808
1119000,0.25488383
1120000,0.25489074
1121000,0.25484523
1122000,0.254857
1123000,0.25493228
1124000,0.25491124
1125000,0.25490513
1126000,0.25493896
1127000,0.25492632
1128000,0.25495514
1129000,0.25495857
1130000,0.25497597
1131000,0.2550053
1132000,0.25502825
1133000,0.25504708
1134000,0.255032
1135000,0.25502735
1136000,0.25502488
1137000,0.25500572
1138000,0.2550164
1139000,0.25501722
1140000,0.25500956
1141000,0.25503924
1142000,0.25503093
1143000,0.25502807
1144000,0.25503182
1145000,0.25504577
1146000,0.25505343
1147000,0.25507626
1148000,0.2550699
1149000,0.2550976
1150000,0.25505757
1151000,0.25505364
1152000,0.2550305
1153000,0.25499898
1154000,0.2550004
1155000,0.25503218
1156000,0.25504217
1157000,0.25502735
1158000,0.25503537
1159000,0.2550662
1160000,0.25505042
1161000,0.2550752
1162000,0.25510234
1163000,0.25510147
1164000,0.25507325
1165000,0.25506678
1166000,0.2550973
1167000,0.25512305
1168000,0.25511473
1169000,0.25512972
1170000,0.25515214
1171000,0.255211
1172000,0.25523877
1173000,0.25527486
1174000,0.2552878
