1000,nan
2000,nan
3000,0.10270702815614641
4000,0.27376517017658514
5000,0.31684096138316975
6000,0.32839002300082054
7000,0.33314240063800543
8000,0.3325629069707093
9000,0.32892718768146423
10000,0.3225025993816504
11000,0.31304469093377424
12000,0.3054834725961129
13000,0.30190838078823556
14000,0.29737395355766394
15000,0.2923672162091011
16000,0.28900014018969034
17000,0.2849079506305678
18000,0.2808066797975353
19000,0.2779897177103404
20000,0.27474848397016916
21000,0.2717410875700638
22000,0.2690092016728064
23000,0.266965608966991
24000,0.26492732040640926
25000,0.2631333615733185
26000,0.26226181132906784
27000,0.26163143048794946
28000,0.26023457603981875
29000,0.2591408021409886
30000,0.25831151432732985
31000,0.2570429834719853
32000,0.2566114000113102
33000,0.25582867684134775
34000,0.25597802745163467
35000,0.25569572868676216
36000,0.2549834550804439
37000,0.25504962028324624
38000,0.2548082887146242
39000,0.25492922185160755
40000,0.25471409517415267
41000,0.25473622678458085
42000,0.255116661392631
43000,0.25565517053444853
44000,0.25595875818916025
45000,0.2554884900588842
46000,0.25507722479101985
47000,0.2547481554307035
48000,0.25451533659052916
49000,0.2544496170759048
50000,0.25414840568961616
51000,0.253603935872704
52000,0.25337948388529613
53000,0.253189295654835
54000,0.25271438012674785
55000,0.25259322730644496
56000,0.2524540930428135
57000,0.25198593850823847
58000,0.25168732857410786
59000,0.2515399856331591
60000,0.25145616410844623
61000,0.2512530245858933
62000,0.2506729388098322
63000,0.2501982248022961
64000,0.24991697310485236
65000,0.24971855348566574
66000,0.24963786462903034
67000,0.2496198720257428
68000,0.24960242348628983
69000,0.24969771671176327
70000,0.24971561445397938
71000,0.24984116025308575
72000,0.24975808665679142
73000,0.2501956561297459
74000,0.2506136801057896
75000,0.25076459443942484
76000,0.25078165629150606
77000,0.2507220115478139
78000,0.2509318352686204
79000,0.2508749808438078
80000,0.2506649423897252
81000,0.2505637544411262
82000,0.25065886321733616
83000,0.25098592126341873
84000,0.2510791660941161
85000,0.25132133372559157
86000,0.25147606096943753
87000,0.25191135541812104
88000,0.2522486762898665
89000,0.2524201769248484
90000,0.25252483386086577
91000,0.2525490151872776
92000,0.25271011226860574
93000,0.2529539460409639
94000,0.2530004442187469
95000,0.25321115318807863
96000,0.2534116357597368
97000,0.2535469841524615
98000,0.2537005873465889
99000,0.2538521790237244
100000,0.2539502073719213
101000,0.2540082511497284
102000,0.2538929551510161
103000,0.25388106187050635
104000,0.25406327606767215
105000,0.2543469098401606
106000,0.25457690405841493
107000,0.25476788401122413
108000,0.25506531920461806
109000,0.25529917627717574
110000,0.2555326960370281
111000,0.25553102966330066
112000,0.2556265290932643
113000,0.25569538877080494
114000,0.25602912602202277
115000,0.256261193571871
116000,0.256448429678949
117000,0.2565269060361615
118000,0.25642794306940864
119000,0.2562942941629457
120000,0.2562144411069191
121000,0.2562083991951784
122000,0.2562865993503344
123000,0.25636398105987396
124000,0.25644226337787646
125000,0.2565691618217218
126000,0.25653699755805354
127000,0.2564535269797319
128000,0.25646213879671276
129000,0.2566691226868279
130000,0.2568214899311259
131000,0.2570652896424048
132000,0.2570569035372058
133000,0.25704772302331236
134000,0.2570087264335565
135000,0.2569810748714475
136000,0.25693258335684627
137000,0.25691464625396754
138000,0.25697423064174696
139000,0.2569903819403261
140000,0.2569690211918558
141000,0.25700859904012474
142000,0.2570664590381404
143000,0.2571098184498812
144000,0.25717835687710566
145000,0.2572416237675541
146000,0.2571915578630357
147000,0.25708800446831354
148000,0.2570323768180474
149000,0.25719602571489064
150000,0.257246073388045
151000,0.25720956890884
152000,0.2571074435206995
153000,0.25717441079792946
154000,0.2573436469583534
155000,0.2574540731356157
156000,0.25742527243464974
157000,0.2574218480070064
158000,0.25752595771498094
159000,0.25756897923616445
160000,0.2576148086385855
161000,0.25757071359329564
162000,0.2576172348956372
163000,0.25775495016960753
164000,0.2577263843691091
165000,0.25791188565602735
166000,0.25809417349464314
167000,0.2583244350041323
168000,0.25838263927315486
169000,0.25843291714637956
170000,0.2583240778300938
171000,0.25825002756917687
172000,0.25821214125654507
173000,0.2581929893448076
174000,0.25830014205893304
175000,0.2583968850887514
176000,0.25849318826091205
177000,0.2585893681827757
178000,0.25870338140926297
179000,0.2588962107740704
180000,0.25893664092954316
181000,0.2590610836088016
182000,0.25914077512876793
183000,0.25914850691527114
184000,0.25922877835230546
185000,0.2592107565069415
186000,0.25925117729430375
187000,0.2591422934139959
188000,0.2591434410506587
189000,0.25915171879031745
190000,0.2592720790015105
191000,0.25940281466657095
192000,0.25948721113908946
193000,0.2595369384194129
194000,0.25955003869556226
195000,0.2595654491368329
196000,0.2595435306561154
197000,0.25955435781638037
198000,0.2595838492096502
199000,0.2595784910744596
200000,0.2595876669399091
201000,0.259550085780293
202000,0.25944666015075374
203000,0.259372791947371
204000,0.2593698748936798
205000,0.2594213170049831
206000,0.25953437268069274
207000,0.2595550742833882
208000,0.25960477255522946
209000,0.25968377525065867
210000,0.2597256184458325
211000,0.2597134996164658
212000,0.2596551998645446
213000,0.2597255158388462
214000,0.25982303866952167
215000,0.2600109830470839
216000,0.26018698858584033
217000,0.2601419440734648
218000,0.2601974826740621
219000,0.2602326849690142
220000,0.2602840491575461
221000,0.26030250502853947
222000,0.2603087046397472
223000,0.26021262214124236
224000,0.260124712857244
225000,0.26004806286412374
226000,0.26006231180695
227000,0.2601283278198547
228000,0.26027390928275523
229000,0.2602200666641083
230000,0.26031814090421224
231000,0.2603111020186357
232000,0.2602966539656181
233000,0.260269748193082
234000,0.2601875131805836
235000,0.2601224861176523
236000,0.26007254726825896
237000,0.26006011522694633
238000,0.2600806718202378
239000,0.26009323501356824
240000,0.26014954471453205
241000,0.2602376830372318
242000,0.2603338783252922
243000,0.26036440790030146
244000,0.2603791921747477
245000,0.2603540207958714
246000,0.2603263246666631
247000,0.2603042006056689
248000,0.2603469321625159
249000,0.26037534394349116
250000,0.2604195852608605
251000,0.2604353457935525
252000,0.2604495936152374
253000,0.26042091082924806
254000,0.260388131646352
255000,0.2604035413036846
256000,0.26048352616670717
257000,0.2605788445026393
258000,0.2607103176601924
259000,0.2607257940567168
260000,0.260706500707048
261000,0.2606387156074628
262000,0.26059523866996037
263000,0.26057057802209754
264000,0.26057083298519207
265000,0.26056983429674746
266000,0.26070306192034065
267000,0.2608321858028206
268000,0.26087782805344273
269000,0.26083409586713946
270000,0.26075158597791015
271000,0.2606936561477767
272000,0.26069400419108985
273000,0.26071981619018475
274000,0.26073738930661433
275000,0.2607462006826104
276000,0.26079605997777233
277000,0.26081649823115294
278000,0.26089581176802673
279000,0.26085831912110047
280000,0.26085502872862504
281000,0.26091101546480683
282000,0.26098374631317556
283000,0.261074301073111
284000,0.26114039459408794
285000,0.2611579177129995
286000,0.2612050960158145
287000,0.2612279497275854
288000,0.2612072974715194
289000,0.26122883668355124
290000,0.2611984292239248
291000,0.26119311370946946
292000,0.2611852060747357
293000,0.2611367935187251
294000,0.26115126907289954
295000,0.2611973598454303
296000,0.261201142144278
297000,0.26121138399009597
298000,0.26118392930485945
299000,0.2611740861252897
300000,0.26124022509208844
301000,0.2612899353952021
302000,0.2613174248418456
303000,0.26133711846683966
304000,0.26134209356958793
305000,0.2614124099426853
306000,0.2614487301515421
307000,0.2615463602997949
308000,0.2615980227648525
309000,0.2616594656156373
310000,0.26165404445428087
311000,0.26170006012772107
312000,0.2617347943613855
313000,0.2617881764606622
314000,0.2617537791138725
315000,0.2617451704707083
316000,0.2617433780687304
317000,0.26171493777379123
318000,0.2616750867654092
319000,0.26166622464205286
320000,0.26164236949342007
321000,0.2616803649058194
322000,0.2617238914919128
323000,0.26175678521024004
324000,0.26176393848763874
325000,0.2617820434898902
326000,0.2617994210782337
327000,0.2618443952802847
328000,0.2618995610309769
329000,0.2619656388752175
330000,0.2619739211331017
331000,0.26196807361448465
332000,0.26195040856281027
333000,0.2619604056700641
334000,0.2620531689399393
335000,0.26204721836434586
336000,0.26203324251412563
337000,0.262037773752633
338000,0.2621033162791993
339000,0.26209511899197135
340000,0.26211528555024
341000,0.2621344618481798
342000,0.2622286597472793
343000,0.26226151839443
344000,0.2622808514964741
345000,0.26229237825889984
346000,0.2623509693701046
347000,0.2623999117677634
348000,0.26246574367846953
349000,0.2624699680502154
350000,0.2624781709071195
351000,0.26252160847761663
352000,0.2625720190176127
353000,0.2625896536766799
354000,0.2625758389330878
355000,0.2625460186275978
356000,0.26256062781553957
357000,0.26252460286775386
358000,0.2624904351407107
359000,0.2624446669125701
360000,0.2623696624897102
361000,0.2623997562415581
362000,0.2623923052097273
363000,0.26248644289026585
364000,0.262485541581477
365000,0.2624673316689769
366000,0.2624215603543447
367000,0.26236258614242064
368000,0.2623277487720358
369000,0.2623685542476897
370000,0.26246508612313196
371000,0.26250685596156603
372000,0.2625001498369786
373000,0.26251060537252724
374000,0.26254928128565835
375000,0.262598993589205
376000,0.26267968147611126
377000,0.2627670829305154
378000,0.2627790404113058
379000,0.26282318470396454
380000,0.2628605969025209
381000,0.26283684255797274
382000,0.2628074279399365
383000,0.26277133795778534
384000,0.26274270544173245
385000,0.2626845994000154
386000,0.26275609990822657
387000,0.26278025918359565
388000,0.26279817841002706
389000,0.26278899958926905
390000,0.26278606763636425
391000,0.26277572558198614
392000,0.2628020761906455
393000,0.26281308758124095
394000,0.26281746807415346
395000,0.2628401813819352
396000,0.2628872077507761
397000,0.26296806311433946
398000,0.2629985749359765
399000,0.2629862899542228
400000,0.2629865583357852
401000,0.263006963664287
402000,0.2630561071283245
403000,0.26312543860685045
404000,0.26315945261547935
405000,0.26322383027142476
406000,0.26327980686300806
407000,0.2632759922587055
408000,0.26329894652841773
409000,0.2633216541342198
410000,0.2633522990819482
411000,0.2633780521178605
412000,0.26337018232587145
413000,0.2633794761634977
414000,0.26343715355804914
415000,0.2634750846830422
416000,0.2634755471805681
417000,0.26352825221408227
418000,0.2635544664418769
419000,0.26361475644449506
420000,0.26363591624109406
421000,0.26369792374536466
422000,0.2637131872165223
423000,0.2637598405836663
424000,0.2637709399293215
425000,0.263835076520395
426000,0.26385870829345376
427000,0.2638900430027208
428000,0.2639689619425516
429000,0.26399764915553137
430000,0.2639992641204527
431000,0.2640138034148982
432000,0.2640135085320084
433000,0.264054621137428
434000,0.26407560473518504
435000,0.2640543182077489
436000,0.2640253073172508
437000,0.2640144001075905
438000,0.26397152038096616
439000,0.2639445746164349
440000,0.26392394151005544
441000,0.2639843623657774
442000,0.26402116998091585
443000,0.2640215455891906
444000,0.2640182912186039
445000,0.26404905490933706
446000,0.2640585937629587
447000,0.2640577328207226
448000,0.26406979354033816
449000,0.26407545550627026
450000,0.2640981441955529
451000,0.264137473760776
452000,0.2641962251365089
453000,0.2642389713993262
454000,0.26428284709681915
455000,0.2643058739317692
456000,0.2643371427661503
457000,0.26438390692029107
458000,0.2644093340237099
459000,0.2644234608858109
460000,0.26442399265002453
461000,0.2644113963986531
462000,0.2644072258484548
463000,0.2644379477207526
464000,0.26444330543293576
465000,0.26441432798732367
466000,0.2643774208817679
467000,0.2643933757887774
468000,0.2644199620400028
469000,0.2644495658388047
470000,0.2644410945462446
471000,0.26442936356891383
472000,0.2644643217328485
473000,0.26447736766620444
474000,0.2644659405773885
475000,0.26445389079144366
476000,0.26444525309734457
477000,0.2644955466048124
478000,0.2645565531926957
479000,0.2646297560176188
480000,0.264657845887918
481000,0.26469626829259646
482000,0.2647102836921408
483000,0.2647003868824833
484000,0.26471096481172973
485000,0.26472168112525696
486000,0.26476908721803066
487000,0.2647908145482297
488000,0.2648132809952793
489000,0.26487477936806075
490000,0.2648919114339699
491000,0.2648930982129178
492000,0.26493022637151487
493000,0.264968113398807
494000,0.26500147724244155
495000,0.2650181463093913
496000,0.26506865414450603
497000,0.26505618795343483
498000,0.26507213292112236
499000,0.265009465097862
500000,0.2649881639822635
501000,0.2649681738185947
502000,0.26494876411780766
503000,0.26491807056411276
504000,0.2649512245763709
505000,0.2649624145401298
506000,0.26495457145715934
507000,0.26498358274589146
508000,0.26502601539139414
509000,0.2650416904197056
510000,0.26504252671229966
511000,0.2650176357104953
512000,0.26505134135453423
513000,0.2650715355803234
514000,0.2650830227171384
515000,0.2650652447193748
516000,0.26509040085624774
517000,0.2650900779443828
518000,0.2651096887808537
519000,0.26509115657568555
520000,0.2650710871593392
521000,0.26508623630530953
522000,0.2651027488929248
523000,0.2651019235496974
524000,0.26513007616708384
525000,0.26512134973414986
526000,0.2651284819258583
527000,0.2651139587132751
528000,0.26510152456158437
529000,0.26512206393278465
530000,0.2651552014551734
531000,0.2651546891137817
532000,0.26515681154332876
533000,0.265194924375676
534000,0.26523938198831915
535000,0.26526823241993047
536000,0.26525002868702685
537000,0.26521586224105753
538000,0.2651684963669003
539000,0.26515270033624644
540000,0.26512310076987683
541000,0.26510717549121493
542000,0.26511763374505254
543000,0.2651638635730258
544000,0.2651725724901152
545000,0.26515721720954183
546000,0.26518102979301045
547000,0.26520952815254123
548000,0.2651873872040771
549000,0.2651828902371827
550000,0.26520599080953305
551000,0.2652363846053121
552000,0.26524302125610033
553000,0.26524565367524156
554000,0.2652750111785314
555000,0.26527127581253945
556000,0.2652570391420986
557000,0.265283270740069
558000,0.2652873812309506
559000,0.2653148312702304
560000,0.265309220585207
561000,0.26532433905027214
562000,0.26534881403008814
563000,0.26540938506095535
564000,0.26547923946597013
565000,0.2655205464208949
566000,0.26549510686873584
567000,0.26546320744175195
568000,0.2654710514359318
569000,0.26544143733479353
570000,0.26546696007236803
571000,0.2654665612134087
572000,0.26549853932577216
573000,0.2655158200573213
574000,0.2655199792110321
575000,0.26550879658607657
576000,0.2655410970266442
577000,0.26555664922777567
578000,0.265554910233842
579000,0.2655596765994579
580000,0.26557764236085446
581000,0.26557710771031806
582000,0.2655731089477553
583000,0.2655353685581372
584000,0.2655170001152457
585000,0.2654989045895825
586000,0.26548039521668354
587000,0.2654073642201874
588000,0.26537535689770697
589000,0.26536846276708315
590000,0.2653644336597233
591000,0.26540267272578805
592000,0.265417375913204
593000,0.26543006886623666
594000,0.2654515826119305
595000,0.2654423913639731
596000,0.2654477918144854
597000,0.26544669539228566
598000,0.2654466836812363
599000,0.26543010306085735
600000,0.26543324516234656
601000,0.2654037381490525
602000,0.26536814626011807
603000,0.26532769463007655
604000,0.2653066214125166
605000,0.26532631235195797
606000,0.26529606624984037
607000,0.26527548302585313
608000,0.26524981303233913
609000,0.2652071557984597
610000,0.2651893760871035
611000,0.2651977465247569
612000,0.2652114280956161
613000,0.2652142266704353
614000,0.26524558250850827
615000,0.2652574008085894
616000,0.2652965671256122
617000,0.26534129720974586
618000,0.26536345083600854
619000,0.26535360819996207
620000,0.2653797724199065
621000,0.2654000847118321
622000,0.2653804791251887
623000,0.26538406058596564
624000,0.26537096855346354
625000,0.2653573498819544
626000,0.265353413750753
627000,0.2653501716166948
628000,0.26531712501674715
629000,0.2653004003747951
630000,0.26534732350456475
631000,0.26538611677575774
632000,0.2654317944818149
633000,0.26544701321712927
634000,0.2654723073249267
635000,0.2655089773376822
636000,0.26552562359471205
637000,0.26550977140473153
638000,0.265472490084112
639000,0.26542216985259287
640000,0.2653777162276928
641000,0.2653481797218517
642000,0.2653243392337715
643000,0.2653255617091054
644000,0.26534556601352355
645000,0.2653619862028106
646000,0.2653671353029328
647000,0.26535498666540613
648000,0.26533763003769373
649000,0.26531598956977515
650000,0.2653173844095995
651000,0.2653378765082589
652000,0.26534429868626846
653000,0.2653551274182253
654000,0.2653644366205066
655000,0.265361187535441
656000,0.2653812536991236
657000,0.26539376240720264
658000,0.26542267339188547
659000,0.26542487896828576
660000,0.26541595865258794
661000,0.26542109247672946
662000,0.26542263613865047
663000,0.26548614567094225
664000,0.26549452968504667
665000,0.2655274163782622
666000,0.2655322704500773
667000,0.2655453942294482
668000,0.2655385268363076
669000,0.2655579359317806
670000,0.2655678068567291
671000,0.26560660948475606
672000,0.26560498214051004
673000,0.26560517191914274
674000,0.26560760473270756
675000,0.2656197262976444
676000,0.26561916195820684
677000,0.2656233254645045
678000,0.2656471657645819
679000,0.2656918196484425
680000,0.2657135857993339
681000,0.2657348048212752
682000,0.2657464162927986
683000,0.2657865333255801
684000,0.2658215209132061
685000,0.2658654141421568
686000,0.2658671038446436
687000,0.2658941817312225
688000,0.26590607010603945
689000,0.26592675694767925
690000,0.2659393665563368
691000,0.26593691677106895
692000,0.26592453837062474
693000,0.2659056396355485
694000,0.2659139933146288
695000,0.26595506975671435
696000,0.26597348454247954
697000,0.26597858076800723
698000,0.26597841517708704
699000,0.26597595024529863
700000,0.26597439934658235
701000,0.265966062858701
702000,0.26595656059157774
703000,0.26593290860634355
704000,0.26592044453406205
705000,0.2659390104139773
706000,0.26593608207557445
707000,0.2659541188428689
708000,0.2659578487502104
709000,0.26597129209973835
710000,0.26597892526128597
711000,0.2659833413250226
712000,0.26600511201807564
713000,0.26602115510088614
714000,0.2660402226660549
715000,0.26604287012006367
716000,0.2660755805213779
717000,0.26608708146003185
718000,0.26611704892403626
719000,0.266126189769282
720000,0.266127737832262
721000,0.26612329698978354
722000,0.2661075866457161
723000,0.26610202357932844
724000,0.2661171107279927
725000,0.26614221528412446
726000,0.26616771790600974
727000,0.2661720899025452
728000,0.2661922140536242
729000,0.2661842372250551
730000,0.2661959967536207
731000,0.2661891740321416
732000,0.2661910309030981
733000,0.2661860464113036
734000,0.26618762174325133
735000,0.2661850107689078
736000,0.26618755743462913
737000,0.26616095018581476
738000,0.26614496192618
739000,0.2661099026812744
740000,0.2661312474731445
741000,0.2661315578641944
742000,0.266152286323253
743000,0.26618895174677687
744000,0.26624418119491616
745000,0.2662937416220238
746000,0.26631864970752295
747000,0.26631436071480746
748000,0.2663317426466395
749000,0.26633479872552607
750000,0.2663243354985045
751000,0.26633364467067167
752000,0.266316943511375
753000,0.26631900935702413
754000,0.2663215099038755
755000,0.2663196531665343
756000,0.26632379884721574
757000,0.2663294033245367
758000,0.26632930583405146
759000,0.26632128230667473
760000,0.2662999814063683
761000,0.26632284133542283
762000,0.2663493880285577
763000,0.2663733253082341
764000,0.26640256218144026
765000,0.2663942264147955
766000,0.2663932433039827
767000,0.2663765721647031
768000,0.2663567350930844
769000,0.26636493177041115
770000,0.2663685988954834
771000,0.26637307221220125
772000,0.26635896421821365
773000,0.2663712608616791
774000,0.2663772130753863
775000,0.26638645828089197
776000,0.2663952436431634
777000,0.26637687347267036
778000,0.2663619622133668
779000,0.2663484275125149
780000,0.2663453479655886
781000,0.26635795237673476
782000,0.2663681047818166
783000,0.2663572288262901
784000,0.26633272336949815
785000,0.2663081194321211
786000,0.2663087250489635
787000,0.26628223830169884
788000,0.2662699047802959
789000,0.2662399857124423
790000,0.2662237912345068
791000,0.2662264376711979
792000,0.2662492522787955
793000,0.2662449092349382
794000,0.26622796267460885
795000,0.26622658503300844
796000,0.2662261794846891
797000,0.26622768033117766
798000,0.26622226405994776
799000,0.26623094581670703
800000,0.2662306480521387
801000,0.266246713395665
802000,0.26627611580457905
803000,0.26633455710367226
804000,0.2663480770451018
805000,0.2663450232323837
806000,0.2663334517286805
807000,0.2663231250254446
808000,0.266323716679031
809000,0.2663319378128927
810000,0.266325496051918
811000,0.26632674227431336
812000,0.2663109250465712
813000,0.2662841779021892
814000,0.2662760457375534
815000,0.2662540285781984
816000,0.26623956195096427
817000,0.266210092272719
818000,0.2661863247962815
819000,0.2661455624965198
820000,0.2661218065170522
821000,0.2661185293961394
822000,0.2661433378493964
823000,0.26616833902892384
824000,0.26618574009867496
825000,0.2662001868626847
826000,0.26623067000213313
827000,0.26624550103584116
828000,0.26625954199225854
829000,0.2662551939343696
830000,0.2662487184616968
831000,0.26626251656794275
832000,0.26627848710194674
833000,0.2662809038390121
834000,0.2662495526493379
835000,0.26622805648997394
836000,0.26621555990981405
837000,0.2661993384914557
838000,0.2662127710827617
839000,0.2662228098122518
840000,0.2662204421108612
841000,0.2662230893930041
842000,0.2662093241790419
843000,0.26618927258333275
844000,0.2661680128948364
845000,0.26615242770296726
846000,0.2661644802385435
847000,0.26618437234352116
848000,0.26616195601062564
849000,0.2661378215867731
850000,0.26610025571281426
851000,0.2660909684324262
852000,0.26610314610661373
853000,0.26613258975067294
854000,0.2661381645096022
855000,0.2661615038919424
856000,0.2661828735726135
857000,0.2661798057895255
858000,0.2661705897983201
859000,0.2661566524969497
860000,0.2661161474147504
861000,0.2660919256780108
862000,0.2660675058139454
863000,0.26605719028397035
864000,0.2660467287951404
865000,0.2660504668422299
866000,0.26606193825863705
867000,0.2660669742389855
868000,0.26606868490126095
869000,0.2660545139414352
870000,0.26604589386120464
871000,0.26604407260682555
872000,0.26606641983290147
873000,0.2660809716457876
874000,0.2660888739341587
875000,0.26609314755314756
876000,0.26611582575415277
877000,0.2661065618275293
878000,0.2661034929072973
879000,0.2660977919953462
880000,0.2661063280446232
881000,0.26609948919285975
882000,0.2661338166193025
883000,0.26613395128615064
884000,0.26615079753891857
885000,0.26615111902094896
886000,0.2661773167346491
887000,0.2661996545231592
888000,0.2661992496516876
889000,0.2662008771888311
890000,0.26620011619907485
891000,0.26621264237267295
892000,0.26620437050841783
893000,0.2662160701862327
894000,0.266239621662947
895000,0.26626188106761095
896000,0.2662866993775302
897000,0.26631159038776764
898000,0.26633485477115726
899000,0.2663567332735267
900000,0.2663540459830591
901000,0.26635353027278524
902000,0.2663445882208471
903000,0.26633256492443924
904000,0.2663142983587509
905000,0.2663241145675565
906000,0.26632563019926375
907000,0.26631463535866284
908000,0.26630340119957857
909000,0.26632024140896066
910000,0.2663612135717134
911000,0.26639474012900655
912000,0.26642883715703636
913000,0.26643655993798704
914000,0.26642180960072015
915000,0.26640674353592103
916000,0.26641344220755214
917000,0.2664392514488269
918000,0.26645812765448107
919000,0.266468464567877
920000,0.2664818405725781
921000,0.2664988486209699
922000,0.26649912919431873
923000,0.2664651632956676
924000,0.26643655971202623
925000,0.2664285183911821
926000,0.26641770740052556
927000,0.26642310743805164
928000,0.2664150168723329
929000,0.26638486430654307
930000,0.26638937068041635
931000,0.2663908001140242
932000,0.2663923773998408
933000,0.2663925343193264
934000,0.26639466883056545
935000,0.2664080286713649
936000,0.26638634595723115
937000,0.2663782683669786
938000,0.26636373427677407
939000,0.2663767824226625
940000,0.26639370128638473
941000,0.26639829457297404
942000,0.26639804983936227
943000,0.2664227698524067
944000,0.26644009624124637
945000,0.26645431666728675
946000,0.2664592488469967
947000,0.26647307125608005
948000,0.26649063849678534
949000,0.2665107407365573
950000,0.2665076472476342
951000,0.2665083529266829
952000,0.2665123972900941
953000,0.26650708868635964
954000,0.26648570454152143
955000,0.266465767589718
956000,0.26643596067282643
957000,0.2664246702864448
958000,0.2663935294455399
959000,0.26636947721311954
960000,0.26636503062334144
961000,0.2663566251133523
962000,0.2663614203451553
963000,0.26635536617804256
964000,0.26635358901895445
965000,0.2663427249671074
966000,0.2663542741268293
967000,0.26638650138784975
968000,0.2664133352459785
969000,0.2664427359292894
970000,0.2664664748600549
971000,0.2664579056471182
972000,0.2664561870253615
973000,0.26645544337952515
974000,0.26646579273285637
975000,0.26647103671408356
976000,0.26647834270744447
977000,0.26648558178791065
978000,0.26651760655835155
979000,0.2665238768097416
980000,0.2665322728821811
981000,0.2665414108954883
982000,0.2665374171949364
983000,0.26652227850582144
984000,0.26650748609643593
985000,0.26648266584388486
986000,0.2664604555770422
987000,0.26642140771315714
988000,0.2663830631380381
989000,0.2663705167386807
990000,0.2663590474300466
991000,0.26636887949582866
992000,0.26636860341453195
993000,0.26638032328155453
994000,0.2663829399650336
995000,0.26638754939605147
996000,0.26639461456195135
997000,0.26639334885369326
998000,0.2663850313109661
999000,0.2663941347207515
1000000,0.2663976959229776
1001000,0.266387204702515
1002000,0.26640660483985157
1003000,0.2664145795518053
1004000,0.2664226525674811
1005000,0.26643949296386493
1006000,0.26647979117864307
1007000,0.2665032420451737
1008000,0.2665153784951095
1009000,0.26653075635627643
1010000,0.26653926185594634
1011000,0.2665623607089065
1012000,0.2665690897858887
1013000,0.2665834649054428
1014000,0.26659164518371803
1015000,0.26661349562449216
1016000,0.26664200234262725
1017000,0.2666559360867806
1018000,0.2666485233817471
1019000,0.26664786697274623
1020000,0.26664783727199776
1021000,0.2666497249936607
1022000,0.26664068366944177
1023000,0.2666047339370854
1024000,0.2665951896983799
1025000,0.26661277214659806
1026000,0.26663179043591695
1027000,0.2666523844464156
1028000,0.2666650393334519
1029000,0.26664950266440246
1030000,0.26665830974768806
1031000,0.2666574629331108
1032000,0.2666462448833073
1033000,0.26663404910821215
1034000,0.2666265576843116
1035000,0.2666170947941573
1036000,0.26660575114524876
1037000,0.26660061109940103
1038000,0.2665907970129608
1039000,0.2665820955854912
1040000,0.26658017624507263
1041000,0.26658854111168434
1042000,0.2666039543714425
1043000,0.26660457842699153
1044000,0.26661324391629776
1045000,0.26660190446821525
1046000,0.2666078636619007
1047000,0.266618270989122
1048000,0.26662978136403337
1049000,0.2666277427367699
1050000,0.2666042231038296
1051000,0.26659588324227934
1052000,0.26658247322221584
1053000,0.26657083785500724
1054000,0.2665635970900882
1055000,0.2665603316721045
1056000,0.26656995478632073
1057000,0.26658096466053843
1058000,0.2666018512240523
1059000,0.26661344707689044
1060000,0.26659869837093186
1061000,0.26659163674589137
1062000,0.26659876488938766
1063000,0.26658941686725135
1064000,0.266580273607194
1065000,0.2665684648277602
1066000,0.26656643676784036
1067000,0.26658740246324647
1068000,0.2665895107875174
1069000,0.26658999266954575
1070000,0.26657899053216105
1071000,0.26657379816136667
1072000,0.266547369195194
1073000,0.26654129379666824
1074000,0.2665372630981373
1075000,0.2665342571543057
1076000,0.26654366497854987
1077000,0.2665431731946225
1078000,0.2665487860408395
1079000,0.26654051245273447
1080000,0.2665487159883885
1081000,0.2665473358945272
1082000,0.26653875060680915
1083000,0.2665303683261746
1084000,0.26652145966406265
1085000,0.26651974470273904
1086000,0.26652920256726625
1087000,0.26654723154160265
1088000,0.26655719136713435
1089000,0.2665565905926073
1090000,0.2665434725663158
1091000,0.26652547414371797
1092000,0.266518039345632
1093000,0.26649352119933434
1094000,0.2664719738424329
1095000,0.266463151468243
1096000,0.2664556497511229
1097000,0.26644485131329343
1098000,0.2664143638188989
1099000,0.26637876253104203
1100000,0.26635679280927127
1101000,0.2663498187584055
1102000,0.2663460828488306
1103000,0.2663306155812983
1104000,0.266322734174615
1105000,0.26631511114010925
1106000,0.2663212309766501
1107000,0.266324978592446
1108000,0.26632542811876514
1109000,0.2663133222340413
1110000,0.2663102548428855
1111000,0.26631082830197944
1112000,0.2663244451036626
1113000,0.2663380759835921
1114000,0.26634242927451013
1115000,0.2663394455602839
1116000,0.26633257811387046
1117000,0.2663389789915291
1118000,0.26633145062348995
1119000,0.2663339311699389
1120000,0.2663300879924843
1121000,0.2663261858482786
1122000,0.2663242948437856
1123000,0.26632187588596845
1124000,0.26632138545000156
1125000,0.2663305995725173
1126000,0.26633102929570396
1127000,0.26633191477134344
1128000,0.26632848890497207
1129000,0.26632013987265013
1130000,0.26633253817513947
1131000,0.26635238405604394
1132000,0.26637779549830143
1133000,0.2664014840240708
1134000,0.2664037105100448
1135000,0.26640789835647344
1136000,0.2663978724219232
1137000,0.2664116182171206
1138000,0.266414004550475
1139000,0.26642230150405727
1140000,0.2664396427353335
1141000,0.2664469446433872
1142000,0.26646053891766397
1143000,0.2664677921657808
1144000,0.2664640393808641
1145000,0.2664588482743789
1146000,0.2664482332851792
1147000,0.2664469706158816
1148000,0.2664196226555928
1149000,0.26641168033896795
1150000,0.26641630185561416
1151000,0.2664342913399703
1152000,0.2664433793313852
1153000,0.2664401433442554
1154000,0.2664406929248
1155000,0.2664402578161879
1156000,0.26644142015746203
1157000,0.2664321604040828
1158000,0.26643043474413874
1159000,0.2664301296809673
1160000,0.2664386561138366
1161000,0.26645542425123586
1162000,0.26646516356236183
1163000,0.2664808570966582
1164000,0.26646989503429724
1165000,0.26646064166132266
1166000,0.2664268187048151
1167000,0.266420787277222
1168000,0.2664200168738234
1169000,0.2664036317029549
1170000,0.2663902545944477
1171000,0.2663690779655051
1172000,0.2663630900291765
1173000,0.2663530264828099
1174000,0.26634397577085456
