999,nan
1999,-0.0045625
2999,-0.0030234375
3999,-0.00021354167
4999,0.000765625
5999,0.00065
6999,0.00125
7999,0.00063839287
8999,0.0005039062
9999,0.00055729167
10999,0.0008875
11999,0.0016321023
12999,0.0014114584
13999,0.0018822115
14999,0.00203125
15999,0.0022197918
16999,0.0019404297
17999,0.0018005514
18999,0.0019982639
19999,0.0017590461
20999,0.0017945312
21999,0.0020066965
22999,0.002022017
23999,0.0021277175
24999,0.0019772134
25999,0.00210875
26999,0.0020384616
27999,0.0018153936
28999,0.0018381696
29999,0.0019375
30999,0.0019786458
31999,0.002018145
32999,0.001871582
33999,0.0021595643
34999,0.002292739
35999,0.002313393
36999,0.002467882
37999,0.0024805744
38999,0.0026755757
39999,0.0030404648
40999,0.0029867187
41999,0.00294093
42999,0.0028563987
43999,0.002855378
44999,0.002871804
45999,0.0029586805
46999,0.0029463316
47999,0.00288996
48999,0.0029811198
49999,0.002960459
50999,0.0028334374
51999,0.0028112745
52999,0.0027274638
53999,0.0026895637
54999,0.0026006945
55999,0.0026573865
56999,0.0026816407
57999,0.0028015352
58999,0.0026697197
59999,0.0025722987
60999,0.002542448
61999,0.0025166497
62999,0.002624748
63999,0.0025369544
64999,0.0025375977
65999,0.002556971
66999,0.0025492425
67999,0.002496735
68999,0.0025068934
69999,0.0025686142
70999,0.0025448662
71999,0.0026419454
72999,0.0026132814
73999,0.002646404
74999,0.002715794
75999,0.0026339584
76999,0.0025814145
77999,0.002463677
78999,0.0024473157
79999,0.00253125
80999,0.002633789
81999,0.0026226852
82999,0.0026880717
83999,0.0027430346
84999,0.0027909225
85999,0.002810478
86999,0.0028028707
87999,0.0027519756
88999,0.0028433949
89999,0.0028476124
90999,0.0028079862
91999,0.002781937
92999,0.0027778533
93999,0.0028185484
94999,0.0028194813
95999,0.0028225328
96999,0.002826823
97999,0.0027920424
98999,0.002772481
99999,0.0026987058
100999,0.00277375
101999,0.00281513
102999,0.002813266
103999,0.0028435984
104999,0.0028960337
105999,0.0028480655
106999,0.0029254127
107999,0.0028566006
108999,0.0028483795
109999,0.0028828841
110999,0.0029335227
111999,0.0029153998
112999,0.00296875
113999,0.0029362554
114999,0.0029124178
115999,0.0028760869
116999,0.0028523707
117999,0.0028899573
118999,0.002888109
119999,0.002835478
120999,0.00284388
121999,0.002834194
122999,0.0028376025
123999,0.0027795986
124999,0.002767641
125999,0.0027885
126999,0.0028092759
127999,0.002804257
128999,0.0028125
129999,0.0027976017
130999,0.0027657452
131999,0.0027622853
132999,0.00276598
133999,0.0027738486
134999,0.0027117538
135999,0.0026818288
136999,0.0026930147
137999,0.002687614
138999,0.0026855753
139999,0.0026986287
140999,0.0026610491
141999,0.0026766402
142999,0.0026300617
143999,0.0025537587
144999,0.0025335287
145999,0.0025957974
146999,0.0025743793
147999,0.0025604805
148999,0.0024898648
149999,0.0024454698
150999,0.0025132291
151999,0.0025636381
152999,0.0025236432
153999,0.0025003063
154999,0.0024974635
155999,0.0025414315
156999,0.0025321515
157999,0.002473129
158999,0.0024818038
159999,0.002487323
160999,0.0025061523
161999,0.002472632
162999,0.0025050153
163999,0.0025124617
164999,0.0025556402
165999,0.0025395832
166999,0.0025286144
167999,0.0025079527
168999,0.0025036272
169999,0.0024493344
170999,0.002438603
171999,0.0024825474
172999,0.0024767441
173999,0.002496026
174999,0.0025078126
175999,0.0024816964
176999,0.002508345
177999,0.002493997
178999,0.0024904318
179999,0.0025350908
180999,0.0024890625
181999,0.0024990505
182999,0.002482744
183999,0.0024591018
184999,0.0024309612
185999,0.0024264357
186999,0.0024496808
187999,0.002514873
188999,0.002505236
189999,0.0024931382
190999,0.0024963815
191999,0.002483475
192999,0.0024281412
193999,0.002433533
194999,0.0024391108
195999,0.0024542469
196999,0.0024221141
197999,0.0024064085
198999,0.0023917297
199999,0.0023618091
200999,0.0023279688
201999,0.0023406406
202999,0.0023497061
203999,0.0023348983
204999,0.0022850796
205999,0.0022936738
206999,0.0023023363
207999,0.0022887983
208999,0.0022891376
209999,0.0022779605
210999,0.0022962797
211999,0.0023376776
212999,0.0023292305
213999,0.0023222566
214999,0.0022976052
215999,0.0023331395
216999,0.0023224826
217999,0.0023358294
218999,0.00231207
219999,0.0022924514
220999,0.0022901988
221999,0.0022432127
222999,0.002246481
223999,0.002265625
224999,0.0022677875
225999,0.0022652778
226999,0.0022639658
227999,0.0022778083
228999,0.0022539748
229999,0.0022180676
230999,0.002219905
231999,0.0021755951
232999,0.002154701
233999,0.002169796
234999,0.002133881
235999,0.002142819
236999,0.002156515
237999,0.0021559203
238999,0.0021638656
239999,0.002166318
240999,0.002158789
241999,0.0021701246
242999,0.0021457258
243999,0.0021349022
244999,0.0021072617
245999,0.0021237244
246999,0.0021255082
247999,0.0021231023
248999,0.002124622
249999,0.0021082454
250999,0.00209175
251999,0.0020687252
252999,0.002077257
253999,0.0020917738
254999,0.0021010705
255999,0.0021110293
256999,0.002067749
257999,0.0020511309
258999,0.0020487525
259999,0.0020372828
260999,0.0020296874
261999,0.0020293943
262999,0.0020373927
263999,0.002055549
264999,0.0020488282
265999,0.0020275943
266999,0.0020219102
267999,0.0019798104
268999,0.0020025652
269999,0.0019862338
270999,0.001961169
271999,0.0019565267
272999,0.001981273
273999,0.001987523
274999,0.00198198
275999,0.001977841
276999,0.0019648438
277999,0.0019675654
278999,0.0019735275
279999,0.0019893593
280999,0.001986328
281999,0.0019741438
282999,0.0019563388
283999,0.0019649405
284999,0.0019536202
285999,0.0019307566
286999,0.0019425808
287999,0.0019382078
288999,0.0019203017
289999,0.001924416
290999,0.0018987608
291999,0.0018955648
292999,0.0018975278
293999,0.0018951579
294999,0.0018646896
295999,0.0018694915
296999,0.0018888302
297999,0.0018994107
298999,0.0019040478
299999,0.0018897889
300999,0.0018858333
301999,0.0018607766
302999,0.0018607202
303999,0.0018756188
304999,0.0018891344
305999,0.0018843238
306999,0.0018910846
307999,0.0018815147
308999,0.001889306
309999,0.0018776294
310999,0.0018678932
311999,0.0018775623
312999,0.0018584735
313999,0.001846895
314999,0.0018313595
315999,0.0018338293
316999,0.0018235265
317999,0.0018157532
318999,0.0018173152
319999,0.0018246473
320999,0.0018074707
321999,0.0017896709
322999,0.0017813955
323999,0.0017768963
324999,0.0017991416
325999,0.0017960096
326999,0.0018046396
327999,0.001775755
328999,0.0017714844
329999,0.0017816775
330999,0.0017715435
331999,0.0017888501
332999,0.0017781438
333999,0.0017807338
334999,0.0017783495
335999,0.0017903917
336999,0.0017685082
337999,0.0017836146
338999,0.0017955806
339999,0.001811486
340999,0.0018142003
341999,0.0018077805
342999,0.0018363487
343999,0.0018406068
344999,0.0018306687
345999,0.0018307518
346999,0.001853414
347999,0.0018618515
348999,0.00186162
349999,0.0018777758
350999,0.0018641518
351999,0.001862046
352999,0.0018442827
353999,0.0018506993
354999,0.0018405279
355999,0.0018345071
356999,0.0018316362
357999,0.0018292629
358999,0.001853963
359999,0.0018433147
360999,0.0018562934
361999,0.0018455245
362999,0.0018287725
363999,0.0018173209
364999,0.0018096669
365999,0.0018169949
366999,0.001824667
367999,0.0018354054
368999,0.0018304603
369999,0.0018168614
370999,0.0018124155
371999,0.0018274512
372999,0.0018329133
373999,0.0018432054
374999,0.0018362299
375999,0.0018476667
376999,0.0018453291
377999,0.0018276277
378999,0.0018183284
379999,0.0018162105
380999,0.0018092105
381999,0.0017935121
382999,0.0018017833
383999,0.0018204144
384999,0.0018233235
385999,0.001820414
386999,0.0018161836
387999,0.0018092296
388999,0.0017975193
389999,0.0018037435
390999,0.0017936699
391999,0.0017969549
392999,0.0018059232
393999,0.0018019243
394999,0.0018243575
395999,0.0018246045
396999,0.0018115925
397999,0.0018283612
398999,0.001833739
399999,0.0018335291
400999,0.0018389453
401999,0.0018499454
402999,0.0018441776
403999,0.0018505738
404999,0.0018459546
405999,0.0018375386
406999,0.0018469827
407999,0.0018531941
408999,0.0018471584
409999,0.0018420309
410999,0.0018658917
411999,0.0018565237
412999,0.0018451911
413999,0.0018504086
414999,0.0018618281
415999,0.0018674699
416999,0.0018754131
417999,0.0018696793
418999,0.0018660288
419999,0.001861053
420999,0.0018540922
421999,0.001861342
422999,0.0018659657
423999,0.001876256
424999,0.0018772479
425999,0.00189
426999,0.0018944762
427999,0.0018950161
428999,0.0019038406
429999,0.0019119318
430999,0.0019136991
431999,0.0019135006
432999,0.0019033926
433999,0.0018826501
434999,0.0018690237
435999,0.0018619252
436999,0.0018522434
437999,0.0018612343
438999,0.0018652611
439999,0.0018499431
440999,0.001856534
441999,0.0018466199
442999,0.001842442
443999,0.0018587754
444999,0.0018574747
445999,0.001848104
446999,0.001849986
447999,0.0018512654
448999,0.0018722098
449999,0.001874478
450999,0.0018684375
451999,0.0018749307
452999,0.001867464
453999,0.0018747585
454999,0.0018711798
455999,0.0018752747
456999,0.0018663309
457999,0.0018549303
458999,0.0018565775
459999,0.0018631876
460999,0.0018659646
461999,0.0018470038
462999,0.0018474364
463999,0.0018554941
464999,0.0018560749
465999,0.0018646842
466999,0.0018623928
467999,0.0018649291
468999,0.0018561699
469999,0.0018545776
470999,0.0018538897
471999,0.0018558586
472999,0.0018531184
473999,0.0018697146
474999,0.0018787249
475999,0.0018826316
476999,0.001898339
477999,0.0019002883
478999,0.001901118
479999,0.0019007372
480999,0.0018950196
481999,0.0018976091
482999,0.0018987617
483999,0.0019019151
484999,0.0019005036
485999,0.0019095038
486999,0.001926151
487999,0.0019205596
488999,0.0019138383
489999,0.0019215235
490999,0.0019229273
491999,0.0019343495
492999,0.0019326092
493999,0.0019322706
494999,0.0019337994
495999,0.0019132892
496999,0.0019079196
497999,0.0019004024
498999,0.0019036458
499999,0.001902837
500999,0.0018900625
501999,0.0018914047
502999,0.0018910607
503999,0.0018931723
504999,0.0019022818
505999,0.001905229
506999,0.0018924777
507999,0.001892659
508999,0.0018966536
509999,0.0018962426
510999,0.0018950368
511999,0.0018889433
512999,0.0018913269
513999,0.0018915996
514999,0.0018777663
515999,0.0018689927
516999,0.0018626454
517999,0.001860312
518999,0.001864533
519999,0.0018619641
520999,0.0018629808
521999,0.001868612
522999,0.0018661398
523999,0.0018765237
524999,0.0018592259
525999,0.001864494
526999,0.001875297
527999,0.0018776091
528999,0.0018753551
529999,0.0018787512
530999,0.0018875
531999,0.0018812089
532999,0.0018878642
533999,0.0018738568
534999,0.0018722203
535999,0.0018639603
536999,0.001858588
537999,0.0018475617
538999,0.0018594912
539999,0.0018598388
540999,0.0018566551
541999,0.0018494974
542999,0.0018429428
543999,0.0018432608
544999,0.0018454159
545999,0.001828641
546999,0.0018359375
547999,0.0018258684
548999,0.0018256729
549999,0.0018348418
550999,0.0018257386
551999,0.0018267639
552999,0.0018302196
553999,0.0018210612
554999,0.0018110333
555999,0.0018088401
556999,0.0018019053
557999,0.0017930318
558999,0.0018048835
559999,0.0018216122
560999,0.001825279
561999,0.0018302696
562999,0.0018229537
563999,0.001819133
564999,0.0018116134
565999,0.0018059182
566999,0.0018057642
567999,0.0018148975
568999,0.001815471
569999,0.0018199418
570999,0.0018055921
571999,0.0018123905
572999,0.0018207222
573999,0.0018200534
574999,0.0018065386
575999,0.0018157337
576999,0.0018051758
577999,0.0018106586
578999,0.0018099048
579999,0.0017975497
580999,0.0017901132
581999,0.0017919267
582999,0.0017924184
583999,0.0017709852
584999,0.0017603007
585999,0.0017489316
586999,0.0017498133
587999,0.0017595293
588999,0.0017665285
589999,0.0017720183
590999,0.0017633474
591999,0.0017644882
592999,0.0017705342
593999,0.0017721596
594999,0.0017702021
595999,0.0017682773
596999,0.0017723102
597999,0.0017596314
598999,0.0017491638
599999,0.0017391747
600999,0.0017430208
601999,0.0017459443
602999,0.0017353873
603999,0.0017172212
604999,0.0017059189
605999,0.0016919164
606999,0.0016884798
607999,0.0016866248
608999,0.0016885536
609999,0.0016840107
610999,0.0016740266
611999,0.0016899039
612999,0.001695287
613999,0.001699429
614999,0.0017045755
615999,0.0017044208
616999,0.0017017046
617999,0.0017128747
618999,0.0017077771
619999,0.0017167307
620999,0.0017142642
621999,0.001708736
622999,0.0017078477
623999,0.0017014696
624999,0.0016926333
625999,0.0016907
626999,0.0017042483
627999,0.0017178529
628999,0.0017227557
629999,0.0017262023
630999,0.0017348959
631999,0.00174688
632999,0.0017517554
633999,0.0017427428
634999,0.0017314669
635999,0.0017230315
636999,0.0017104462
637999,0.0017020457
638999,0.0016923246
639999,0.0017047877
640999,0.0017043946
641999,0.0017081709
642999,0.0017075789
643999,0.0017049476
644999,0.0016913577
645999,0.0016946463
646999,0.001692023
647999,0.001699744
648999,0.0017042583
649999,0.0017048344
650999,0.0017082692
651999,0.0017125336
652999,0.0017189177
653999,0.0017221478
654999,0.0017266102
655999,0.0017246184
656999,0.00172873
657999,0.0017245053
658999,0.0017271324
659999,0.0017349441
660999,0.0017494082
661999,0.0017406865
662999,0.0017410782
663999,0.001736496
664999,0.0017405638
665999,0.0017415413
666999,0.001747607
667999,0.0017413091
668999,0.0017407138
669999,0.0017416853
670999,0.0017488806
671999,0.0017468098
672999,0.0017513253
673999,0.0017492571
674999,0.0017520864
675999,0.0017580555
676999,0.0017671736
677999,0.0017686253
678999,0.0017670308
679999,0.0017726206
680999,0.0017868336
681999,0.0017853111
682999,0.0017905288
683999,0.001785711
684999,0.0017924433
685999,0.0017941834
686999,0.0018020454
687999,0.0017958743
688999,0.0017872683
689999,0.0017878265
690999,0.0017893342
691999,0.0018002894
692999,0.0018059971
693999,0.0018048115
694999,0.0018034717
695999,0.0018013489
696999,0.0018058548
697999,0.0018022103
698999,0.0017981062
699999,0.0017914878
700999,0.0017934821
701999,0.0017829663
702999,0.0018028402
703999,0.0018049431
704999,0.0018088379
705999,0.0018103059
706999,0.0018091802
707999,0.0018108867
708999,0.0018084834
709999,0.0018201693
710999,0.0018134243
711999,0.001818939
712999,0.0018206856
713999,0.0018291111
714999,0.0018307073
715999,0.0018310096
716999,0.0018282996
717999,0.0018330283
718999,0.0018343271
719999,0.0018319932
720999,0.0018365885
721999,0.0018485826
722999,0.0018481865
723999,0.0018536912
724999,0.0018531812
725999,0.0018512069
726999,0.0018451705
727999,0.0018472963
728999,0.001836517
729999,0.0018410066
730999,0.0018486301
731999,0.0018471272
732999,0.0018469732
733999,0.001843473
734999,0.0018380876
735999,0.0018404124
736999,0.0018416058
737999,0.001843962
738999,0.0018381394
739999,0.0018444689
740999,0.0018588048
741999,0.0018522056
742999,0.0018616703
743999,0.0018663568
744999,0.001874034
745999,0.001870302
746999,0.001873115
747999,0.0018729501
748999,0.0018758982
749999,0.0018695344
750999,0.0018719792
751999,0.0018720456
752999,0.001874813
753999,0.0018773241
754999,0.00188188
755999,0.0018800703
756999,0.0018710317
757999,0.00187178
758999,0.0018824002
759999,0.0018884634
760999,0.0018931333
761999,0.0018924319
762999,0.0018876927
763999,0.0018895396
764999,0.0018842237
765999,0.0018909109
766999,0.0018914817
767999,0.0018875082
768999,0.0018870035
769999,0.0018900967
770999,0.0018941964
771999,0.0018929961
772999,0.0018984172
773999,0.0019045521
774999,0.0018944606
775999,0.0018955645
776999,0.001888833
777999,0.0018937219
778999,0.0018948426
779999,0.001899651
780999,0.0018926081
781999,0.0018878041
782999,0.0018840313
783999,0.0018839799
784999,0.0018872768
785999,0.0018800359
786999,0.0018792541
787999,0.0018850262
788999,0.0018829711
789999,0.001888407
790999,0.0018868671
791999,0.0018921657
792999,0.0018918087
793999,0.0018891472
794999,0.0018953283
795999,0.0018909002
796999,0.001904876
797999,0.0018899193
798999,0.0019039786
799999,0.001913466
800999,0.0019181055
801999,0.0019175835
802999,0.0019119973
803999,0.0019157067
804999,0.0019178133
805999,0.0019153727
806999,0.0019183662
807999,0.0019195903
808999,0.0019185102
809999,0.001918553
810999,0.001918615
811999,0.0019195823
812999,0.0019125424
813999,0.0019067689
814999,0.0019035243
815999,0.0018904525
816999,0.0018830997
817999,0.0018819806
818999,0.0018779989
819999,0.0018939446
820999,0.0018879764
821999,0.001893689
822999,0.0019017069
823999,0.0019066867
824999,0.0019091892
825999,0.0019004735
826999,0.0018995724
827999,0.0019036994
828999,0.001911949
829999,0.0019084364
830999,0.001900979
831999,0.0018936147
832999,0.0018859488
833999,0.0018860294
834999,0.0018886765
835999,0.0018930576
836999,0.0018934659
837999,0.0018979989
838999,0.0018994444
839999,0.0018892469
840999,0.0018793712
841999,0.0018747585
842999,0.0018801031
843999,0.0018797079
844999,0.0018822942
845999,0.0018756102
846999,0.0018671321
847999,0.0018651675
848999,0.0018696565
849999,0.0018866314
850999,0.0018882537
851999,0.0018834092
852999,0.0018887911
853999,0.0018893061
854999,0.001885502
855999,0.0018828217
856999,0.0018738683
857999,0.001865428
858999,0.0018662224
859999,0.001860048
860999,0.0018619912
861999,0.0018610446
862999,0.0018594475
863999,0.0018605157
864999,0.0018600803
865999,0.0018574783
866999,0.0018518873
867999,0.001851914
868999,0.0018588529
869999,0.0018671425
870999,0.0018681573
871999,0.0018696003
872999,0.0018643922
873999,0.0018680735
874999,0.0018658288
875999,0.0018662857
876999,0.0018621219
877999,0.0018682297
878999,0.0018715832
879999,0.0018825369
880999,0.0018771129
881999,0.0018860493
882999,0.001884088
883999,0.0018833345
884999,0.0018811157
885999,0.0018873058
886999,0.0018923709
887999,0.0018878242
888999,0.0018900796
889999,0.0018949487
890999,0.0018970155
891999,0.0018954125
892999,0.0019011701
893999,0.0019021732
894999,0.0019031565
895999,0.0019067039
896999,0.0019107666
897999,0.0019070513
898999,0.001907381
899999,0.001904008
900999,0.0019036805
901999,0.0018977872
902999,0.0019074626
903999,0.0018985326
904999,0.0018943584
905999,0.0018894337
906999,0.0018945226
907999,0.001903373
908999,0.0019081945
909999,0.0019102895
910999,0.001907761
911999,0.0019095088
912999,0.0019119037
913999,0.0019186918
914999,0.0019206271
915999,0.001915625
916999,0.0019203057
917999,0.0019253851
918999,0.0019213133
919999,0.0019114696
920999,0.001913536
921999,0.0019102708
922999,0.0019036232
923999,0.0019021702
924999,0.0018950893
925999,0.0018912838
926999,0.001890355
927999,0.0018923949
928999,0.0018929149
929999,0.0018940057
930999,0.0018901041
931999,0.0018946193
932999,0.0018925194
933999,0.0018873091
934999,0.0018860413
935999,0.001885996
936999,0.0018861511
937999,0.0018924093
938999,0.0018961721
939999,0.0018997105
940999,0.0019075132
941999,0.0019087241
942999,0.0019106622
943999,0.0019087188
944999,0.0019089645
945999,0.0019155258
946999,0.0019164905
947999,0.0019165622
948999,0.001913667
949999,0.0019136756
950999,0.0019083881
951999,0.0019004338
952999,0.0018966157
953999,0.0018921989
954999,0.0018924266
955999,0.001886322
956999,0.001882649
957999,0.0018805022
958999,0.0018813283
959999,0.0018815009
960999,0.0018757324
961999,0.0018756179
962999,0.0018745452
963999,0.0018863578
964999,0.001887513
965999,0.0018926975
966999,0.0018928571
967999,0.0018907058
968999,0.0018904152
969999,0.001889722
970999,0.0018911727
971999,0.001892202
972999,0.0018879886
973999,0.0018947038
974999,0.0018956141
975999,0.0018989103
976999,0.0018991579
977999,0.001899453
978999,0.0018997156
979999,0.001894615
980999,0.0018930326
981999,0.0018974261
982999,0.0018817942
983999,0.0018762875
984999,0.0018744125
985999,0.0018711295
986999,0.0018750951
987999,0.001877058
988999,0.0018780681
989999,0.0018740047
990999,0.0018757733
991999,0.0018819374
992999,0.0018843089
993999,0.0018787608
994999,0.0018691367
995999,0.0018692525
996999,0.0018722389
997999,0.001869405
998999,0.0018711016
999999,0.0018781751
1000999,0.0018791562
1001999,0.00188371
1002999,0.0018931512
1003999,0.0018983674
1004999,0.0019050206
1005999,0.0019053327
1006999,0.0019064053
1007999,0.0019059862
1008999,0.0019165581
1009999,0.001925158
1010999,0.0019245668
1011999,0.0019281034
1012999,0.0019323276
1013999,0.0019328572
1014999,0.001930119
1015999,0.0019239994
1016999,0.0019225209
1017999,0.0019240567
1018999,0.0019180225
1019999,0.0019098994
1020999,0.0019095282
1021999,0.001916733
1022999,0.0019180223
1023999,0.001918637
1024999,0.0019203643
1025999,0.0019216158
1026999,0.0019136665
1027999,0.0019187409
1028999,0.0019162968
1029999,0.0019181396
1030999,0.0019178701
1031999,0.0019160099
1032999,0.0019144259
1033999,0.0019158549
1034999,0.001914123
1035999,0.0019081974
1036999,0.0019120113
1037999,0.0019144467
1038999,0.0019134755
1039999,0.0019147769
1040999,0.0019168119
1041999,0.0019149856
1042999,0.0019192358
1043999,0.0019258449
1044999,0.0019299419
1045999,0.0019250897
1046999,0.0019242651
1047999,0.0019259491
1048999,0.0019222328
1049999,0.0019219047
1050999,0.0019185268
1051999,0.0019143375
1052999,0.0019195282
1053999,0.0019232105
1054999,0.0019257887
1055999,0.0019286433
1056999,0.0019277196
1057999,0.0019267976
1058999,0.0019297318
1059999,0.0019309637
1060999,0.0019330484
1061999,0.0019277362
1062999,0.0019271421
1063999,0.0019313706
1064999,0.0019302014
1065999,0.0019290493
1066999,0.0019299514
1067999,0.0019232808
1068999,0.0019203388
1069999,0.001913719
1070999,0.0019133908
1071999,0.0019127714
1072999,0.0019172837
1073999,0.0019139096
1074999,0.0019136842
1075999,0.0019065262
1076999,0.0019071358
1077999,0.0019186398
1078999,0.0019145263
1079999,0.0019068582
1080999,0.0019055556
1081999,0.0019089241
1082999,0.0019113476
1083999,0.0019105062
1084999,0.0019129382
1085999,0.001912788
1086999,0.0019091851
1087999,0.0019065806
1088999,0.0018993997
1089999,0.001899076
1090999,0.0018965596
1091999,0.0018891069
1092999,0.0018863324
1093999,0.0018780736
1094999,0.0018792847
1095999,0.0018762843
1096999,0.0018728615
1097999,0.001877108
1098999,0.0018760958
1099999,0.0018702656
1100999,0.0018681961
1101999,0.0018681312
1102999,0.0018640823
1103999,0.0018689936
1104999,0.001869169
1105999,0.001869259
1106999,0.0018674277
1107999,0.0018611534
1108999,0.001855229
1109999,0.0018662083
1110999,0.0018666807
1111999,0.0018638895
1112999,0.0018639979
1113999,0.0018574377
1114999,0.0018576498
1115999,0.0018532792
1116999,0.0018532146
1117999,0.0018523668
1118999,0.001851213
1119999,0.0018520443
1120999,0.0018490513
1121999,0.0018484473
1122999,0.0018514371
1123999,0.0018536426
1124999,0.0018491158
1125999,0.0018514862
1126999,0.001850161
1127999,0.0018547582
1128999,0.0018622839
1129999,0.0018713048
1130999,0.0018695105
1131999,0.0018645558
1132999,0.0018627153
1133999,0.0018654016
1134999,0.0018705219
1135999,0.0018689702
1136999,0.0018656745
1137999,0.001874574
1138999,0.0018721715
1139999,0.0018781141
1140999,0.0018783854
1141999,0.0018776978
1142999,0.0018799119
1143999,0.0018789644
1144999,0.0018793433
1145999,0.0018788346
1146999,0.001880781
1147999,0.0018800675
1148999,0.001890135
1149999,0.0018884356
1150999,0.0018883559
1151999,0.0018901092
1152999,0.0018892823
1153999,0.0018902456
1154999,0.0018873619
1155999,0.0018839827
1156999,0.0018870701
1157999,0.0018944603
1158999,0.0018961031
1159999,0.0018998329
1160999,0.001896902
1161999,0.0018927648
1162999,0.0018888231
1163999,0.0018867019
1164999,0.0018870275
1165999,0.0018883181
1166999,0.00188032
1167999,0.0018841715
1168999,0.0018789731
1169999,0.0018776198
1170999,0.0018844017
1171999,0.0018804574
1172999,0.0018762666
1173999,0.0018787564
