1000,13.70400357246399
2000,29.25488305091858
3000,44.80372643470764
4000,60.260520458221436
5000,75.57743120193481
6000,90.94793009757996
7000,106.23506498336792
8000,121.5840859413147
9000,136.8977451324463
10000,152.44999527931213
11000,167.75794005393982
12000,183.14149713516235
13000,198.47216534614563
14000,213.7992503643036
15000,229.10209107398987
16000,244.48821139335632
17000,259.801212310791
18000,275.1606776714325
19000,290.4858281612396
20000,306.05532932281494
21000,321.3571093082428
22000,336.74048829078674
23000,352.03698682785034
24000,367.40844106674194
25000,382.73647713661194
26000,398.0912172794342
27000,413.3698070049286
28000,428.7239191532135
29000,444.0064172744751
30000,459.6069793701172
31000,474.9230697154999
32000,490.3397948741913
33000,505.62306237220764
34000,520.993723154068
35000,536.2890121936798
36000,551.6661055088043
37000,567.0067238807678
38000,582.4125509262085
39000,597.6986649036407
40000,613.2676291465759
41000,628.5608336925507
42000,643.9467694759369
43000,659.276956319809
44000,674.6444566249847
45000,689.9549524784088
46000,705.3354885578156
47000,720.658326625824
48000,736.0375273227692
49000,751.3731865882874
50000,767.0088167190552
51000,782.3317627906799
52000,797.7356395721436
53000,813.0660436153412
54000,828.4781572818756
55000,843.7774202823639
56000,859.1691727638245
57000,874.496205329895
58000,889.8998579978943
59000,905.210125207901
60000,920.815372467041
61000,936.1117577552795
62000,951.4807171821594
63000,966.8000066280365
64000,982.1887199878693
65000,997.477712392807
66000,1012.8445730209351
67000,1028.178750038147
68000,1043.582347393036
69000,1058.883738040924
70000,1074.5014853477478
71000,1089.7998702526093
72000,1105.2063467502594
73000,1120.5194170475006
74000,1135.9223124980927
75000,1151.258864402771
76000,1166.636492729187
77000,1181.971507549286
78000,1197.3650510311127
79000,1212.6808536052704
80000,1228.2617433071136
81000,1243.5776059627533
82000,1258.9701957702637
83000,1274.2881858348846
84000,1289.6633093357086
85000,1304.9754242897034
86000,1320.3867666721344
87000,1335.698653459549
88000,1351.0944402217865
89000,1366.3924515247345
90000,1382.0170485973358
91000,1397.3406324386597
92000,1412.747761964798
93000,1428.0729188919067
94000,1443.525047302246
95000,1458.8593344688416
96000,1474.2389430999756
97000,1489.570573091507
98000,1505.0136542320251
99000,1520.3904581069946
100000,1535.9488673210144
101000,1551.275380373001
102000,1566.703248500824
103000,1582.0122814178467
104000,1597.3986241817474
105000,1612.7253050804138
106000,1628.1123673915863
107000,1643.4334816932678
108000,1658.82630443573
109000,1674.195144891739
110000,1689.7695105075836
111000,1705.1035397052765
112000,1720.5080873966217
113000,1735.8568778038025
114000,1751.2854294776917
115000,1766.6037566661835
116000,1781.9894707202911
117000,1797.3130102157593
118000,1812.7128474712372
119000,1828.0599086284637
120000,1843.6238162517548
121000,1858.958508491516
122000,1874.3344225883484
123000,1889.6627819538116
124000,1905.053094625473
125000,1920.3676187992096
126000,1935.7910840511322
127000,1951.115382194519
128000,1966.4728791713715
129000,1981.7802386283875
130000,1997.3603041172028
131000,2012.6910076141357
132000,2028.0899596214294
133000,2043.4519708156586
134000,2058.8518908023834
135000,2074.1936683654785
136000,2089.6027369499207
137000,2104.927020549774
138000,2120.315506219864
139000,2135.6364595890045
140000,2151.2067742347717
141000,2166.5365438461304
142000,2181.9301772117615
143000,2197.2508084774017
144000,2212.648195505142
145000,2227.9555644989014
146000,2243.3608417510986
147000,2258.684562921524
148000,2274.0953357219696
149000,2289.395124435425
150000,2304.9381840229034
151000,2320.243671655655
152000,2335.643579483032
153000,2350.9528291225433
154000,2366.3418765068054
155000,2381.6673510074615
156000,2397.052303791046
157000,2412.3411655426025
158000,2427.7246968746185
159000,2443.0402364730835
160000,2458.6201729774475
161000,2473.9295570850372
162000,2489.336151123047
163000,2504.6757929325104
164000,2520.0529792308807
165000,2535.3489305973053
166000,2550.759442806244
167000,2566.0650341510773
168000,2581.4492065906525
169000,2596.7636103630066
170000,2612.3219363689423
171000,2627.623279809952
172000,2643.028023004532
173000,2658.3459260463715
174000,2673.7087075710297
175000,2689.000030040741
176000,2704.3949902057648
177000,2719.7379944324493
178000,2735.118606567383
179000,2750.4169347286224
180000,2765.966936826706
181000,2781.2579514980316
182000,2796.671576023102
183000,2811.9919941425323
184000,2827.3852877616882
185000,2842.6850225925446
186000,2858.0611486434937
187000,2873.393785715103
188000,2888.7996315956116
189000,2904.112532377243
190000,2919.694287776947
191000,2935.001597881317
192000,2950.408274412155
193000,2965.716719865799
194000,2981.1308965682983
195000,2996.47292304039
196000,3011.8652019500732
197000,3027.15549659729
198000,3042.5694646835327
199000,3057.92028093338
200000,3073.5993390083313
201000,3088.9017918109894
202000,3104.296168088913
203000,3119.6258301734924
204000,3134.9984233379364
205000,3150.3154928684235
206000,3165.70494055748
207000,3181.023200273514
208000,3196.413603782654
209000,3211.752177476883
210000,3227.3608849048615
211000,3242.672558069229
212000,3258.0627012252808
213000,3273.3998506069183
214000,3288.8146076202393
215000,3304.152128458023
216000,3319.5358905792236
217000,3334.83669757843
218000,3350.2295331954956
219000,3365.5354418754578
220000,3381.139859199524
221000,3396.4613783359528
222000,3411.848871946335
223000,3427.1821467876434
224000,3442.5870435237885
225000,3457.9515969753265
226000,3473.34890460968
227000,3488.6840970516205
228000,3504.062928199768
229000,3519.402206659317
230000,3535.0083708763123
231000,3550.3371210098267
232000,3565.7632627487183
233000,3581.1235086917877
234000,3596.5151574611664
235000,3611.8278918266296
236000,3627.22354722023
237000,3642.52188038826
238000,3657.929748058319
239000,3673.2588200569153
240000,3688.853145122528
241000,3704.1397047042847
242000,3719.556955575943
243000,3734.8811223506927
244000,3750.277491569519
245000,3765.5954909324646
246000,3781.0035152435303
247000,3796.330869913101
248000,3811.694121837616
249000,3827.021962404251
250000,3842.6035373210907
251000,3857.9364681243896
252000,3873.356942176819
253000,3888.6760182380676
254000,3904.068183660507
255000,3919.388807296753
256000,3934.7847735881805
257000,3950.088114500046
258000,3965.478469848633
259000,3980.787365436554
260000,3996.3930304050446
261000,4011.7147059440613
262000,4027.1234052181244
263000,4042.466542005539
264000,4057.864974975586
265000,4073.170362472534
266000,4088.582155942917
267000,4103.875069856644
268000,4119.283308267593
269000,4134.618663787842
270000,4150.208948373795
271000,4165.546577215195
272000,4180.9192452430725
273000,4196.260811805725
274000,4211.669643163681
275000,4226.99432516098
276000,4242.385885953903
277000,4257.673593521118
278000,4273.037586212158
279000,4288.360201597214
280000,4303.883877754211
281000,4319.192302703857
282000,4334.597066402435
283000,4349.906909704208
284000,4365.298512458801
285000,4380.631947755814
286000,4396.017831802368
287000,4411.321100234985
288000,4426.726471662521
289000,4442.0149874687195
290000,4457.59512090683
291000,4472.926322937012
292000,4488.334049463272
293000,4503.644418478012
294000,4519.082793235779
295000,4534.406099557877
296000,4549.8427193164825
297000,4565.156763553619
298000,4580.5344433784485
299000,4595.834681510925
300000,4611.4153418540955
301000,4626.728327989578
302000,4642.102033853531
303000,4657.433382511139
304000,4672.818040847778
305000,4688.104741811752
306000,4703.509329080582
307000,4718.865144252777
308000,4734.249849557877
309000,4749.5712018013
310000,4765.1536519527435
311000,4780.479782819748
312000,4795.895911931992
313000,4811.247617006302
314000,4826.617485046387
315000,4841.941260099411
316000,4857.316786766052
317000,4872.641879796982
318000,4888.057210683823
319000,4903.37134718895
320000,4918.95524430275
321000,4934.2652542591095
322000,4949.645874977112
323000,4964.989065170288
324000,4980.408896446228
325000,4995.71258187294
326000,5011.086532592773
327000,5026.414373159409
328000,5041.81863117218
329000,5057.155985593796
330000,5072.713902711868
331000,5088.072829961777
332000,5103.4576671123505
333000,5118.785369634628
334000,5134.202510356903
335000,5149.526365041733
336000,5164.952498435974
337000,5180.296539306641
338000,5195.718013525009
339000,5211.033436059952
340000,5226.605641841888
341000,5241.952461004257
342000,5257.373644351959
343000,5272.714848518372
344000,5288.111798048019
345000,5303.4421446323395
346000,5318.833837747574
347000,5334.156848907471
348000,5349.581417560577
349000,5364.928200244904
350000,5380.5369482040405
351000,5395.866625547409
352000,5411.2862293720245
353000,5426.608330488205
354000,5441.98522400856
355000,5457.293164253235
356000,5472.68984079361
357000,5488.02285528183
358000,5503.424362421036
359000,5518.7929174900055
360000,5534.379980564117
361000,5549.695867300034
362000,5565.088277578354
363000,5580.4106476306915
364000,5595.799916982651
365000,5611.122949123383
366000,5626.49850320816
367000,5641.83739233017
368000,5657.243892669678
369000,5672.551578044891
370000,5688.161004543304
371000,5703.5169942379
372000,5718.884332180023
373000,5734.208795070648
374000,5749.610002279282
375000,5764.918856620789
376000,5780.364583730698
377000,5795.673943042755
378000,5811.078607082367
379000,5826.416509151459
380000,5841.976668357849
381000,5857.309675216675
382000,5872.754640579224
383000,5888.079010009766
384000,5903.469095468521
385000,5918.826919794083
386000,5934.260245800018
387000,5949.60124874115
388000,5964.976536989212
389000,5980.28132891655
390000,5995.854065656662
391000,6011.183272361755
392000,6026.623183727264
393000,6041.976345300674
394000,6057.373925924301
395000,6072.699424743652
396000,6088.074732542038
397000,6103.369623422623
398000,6118.810662984848
399000,6134.142164945602
400000,6149.679972171783
401000,6164.983959913254
402000,6180.38564157486
403000,6195.713420629501
404000,6211.091614246368
405000,6226.408121585846
406000,6241.808261871338
407000,6257.135006904602
408000,6272.548194169998
409000,6287.883422136307
410000,6303.4646899700165
411000,6318.778704404831
412000,6334.1971735954285
413000,6349.537458896637
414000,6364.939597606659
415000,6380.293949604034
416000,6395.69352555275
417000,6411.025852680206
418000,6426.418963432312
419000,6441.799475669861
420000,6457.3644914627075
421000,6472.6885685920715
422000,6488.077611446381
423000,6503.391503810883
424000,6518.8070867061615
425000,6534.130840539932
426000,6549.536299943924
427000,6564.853781700134
428000,6580.250602006912
429000,6595.552891254425
430000,6611.135643482208
431000,6626.48428273201
432000,6641.883578777313
433000,6657.208190917969
434000,6672.611523866653
435000,6687.946151018143
436000,6703.347920656204
437000,6718.726021528244
438000,6734.170591831207
439000,6749.526115179062
440000,6765.1110718250275
441000,6780.419449329376
442000,6795.871638298035
443000,6811.187363624573
444000,6826.612895488739
445000,6841.9458594322205
446000,6857.348966360092
447000,6872.664930343628
448000,6888.08243727684
449000,6903.427085876465
450000,6919.029667377472
451000,6934.3578226566315
452000,6949.754643917084
453000,6965.079662322998
454000,6980.502336502075
455000,6995.781454086304
456000,7011.180503845215
457000,7026.504827737808
458000,7041.911156415939
459000,7057.244671821594
460000,7072.846074104309
461000,7088.180702447891
462000,7103.592600107193
463000,7118.922208547592
464000,7134.350627183914
465000,7149.64270734787
466000,7165.02884054184
467000,7180.333212137222
468000,7195.75363445282
469000,7211.0697729587555
470000,7226.647983551025
471000,7242.005349159241
472000,7257.409467220306
473000,7272.759139537811
474000,7288.193056106567
475000,7303.503985881805
476000,7318.922388792038
477000,7334.2827224731445
478000,7349.667965173721
479000,7365.013965845108
480000,7380.579739809036
481000,7395.884175539017
482000,7411.291465997696
483000,7426.619632720947
484000,7442.0226147174835
485000,7457.361218929291
486000,7472.736656904221
487000,7488.050696611404
488000,7503.461522579193
489000,7518.764956474304
490000,7534.356369018555
491000,7549.680869102478
492000,7565.0789268016815
493000,7580.387761831284
494000,7595.788149833679
495000,7611.109052181244
496000,7626.506592035294
497000,7641.8478763103485
498000,7657.276469230652
499000,7672.603803634644
500000,7688.198662519455
501000,7703.517950057983
502000,7718.931151390076
503000,7734.269119977951
504000,7749.712082624435
505000,7765.04598903656
506000,7780.466202259064
507000,7795.815922021866
508000,7811.206732273102
509000,7826.528781652451
510000,7842.081911325455
511000,7857.427730560303
512000,7872.84498667717
513000,7888.147352933884
514000,7903.582036495209
515000,7918.938432693481
516000,7934.328398227692
517000,7949.703626155853
518000,7965.07173037529
519000,7980.417136669159
520000,7995.989285945892
521000,8011.305963754654
522000,8026.737446069717
523000,8042.052756071091
524000,8057.487408876419
525000,8072.8245577812195
526000,8088.22199344635
527000,8103.564084529877
528000,8118.950451135635
529000,8134.280027627945
530000,8149.854875564575
531000,8165.211145162582
532000,8180.642503023148
533000,8195.972590446472
534000,8211.377723932266
535000,8226.703222513199
536000,8242.095158576965
537000,8257.42282295227
538000,8272.819658756256
539000,8288.168958425522
540000,8303.831074237823
541000,8319.17247724533
542000,8334.577909708023
543000,8349.904720306396
544000,8365.303022146225
545000,8380.61541223526
546000,8396.03498673439
547000,8411.388123989105
548000,8426.830541610718
549000,8442.14167046547
550000,8457.757230043411
551000,8473.091325759888
552000,8488.521547079086
553000,8503.849338531494
554000,8519.245523929596
555000,8534.55109167099
556000,8549.982187509537
557000,8565.318613529205
558000,8580.720444202423
559000,8596.036523103714
560000,8611.628576993942
561000,8626.92864227295
562000,8642.396172761917
563000,8657.717185020447
564000,8673.125371456146
565000,8688.485429048538
566000,8703.914445877075
567000,8719.257244348526
568000,8734.66972541809
569000,8750.049515485764
570000,8765.659920215607
571000,8781.013735294342
572000,8796.421656370163
573000,8811.755143642426
574000,8827.15379858017
575000,8842.48310661316
576000,8857.857303619385
577000,8873.177223920822
578000,8888.57521867752
579000,8903.938289165497
580000,8919.538439035416
581000,8934.842538833618
582000,8950.259632825851
583000,8965.617178440094
584000,8981.038778543472
585000,8996.397393226624
586000,9011.850273132324
587000,9027.181560277939
588000,9042.571729421616
589000,9057.888676404953
590000,9073.46622300148
591000,9088.815412282944
592000,9104.242886781693
593000,9119.571789979935
594000,9134.944448709488
595000,9150.282922029495
596000,9165.727061986923
597000,9181.076762914658
598000,9196.52827501297
599000,9211.88780927658
600000,9227.512626886368
601000,9242.842188358307
602000,9258.266399383545
603000,9273.611354112625
604000,9289.046214580536
605000,9304.380889177322
606000,9319.772115468979
607000,9335.091506958008
608000,9350.492064714432
609000,9365.836996555328
610000,9381.37073636055
611000,9396.68675994873
612000,9412.15014410019
613000,9427.507447242737
614000,9442.977353572845
615000,9458.33783364296
616000,9473.791828155518
617000,9489.096680641174
618000,9504.522220373154
619000,9519.834595441818
620000,9535.471266269684
621000,9550.789594650269
622000,9566.233962059021
623000,9581.575491428375
624000,9597.01305103302
625000,9612.36211013794
626000,9627.805586338043
627000,9643.152880430222
628000,9658.60067987442
629000,9673.959661245346
630000,9689.560475349426
631000,9704.892585992813
632000,9720.313032150269
633000,9735.6745262146
634000,9751.086698055267
635000,9766.431189775467
636000,9781.903625011444
637000,9797.210122823715
638000,9812.638771533966
639000,9827.952617883682
640000,9843.553187131882
641000,9858.887081384659
642000,9874.30597281456
643000,9889.665415525436
644000,9905.101864814758
645000,9920.475442647934
646000,9935.87204670906
647000,9951.222325086594
648000,9966.653686523438
649000,9981.997218608856
650000,9997.58422756195
651000,10012.91814494133
652000,10028.365633249283
653000,10043.70894742012
654000,10059.152915000916
655000,10074.476222753525
656000,10089.908421754837
657000,10105.238138914108
658000,10120.685489177704
659000,10136.017351388931
660000,10151.578063726425
661000,10166.903302431107
662000,10182.306025981903
663000,10197.626917600632
664000,10213.052315711975
665000,10228.404114246368
666000,10243.84567952156
667000,10259.201559066772
668000,10274.625769853592
669000,10289.964421272278
670000,10305.574474334717
671000,10320.949753761292
672000,10336.40906739235
673000,10351.779698133469
674000,10367.226729154587
675000,10382.59571647644
676000,10398.05608034134
677000,10413.392750263214
678000,10428.807368278503
679000,10444.169457674026
680000,10459.711230516434
681000,10475.038081407547
682000,10490.45495057106
683000,10505.771901607513
684000,10521.21358180046
685000,10536.569548606873
686000,10551.997882604599
687000,10567.307221412659
688000,10582.746886730194
689000,10598.09606385231
690000,10613.699697494507
691000,10629.040290594101
692000,10644.439917564392
693000,10659.778102397919
694000,10675.17887544632
695000,10690.530799627304
696000,10705.959124088287
697000,10721.300126552582
698000,10736.747429847717
699000,10752.102459192276
700000,10767.653703927994
701000,10783.000070810318
702000,10798.452638149261
703000,10813.774433612823
704000,10829.186227560043
705000,10844.521919250488
706000,10859.957791090012
707000,10875.30095076561
708000,10890.719166994095
709000,10906.03960776329
710000,10921.664116382599
711000,10937.022069215775
712000,10952.454075098038
713000,10967.823667287827
714000,10983.26550936699
715000,10998.638972520828
716000,11014.071903467178
717000,11029.396293878555
718000,11044.839056491852
719000,11060.205326795578
720000,11075.827109575272
721000,11091.181313037872
722000,11106.596032381058
723000,11121.943895101547
724000,11137.320164680481
725000,11152.68599152565
726000,11168.091763019562
727000,11183.446778535843
728000,11198.878365516663
729000,11214.22155547142
730000,11229.82863020897
731000,11245.22490286827
732000,11260.624373912811
733000,11275.988702774048
734000,11291.428728103638
735000,11306.78352689743
736000,11322.221873760223
737000,11337.582245588303
738000,11352.998586416245
739000,11368.355599403381
740000,11383.956333637238
741000,11399.290481567383
742000,11414.687246799469
743000,11429.999352693558
744000,11445.422125577927
745000,11460.759979248047
746000,11476.198916912079
747000,11491.519538879395
748000,11506.957311153412
749000,11522.321925401688
750000,11537.928654193878
751000,11553.29132938385
752000,11568.727891206741
753000,11584.090114355087
754000,11599.572160482407
755000,11614.910683631897
756000,11630.320590257645
757000,11645.689867019653
758000,11661.14762020111
759000,11676.472290992737
760000,11692.085460662842
761000,11707.448845863342
762000,11722.895886182785
763000,11738.239991664886
764000,11753.713609218597
765000,11769.03180527687
766000,11784.455771684647
767000,11799.815952062607
768000,11815.23743057251
769000,11830.576647758484
770000,11846.206871271133
771000,11861.56490445137
772000,11877.030809879303
773000,11892.373704433441
774000,11907.803741931915
775000,11923.182452201843
776000,11938.588066339493
777000,11953.92064332962
778000,11969.34790635109
779000,11984.69959807396
780000,12000.300739765167
781000,12015.632575035095
782000,12031.039858341217
783000,12046.409288406372
784000,12061.87195777893
785000,12077.222388029099
786000,12092.654814481735
787000,12108.034964561462
788000,12123.428451061249
789000,12138.763519763947
790000,12154.381922006607
791000,12169.745700597763
792000,12185.151155471802
793000,12200.57207107544
794000,12216.021455287933
795000,12231.398840904236
796000,12246.852195501328
797000,12262.231852293015
798000,12277.713871002197
799000,12293.081774234772
800000,12308.712928533554
801000,12324.092952013016
802000,12339.539479255676
803000,12354.886902093887
804000,12370.35672712326
805000,12385.761387825012
806000,12401.198362588882
807000,12416.589212656021
808000,12432.024502515793
809000,12447.38936305046
810000,12462.980513334274
811000,12478.336089611053
812000,12493.831484794617
813000,12509.185364723206
814000,12524.641478776932
815000,12540.009217500687
816000,12555.398519277573
817000,12570.748210668564
818000,12586.187567472458
819000,12601.558269500732
820000,12617.107161521912
821000,12632.450927257538
822000,12647.866696119308
823000,12663.227728366852
824000,12678.682039737701
825000,12694.027794599533
826000,12709.502197742462
827000,12724.862411260605
828000,12740.327268600464
829000,12755.685257434845
830000,12771.275198459625
831000,12786.62182545662
832000,12802.035598754883
833000,12817.436745882034
834000,12832.867647647858
835000,12848.226859092712
836000,12863.638789892197
837000,12878.995378017426
838000,12894.420976638794
839000,12909.769772052765
840000,12925.340097904205
841000,12940.686841726303
842000,12956.140622854233
843000,12971.507675409317
844000,12986.93554854393
845000,13002.302881717682
846000,13017.75947856903
847000,13033.116894483566
848000,13048.575731754303
849000,13063.950183868408
850000,13079.557169675827
851000,13094.909868478775
852000,13110.371349096298
853000,13125.732692718506
854000,13141.116082191467
855000,13156.483386278152
856000,13171.899046897888
857000,13187.252856254578
858000,13202.708116292953
859000,13218.059520483017
860000,13233.715263843536
861000,13249.076634645462
862000,13264.570520877838
863000,13279.935625553131
864000,13295.365182638168
865000,13310.75082564354
866000,13326.22667312622
867000,13341.596468448639
868000,13357.06247973442
869000,13372.398588895798
870000,13388.021024227142
871000,13403.366007089615
872000,13418.842779159546
873000,13434.182660579681
874000,13449.597429275513
875000,13464.953977108002
876000,13480.416755437851
877000,13495.783617734909
878000,13511.268831014633
879000,13526.611608982086
880000,13542.261970996857
881000,13557.689347028732
882000,13573.316378593445
883000,13588.745175123215
884000,13604.25822019577
885000,13619.720637083054
886000,13635.151590824127
887000,13650.507890462875
888000,13666.01556634903
889000,13681.517365217209
890000,13697.15715456009
891000,13712.51258468628
892000,13727.918928146362
893000,13743.285195350647
894000,13758.689294815063
895000,13774.032313346863
896000,13789.491533041
897000,13804.823960542679
898000,13820.277543067932
899000,13835.65309214592
900000,13851.261827230453
901000,13866.646569013596
902000,13882.034879207611
903000,13897.406938791275
904000,13912.880921125412
905000,13928.251718521118
906000,13943.648470163345
907000,13959.011287212372
908000,13974.446919202805
909000,13989.804906606674
910000,14005.413016796112
911000,14020.76495552063
912000,14036.238795280457
913000,14051.605775594711
914000,14067.033166646957
915000,14082.377650737762
916000,14097.835807085037
917000,14113.189719676971
918000,14128.636507749557
919000,14144.101982831955
920000,14159.692455768585
921000,14175.105524539948
922000,14190.500553369522
923000,14205.914207935333
924000,14221.506601333618
925000,14237.007985830307
926000,14252.559576749802
927000,14267.97720360756
928000,14283.594212293625
929000,14299.064946651459
930000,14314.771788835526
931000,14330.176844835281
932000,14345.752203941345
933000,14361.190539598465
934000,14376.672800540924
935000,14392.09463763237
936000,14407.559610843658
937000,14423.040444850922
938000,14438.522065877914
939000,14453.956309318542
940000,14469.8339138031
941000,14485.238033771515
942000,14500.721676588058
943000,14516.127780914307
944000,14531.602357149124
945000,14547.094742059708
946000,14562.527218580246
947000,14577.949406147003
948000,14593.478838443756
949000,14608.928483963013
950000,14624.660398244858
951000,14640.02911400795
952000,14655.549355268478
953000,14670.913789987564
954000,14686.399431228638
955000,14701.76080584526
956000,14717.185259103775
957000,14732.529435396194
958000,14747.964844226837
959000,14763.359685897827
960000,14778.95992898941
961000,14794.320505142212
962000,14809.714043855667
963000,14825.09324669838
964000,14840.540955543518
965000,14855.905508041382
966000,14871.36343383789
967000,14886.705022335052
968000,14902.179564237595
969000,14917.556419610977
970000,14933.192719459534
971000,14948.541005849838
972000,14964.03780078888
973000,14979.412407159805
974000,14994.82180261612
975000,15010.177090883255
976000,15025.58045244217
977000,15040.954272985458
978000,15056.39197421074
979000,15071.76019191742
980000,15087.394445180893
981000,15102.790487766266
982000,15118.23944568634
983000,15133.61138176918
984000,15149.073871135712
985000,15164.43975520134
986000,15179.849100589752
987000,15195.23354434967
988000,15210.655746459961
989000,15226.025260448456
990000,15241.669742584229
991000,15257.092432498932
992000,15272.550899744034
993000,15287.907420396805
994000,15303.384388446808
995000,15318.758258581161
996000,15334.229269981384
997000,15349.589535951614
998000,15365.034589290619
999000,15380.407074213028
1000000,15396.04576253891
1001000,15411.417741060257
1002000,15426.83291888237
1003000,15442.20335817337
1004000,15457.672526597977
1005000,15473.05473947525
1006000,15488.525192260742
1007000,15503.919130563736
1008000,15519.407110452652
1009000,15534.796513319016
1010000,15550.419380426407
1011000,15565.790313959122
1012000,15581.236556053162
1013000,15596.590242385864
1014000,15612.079328775406
1015000,15627.484907388687
1016000,15642.929153442383
1017000,15658.284843444824
1018000,15673.745840549469
1019000,15689.124492406845
1020000,15704.710931062698
1021000,15720.079086780548
1022000,15735.53421330452
1023000,15750.967036008835
1024000,15766.397519826889
1025000,15781.76933169365
1026000,15797.218137979507
1027000,15812.617905378342
1028000,15828.063048362732
1029000,15843.440150976181
1030000,15859.075767278671
1031000,15874.485531806946
1032000,15889.905263185501
1033000,15905.284351587296
1034000,15920.731734514236
1035000,15936.107455015182
1036000,15951.567421197891
1037000,15966.916198253632
1038000,15982.35984325409
1039000,15997.724006652832
1040000,16013.403569936752
1041000,16028.800289869308
1042000,16044.28592634201
1043000,16059.674974918365
1044000,16075.123297691345
1045000,16090.512346029282
1046000,16105.992212295532
1047000,16121.405961751938
1048000,16136.851634263992
1049000,16152.20143532753
1050000,16167.810636758804
1051000,16183.15752530098
1052000,16198.657744646072
1053000,16214.02661561966
1054000,16229.458893537521
1055000,16244.841938972473
1056000,16260.253031492233
1057000,16275.647301197052
1058000,16291.102410316467
1059000,16306.492307901382
1060000,16322.081260442734
1061000,16337.461528301239
1062000,16352.890763282776
1063000,16368.267504692078
1064000,16383.732709407806
1065000,16399.08359026909
1066000,16414.561807394028
1067000,16429.932895183563
1068000,16445.368777275085
1069000,16460.781837940216
1070000,16476.44135737419
1071000,16491.83873820305
1072000,16507.293093919754
1073000,16522.668781518936
1074000,16538.107429742813
1075000,16553.456972122192
1076000,16568.91907811165
1077000,16584.30166077614
1078000,16599.781613349915
1079000,16615.15119600296
1080000,16630.777508974075
1081000,16646.127760887146
1082000,16661.56217288971
1083000,16676.94074344635
1084000,16692.390273332596
1085000,16707.75039243698
1086000,16723.205644845963
1087000,16738.5739197731
1088000,16753.98798108101
1089000,16769.370505332947
1090000,16785.039877414703
1091000,16800.41181063652
1092000,16815.87995648384
1093000,16831.280926465988
1094000,16846.727345705032
1095000,16862.13848900795
1096000,16877.628261089325
1097000,16893.013566970825
1098000,16908.467272520065
1099000,16923.931189775467
1100000,16939.654136180878
1101000,16955.159425497055
1102000,16970.721130132675
1103000,16986.09686756134
1104000,17001.578112125397
1105000,17016.927399635315
1106000,17032.392429113388
1107000,17047.77815413475
1108000,17063.281469345093
1109000,17078.651956796646
1110000,17094.34199500084
1111000,17109.69076681137
1112000,17125.139077425003
1113000,17140.47334766388
1114000,17155.918203115463
1115000,17171.32178044319
1116000,17186.80414533615
1117000,17202.15465426445
1118000,17217.63554763794
1119000,17233.005203962326
1120000,17248.633812904358
1121000,17263.99237179756
1122000,17279.456046819687
1123000,17294.830499649048
1124000,17310.275536298752
1125000,17325.639121055603
1126000,17341.081057310104
1127000,17356.4698574543
1128000,17371.923882484436
1129000,17387.277606248856
1130000,17402.902086496353
1131000,17418.30180501938
1132000,17433.71975016594
1133000,17449.11062002182
1134000,17464.571710586548
1135000,17479.937917232513
1136000,17495.39137840271
1137000,17510.764748334885
1138000,17526.22861599922
1139000,17541.592903852463
1140000,17557.210323810577
1141000,17572.56472802162
1142000,17588.020055532455
1143000,17603.415070056915
1144000,17618.87843632698
1145000,17634.270447731018
1146000,17649.714668273926
1147000,17665.12732386589
1148000,17680.605370283127
1149000,17695.992881774902
1150000,17711.671008348465
1151000,17727.04701089859
1152000,17742.52397465706
1153000,17757.89885878563
1154000,17773.351622343063
1155000,17788.732558250427
1156000,17804.19156908989
1157000,17819.57736515999
1158000,17835.062579631805
1159000,17850.431982040405
1160000,17866.062300920486
1161000,17881.494114160538
1162000,17896.955768108368
1163000,17912.325152873993
1164000,17927.772022485733
1165000,17943.150227546692
1166000,17958.635490894318
1167000,17974.003444433212
1168000,17989.459883213043
1169000,18004.869570493698
1170000,18020.5055642128
1171000,18035.88281226158
1172000,18051.409103393555
1173000,18066.79302740097
1174000,18082.36008143425
