1000,6993
2000,14942
3000,22882
4000,30676
5000,38091
6000,45274
7000,52505
8000,59720
9000,66801
10000,73969
11000,80997
12000,87953
13000,94876
14000,101680
15000,108566
16000,115612
17000,122632
18000,129686
19000,136822
20000,143841
21000,150728
22000,157786
23000,164713
24000,171854
25000,178922
26000,186068
27000,193124
28000,200038
29000,206923
30000,213940
31000,221039
32000,228006
33000,235003
34000,241978
35000,249127
36000,256161
37000,263003
38000,269940
39000,276936
40000,283998
41000,291087
42000,298213
43000,305449
44000,312520
45000,319722
46000,326815
47000,333889
48000,340900
49000,348027
50000,355189
51000,362344
52000,369536
53000,376562
54000,383431
55000,390331
56000,397256
57000,404257
58000,411267
59000,418302
60000,425329
61000,432313
62000,439223
63000,446222
64000,453418
65000,460522
66000,467598
67000,474624
68000,481730
69000,488703
70000,495679
71000,502625
72000,509570
73000,516466
74000,523421
75000,530266
76000,537069
77000,544005
78000,550985
79000,557876
80000,564881
81000,571820
82000,578871
83000,585904
84000,593104
85000,600061
86000,607030
87000,613933
88000,621105
89000,628108
90000,635070
91000,642041
92000,648948
93000,655885
94000,662856
95000,669880
96000,676814
97000,683679
98000,690577
99000,697467
100000,704433
101000,711315
102000,718375
103000,725253
104000,732223
105000,739230
106000,746199
107000,753150
108000,759927
109000,766747
110000,773359
111000,780055
112000,786801
113000,793619
114000,800510
115000,807557
116000,814411
117000,821308
118000,828256
119000,835160
120000,842292
121000,849322
122000,856203
123000,863120
124000,869962
125000,876770
126000,883592
127000,890435
128000,897403
129000,904263
130000,911074
131000,917948
132000,924979
133000,931843
134000,938698
135000,945429
136000,952211
137000,959156
138000,965888
139000,972674
140000,979551
141000,986467
142000,993442
143000,1000322
144000,1007252
145000,1014166
146000,1021021
147000,1027712
148000,1034613
149000,1041598
150000,1048483
151000,1055321
152000,1062229
153000,1069197
154000,1076027
155000,1082921
156000,1089809
157000,1096588
158000,1103413
159000,1110376
160000,1117312
161000,1124217
162000,1131050
163000,1137857
164000,1144759
165000,1151634
166000,1158569
167000,1165469
168000,1172341
169000,1179159
170000,1186133
171000,1192866
172000,1199676
173000,1206577
174000,1213374
175000,1220164
176000,1227017
177000,1233932
178000,1240801
179000,1247546
180000,1254566
181000,1261324
182000,1268153
183000,1275062
184000,1281969
185000,1288952
186000,1296058
187000,1303007
188000,1310012
189000,1316933
190000,1323827
191000,1330695
192000,1337519
193000,1344332
194000,1351175
195000,1358135
196000,1364845
197000,1371678
198000,1378426
199000,1385208
200000,1392008
201000,1398841
202000,1405701
203000,1412586
204000,1419303
205000,1426236
206000,1433132
207000,1439988
208000,1446729
209000,1453365
210000,1460107
211000,1466975
212000,1473676
213000,1480365
214000,1487288
215000,1494069
216000,1500923
217000,1507756
218000,1514499
219000,1521633
220000,1528457
221000,1535155
222000,1542024
223000,1548782
224000,1555668
225000,1562417
226000,1569303
227000,1576067
228000,1582806
229000,1589544
230000,1596412
231000,1603247
232000,1610185
233000,1616930
234000,1623816
235000,1630533
236000,1637277
237000,1644054
238000,1650736
239000,1657488
240000,1664205
241000,1670984
242000,1677766
243000,1684525
244000,1691155
245000,1698004
246000,1705012
247000,1711691
248000,1718377
249000,1725096
250000,1731728
251000,1738459
252000,1745261
253000,1751964
254000,1758782
255000,1765559
256000,1772369
257000,1779207
258000,1786079
259000,1792904
260000,1799513
261000,1806373
262000,1813131
263000,1820031
264000,1826685
265000,1833359
266000,1840155
267000,1846891
268000,1853775
269000,1860451
270000,1867204
271000,1874047
272000,1881014
273000,1888025
274000,1894978
275000,1901837
276000,1908853
277000,1915761
278000,1922592
279000,1929326
280000,1936099
281000,1942889
282000,1949552
283000,1956090
284000,1962753
285000,1969554
286000,1976369
287000,1983242
288000,1989954
289000,1996681
290000,2003526
291000,2010219
292000,2016988
293000,2023728
294000,2030381
295000,2037022
296000,2043601
297000,2050246
298000,2056909
299000,2063618
300000,2070345
301000,2077118
302000,2083842
303000,2090510
304000,2097213
305000,2103882
306000,2110690
307000,2117314
308000,2124010
309000,2130885
310000,2137558
311000,2144279
312000,2151049
313000,2157748
314000,2164427
315000,2171251
316000,2178042
317000,2184779
318000,2191521
319000,2198225
320000,2205030
321000,2211886
322000,2218509
323000,2225230
324000,2232001
325000,2238852
326000,2245718
327000,2252381
328000,2259294
329000,2266118
330000,2272948
331000,2279746
332000,2286526
333000,2293229
334000,2300123
335000,2306937
336000,2313753
337000,2320505
338000,2327190
339000,2333931
340000,2340672
341000,2347521
342000,2354267
343000,2361028
344000,2367796
345000,2374628
346000,2381360
347000,2387974
348000,2394784
349000,2401537
350000,2408245
351000,2414996
352000,2421763
353000,2428434
354000,2435196
355000,2441939
356000,2448764
357000,2455525
358000,2462271
359000,2469111
360000,2475786
361000,2482562
362000,2489245
363000,2495914
364000,2502585
365000,2509280
366000,2515980
367000,2522685
368000,2529345
369000,2535990
370000,2542761
371000,2549448
372000,2556048
373000,2562764
374000,2569300
375000,2575898
376000,2582706
377000,2589318
378000,2595903
379000,2602800
380000,2609600
381000,2616455
382000,2623220
383000,2629913
384000,2636637
385000,2643394
386000,2650202
387000,2657160
388000,2664029
389000,2670864
390000,2677699
391000,2684570
392000,2691217
393000,2697946
394000,2704651
395000,2711350
396000,2717977
397000,2724614
398000,2731349
399000,2738129
400000,2744848
401000,2751730
402000,2758475
403000,2765097
404000,2771834
405000,2778545
406000,2785159
407000,2791834
408000,2798665
409000,2805154
410000,2811863
411000,2818625
412000,2825312
413000,2831860
414000,2838590
415000,2845385
416000,2852047
417000,2858818
418000,2865416
419000,2872020
420000,2878641
421000,2885302
422000,2892123
423000,2898736
424000,2905395
425000,2912185
426000,2918994
427000,2925639
428000,2932228
429000,2938806
430000,2945438
431000,2952236
432000,2958901
433000,2965741
434000,2972568
435000,2979367
436000,2986101
437000,2992954
438000,2999621
439000,3006302
440000,3013047
441000,3019734
442000,3026320
443000,3033022
444000,3039574
445000,3046190
446000,3052810
447000,3059422
448000,3066083
449000,3072630
450000,3079396
451000,3086026
452000,3092731
453000,3099411
454000,3106223
455000,3112807
456000,3119425
457000,3126191
458000,3132849
459000,3139500
460000,3146292
461000,3152890
462000,3159554
463000,3166357
464000,3173118
465000,3179781
466000,3186517
467000,3193223
468000,3199872
469000,3206621
470000,3213293
471000,3219770
472000,3226332
473000,3233038
474000,3239788
475000,3246496
476000,3253314
477000,3259999
478000,3266629
479000,3273225
480000,3279840
481000,3286442
482000,3293186
483000,3299881
484000,3306541
485000,3313112
486000,3319960
487000,3326599
488000,3333262
489000,3340014
490000,3346597
491000,3353230
492000,3359790
493000,3366483
494000,3373258
495000,3380008
496000,3386639
497000,3393330
498000,3399975
499000,3406575
500000,3413239
501000,3419905
502000,3426654
503000,3433314
504000,3439965
505000,3446706
506000,3453358
507000,3460109
508000,3466882
509000,3473462
510000,3480222
511000,3486966
512000,3493558
513000,3500144
514000,3506747
515000,3513359
516000,3519984
517000,3526652
518000,3533156
519000,3539734
520000,3546436
521000,3553153
522000,3559917
523000,3566485
524000,3573035
525000,3579648
526000,3586262
527000,3592705
528000,3599271
529000,3605780
530000,3612369
531000,3618886
532000,3625451
533000,3632057
534000,3638662
535000,3645284
536000,3651819
537000,3658363
538000,3665066
539000,3671641
540000,3678284
541000,3684917
542000,3691638
543000,3698334
544000,3705000
545000,3711672
546000,3718281
547000,3724922
548000,3731464
549000,3737989
550000,3744647
551000,3751303
552000,3757902
553000,3764436
554000,3771182
555000,3777838
556000,3784548
557000,3791124
558000,3797677
559000,3804258
560000,3810812
561000,3817403
562000,3824010
563000,3830641
564000,3837335
565000,3844031
566000,3850732
567000,3857404
568000,3864005
569000,3870651
570000,3877374
571000,3884049
572000,3890657
573000,3897224
574000,3903922
575000,3910541
576000,3917034
577000,3923596
578000,3930132
579000,3936899
580000,3943582
581000,3950292
582000,3957017
583000,3963679
584000,3970358
585000,3977121
586000,3983659
587000,3990156
588000,3996756
589000,4003381
590000,4009988
591000,4016678
592000,4023395
593000,4030112
594000,4036736
595000,4043382
596000,4050017
597000,4056599
598000,4063257
599000,4069860
600000,4076429
601000,4083154
602000,4089616
603000,4096200
604000,4102695
605000,4109353
606000,4115817
607000,4122421
608000,4128960
609000,4135485
610000,4142086
611000,4148619
612000,4155291
613000,4161852
614000,4168330
615000,4174919
616000,4181489
617000,4188056
618000,4194549
619000,4201154
620000,4207669
621000,4214166
622000,4220637
623000,4227271
624000,4234046
625000,4240718
626000,4247439
627000,4254011
628000,4260585
629000,4267254
630000,4273741
631000,4280308
632000,4286811
633000,4293311
634000,4299827
635000,4306231
636000,4312781
637000,4319303
638000,4325624
639000,4332105
640000,4338565
641000,4345142
642000,4351677
643000,4358327
644000,4364950
645000,4371539
646000,4378074
647000,4384776
648000,4391210
649000,4397752
650000,4404256
651000,4410756
652000,4417418
653000,4423875
654000,4430413
655000,4437061
656000,4443695
657000,4450233
658000,4456715
659000,4463224
660000,4469601
661000,4476281
662000,4482919
663000,4489583
664000,4496131
665000,4502765
666000,4509272
667000,4515831
668000,4522464
669000,4529059
670000,4535631
671000,4542301
672000,4548897
673000,4555505
674000,4562153
675000,4568603
676000,4575243
677000,4581824
678000,4588410
679000,4595040
680000,4601763
681000,4608337
682000,4615023
683000,4621712
684000,4628468
685000,4635220
686000,4641788
687000,4648451
688000,4655146
689000,4661781
690000,4668447
691000,4674890
692000,4681408
693000,4687933
694000,4694642
695000,4701463
696000,4708135
697000,4714874
698000,4721532
699000,4728176
700000,4734737
701000,4741342
702000,4747923
703000,4754567
704000,4760953
705000,4767563
706000,4774035
707000,4780540
708000,4787250
709000,4793748
710000,4800426
711000,4806977
712000,4813529
713000,4820013
714000,4826700
715000,4833342
716000,4839874
717000,4846401
718000,4853030
719000,4859646
720000,4866273
721000,4872798
722000,4879317
723000,4885775
724000,4892266
725000,4898818
726000,4905385
727000,4912019
728000,4918669
729000,4925185
730000,4931600
731000,4938147
732000,4944711
733000,4951317
734000,4957895
735000,4964521
736000,4971004
737000,4977519
738000,4984050
739000,4990685
740000,4997308
741000,5003958
742000,5010640
743000,5017203
744000,5023845
745000,5030349
746000,5036730
747000,5043299
748000,5049776
749000,5056331
750000,5062798
751000,5069273
752000,5075731
753000,5082246
754000,5088674
755000,5095046
756000,5101491
757000,5107977
758000,5114577
759000,5121049
760000,5127447
761000,5133920
762000,5140408
763000,5146879
764000,5153506
765000,5160046
766000,5166354
767000,5172958
768000,5179380
769000,5185739
770000,5192103
771000,5198663
772000,5205270
773000,5211665
774000,5218239
775000,5224656
776000,5231081
777000,5237662
778000,5244242
779000,5250712
780000,5257300
781000,5263779
782000,5270270
783000,5276872
784000,5283257
785000,5289717
786000,5296137
787000,5302606
788000,5309138
789000,5315697
790000,5322177
791000,5328633
792000,5335115
793000,5341476
794000,5348047
795000,5354657
796000,5361167
797000,5367563
798000,5374063
799000,5380549
800000,5387127
801000,5393615
802000,5400117
803000,5406712
804000,5413120
805000,5419556
806000,5426153
807000,5432588
808000,5439166
809000,5445599
810000,5452013
811000,5458619
812000,5465229
813000,5471830
814000,5478300
815000,5484688
816000,5491128
817000,5497588
818000,5504054
819000,5510734
820000,5517252
821000,5523623
822000,5530207
823000,5536873
824000,5543273
825000,5549754
826000,5556133
827000,5562563
828000,5569004
829000,5575539
830000,5582006
831000,5588475
832000,5594921
833000,5601335
834000,5607731
835000,5614177
836000,5620508
837000,5627007
838000,5633688
839000,5640370
840000,5646798
841000,5653361
842000,5659786
843000,5666116
844000,5672498
845000,5678952
846000,5685257
847000,5691554
848000,5698000
849000,5704519
850000,5711067
851000,5717437
852000,5723875
853000,5730300
854000,5736689
855000,5743096
856000,5749422
857000,5755846
858000,5762185
859000,5768615
860000,5775031
861000,5781512
862000,5787885
863000,5794277
864000,5800759
865000,5807181
866000,5813697
867000,5820181
868000,5826671
869000,5833222
870000,5839557
871000,5846037
872000,5852387
873000,5858772
874000,5865291
875000,5871746
876000,5878111
877000,5884525
878000,5890896
879000,5897232
880000,5903663
881000,5910043
882000,5916492
883000,5923001
884000,5929450
885000,5936108
886000,5942504
887000,5948936
888000,5955303
889000,5961568
890000,5967997
891000,5974394
892000,5980927
893000,5987543
894000,5993961
895000,6000504
896000,6006938
897000,6013383
898000,6019885
899000,6026234
900000,6032666
901000,6039065
902000,6045568
903000,6051918
904000,6058455
905000,6065016
906000,6071477
907000,6077826
908000,6084358
909000,6090749
910000,6097368
911000,6103822
912000,6110357
913000,6116976
914000,6123458
915000,6129921
916000,6136382
917000,6142728
918000,6149135
919000,6155644
920000,6162232
921000,6168729
922000,6175200
923000,6181652
924000,6188069
925000,6194421
926000,6200857
927000,6207163
928000,6213442
929000,6219743
930000,6226152
931000,6232574
932000,6239014
933000,6245381
934000,6251776
935000,6258223
936000,6264614
937000,6270995
938000,6277410
939000,6283821
940000,6290292
941000,6296643
942000,6303014
943000,6309293
944000,6315539
945000,6321886
946000,6328194
947000,6334502
948000,6340913
949000,6347146
950000,6353457
951000,6359974
952000,6366332
953000,6372677
954000,6379047
955000,6385409
956000,6391800
957000,6398206
958000,6404482
959000,6410788
960000,6417062
961000,6423472
962000,6429861
963000,6436163
964000,6442391
965000,6448681
966000,6455108
967000,6461490
968000,6467792
969000,6474276
970000,6480585
971000,6486888
972000,6493317
973000,6499693
974000,6506078
975000,6512418
976000,6518772
977000,6525287
978000,6531639
979000,6538063
980000,6544501
981000,6550964
982000,6557262
983000,6563566
984000,6569932
985000,6576305
986000,6582782
987000,6589151
988000,6595465
989000,6601936
990000,6608367
991000,6614627
992000,6620972
993000,6627309
994000,6633737
995000,6640119
996000,6646419
997000,6652745
998000,6659028
999000,6665428
1000000,6671813
1001000,6678392
1002000,6684731
1003000,6691127
1004000,6697450
1005000,6703702
1006000,6710027
1007000,6716396
1008000,6722705
1009000,6729024
1010000,6735403
1011000,6741807
1012000,6748148
1013000,6754463
1014000,6760788
1015000,6767244
1016000,6773610
1017000,6779910
1018000,6786139
1019000,6792404
1020000,6798653
1021000,6804981
1022000,6811455
1023000,6817766
1024000,6824045
1025000,6830300
1026000,6836547
1027000,6843057
1028000,6849361
1029000,6855614
1030000,6861957
1031000,6868251
1032000,6874671
1033000,6881076
1034000,6887308
1035000,6893607
1036000,6900000
1037000,6906270
1038000,6912651
1039000,6919104
1040000,6925432
1041000,6931717
1042000,6938061
1043000,6944409
1044000,6950701
1045000,6957094
1046000,6963298
1047000,6969583
1048000,6976104
1049000,6982486
1050000,6988831
1051000,6995192
1052000,7001526
1053000,7007988
1054000,7014409
1055000,7020797
1056000,7027169
1057000,7033571
1058000,7039884
1059000,7046191
1060000,7052556
1061000,7058942
1062000,7065185
1063000,7071460
1064000,7077670
1065000,7084083
1066000,7090404
1067000,7096706
1068000,7103177
1069000,7109465
1070000,7115684
1071000,7122018
1072000,7128265
1073000,7134566
1074000,7140951
1075000,7147377
1076000,7153638
1077000,7160045
1078000,7166352
1079000,7172641
1080000,7179057
1081000,7185331
1082000,7191697
1083000,7198109
1084000,7204367
1085000,7210721
1086000,7217008
1087000,7223326
1088000,7229574
1089000,7235825
1090000,7241968
1091000,7248300
1092000,7254733
1093000,7261064
1094000,7267339
1095000,7273631
1096000,7279991
1097000,7286365
1098000,7292713
1099000,7299154
1100000,7305624
1101000,7311955
1102000,7318270
1103000,7324658
1104000,7330879
1105000,7337137
1106000,7343484
1107000,7349857
1108000,7356236
1109000,7362542
1110000,7369062
1111000,7375339
1112000,7381567
1113000,7387903
1114000,7394214
1115000,7400503
1116000,7406839
1117000,7413154
1118000,7419325
1119000,7425486
1120000,7431844
1121000,7438141
1122000,7444414
1123000,7450663
1124000,7456855
1125000,7463117
1126000,7469513
1127000,7475699
1128000,7482095
1129000,7488423
1130000,7494759
1131000,7501142
1132000,7507439
1133000,7513753
1134000,7520157
1135000,7526470
1136000,7532901
1137000,7539248
1138000,7545701
1139000,7552019
1140000,7558259
1141000,7564558
1142000,7570925
1143000,7577334
1144000,7583581
1145000,7589886
1146000,7596250
1147000,7602578
1148000,7609024
1149000,7615347
1150000,7621764
1151000,7628016
1152000,7634412
1153000,7640657
1154000,7646835
1155000,7653069
1156000,7659353
1157000,7665641
1158000,7672033
1159000,7678334
1160000,7684629
1161000,7690903
1162000,7697250
1163000,7703534
1164000,7709851
1165000,7716364
1166000,7722710
1167000,7728995
1168000,7735201
1169000,7741379
1170000,7747662
1171000,7753892
1172000,7760203
1173000,7766543
1174000,7772932
