1000,nan
2000,nan
3000,0.052067417496194444
4000,0.05126353510870384
5000,0.0494314128856944
6000,0.04895996161256776
7000,0.04936808289223632
8000,0.048766705005447254
9000,0.04789516707468364
10000,0.047595147910999926
11000,0.047082732930914105
12000,0.04701191201425528
13000,0.04673687052162527
14000,0.046741225975112315
15000,0.04671305596707313
16000,0.04648837507387301
17000,0.04629475254422197
18000,0.04639423485492277
19000,0.04633132757139078
20000,0.046283317161885475
21000,0.04618383322135021
22000,0.04591333925714378
23000,0.045654975341201706
24000,0.0455579745054175
25000,0.04549739419194481
26000,0.04542281594159393
27000,0.04519488632778633
28000,0.04506825201448951
29000,0.045009609387953814
30000,0.04493134018142909
31000,0.04490321767006346
32000,0.044856056904757184
33000,0.04480596795592076
34000,0.04475208271455508
35000,0.04484113260250158
36000,0.044782237050489886
37000,0.04468766251122769
38000,0.04467026490939744
39000,0.04469840811211462
40000,0.04469696583910458
41000,0.04479145096109173
42000,0.044804977441476726
43000,0.04478179981640861
44000,0.04474047072159609
45000,0.04474402747907396
46000,0.0446736768230056
47000,0.044650092929113934
48000,0.04466995060604238
49000,0.04468637587377886
50000,0.044633387606669746
51000,0.04469315129222337
52000,0.044648053672383815
53000,0.044681073805209894
54000,0.044655556279483304
55000,0.04467280429251934
56000,0.04468277154409975
57000,0.04465833430660419
58000,0.044668004759646295
59000,0.04459753676216725
60000,0.04456774799728581
61000,0.044554647989571095
62000,0.044587592973607836
63000,0.04456788795624873
64000,0.0446109185405501
65000,0.044621799086604755
66000,0.04458303224827982
67000,0.044599688981991396
68000,0.044559952181123574
69000,0.04457273798521333
70000,0.04456038728292705
71000,0.04453890500890192
72000,0.04456979586120593
73000,0.044567281008694073
74000,0.04454826150183549
75000,0.04456321424952764
76000,0.04459732044284902
77000,0.04454052429408096
78000,0.044511881797323384
79000,0.04451245754202864
80000,0.044514851515117505
81000,0.044519548950238706
82000,0.04453942337992964
83000,0.04456013424616599
84000,0.04456711264137009
85000,0.044525598016265384
86000,0.04453527374698424
87000,0.04451614475730599
88000,0.04452649147958349
89000,0.04455850302724131
90000,0.04456815583511914
91000,0.04456958770941804
92000,0.04457847484932902
93000,0.04453952196193395
94000,0.04452184710533308
95000,0.044501894672289245
96000,0.044498124938969284
97000,0.04448270615909253
98000,0.04448508419309511
99000,0.044499585791834294
100000,0.04447155354213341
101000,0.04446535728803608
102000,0.044436849044562736
103000,0.04444012919567147
104000,0.044397246063597726
105000,0.04439314630953185
106000,0.044375068090661336
107000,0.044352138945377456
108000,0.04431943516030285
109000,0.04429899274370688
110000,0.044291834526618064
111000,0.044314707170600896
112000,0.04428941751630041
113000,0.04427851612805469
114000,0.04424177336457176
115000,0.044206916558193844
116000,0.04418550130178772
117000,0.04414855021525464
118000,0.044123146083635656
119000,0.044138779861312795
120000,0.04414080008777067
121000,0.044148668752698225
122000,0.04416566076926569
123000,0.04415347828960986
124000,0.04415602802267484
125000,0.04415241000223494
126000,0.044174403247150794
127000,0.04417301425021007
128000,0.04416218010897481
129000,0.044146562773094276
130000,0.044118362312107834
131000,0.04410781564128557
132000,0.04409420775063768
133000,0.04407400165663793
134000,0.04407050267361269
135000,0.044047783618864696
136000,0.04405500110523847
137000,0.04405068398827072
138000,0.044058790813143046
139000,0.04405797337593889
140000,0.04405265159223931
141000,0.04404022943144981
142000,0.044040511487946396
143000,0.04404179538657898
144000,0.0440488350969823
145000,0.04402234756472198
146000,0.0440277692219093
147000,0.043995315148685536
148000,0.04399407540011513
149000,0.043985558048932116
150000,0.04396304460647039
151000,0.043962241358934465
152000,0.04397445958611734
153000,0.043966885389362324
154000,0.04394885398766367
155000,0.04393763226705823
156000,0.043946359169275175
157000,0.04393556214988531
158000,0.04393694788506596
159000,0.04395538938493347
160000,0.0439673591131618
161000,0.04395328577347829
162000,0.04396271711006078
163000,0.043952593831455826
164000,0.04393965651102766
165000,0.043950311500448286
166000,0.043940451133321
167000,0.043915327783499415
168000,0.0439022370189861
169000,0.043881437742060034
170000,0.04389750460625915
171000,0.043877075507625964
172000,0.043888814386191605
173000,0.0438859294301541
174000,0.04387742524338104
175000,0.04388994394946958
176000,0.04389032575963371
177000,0.04387611815063641
178000,0.04387319282906452
179000,0.0438654020492577
180000,0.04384153084598326
181000,0.04384465062174898
182000,0.04383742524003449
183000,0.04383551189727581
184000,0.0438341508599967
185000,0.04383790885720012
186000,0.043828009806859955
187000,0.043836505970919155
188000,0.04383806617808902
189000,0.043835696393361
190000,0.04383664420873993
191000,0.04382281134471859
192000,0.04381049690621512
193000,0.04381030891017222
194000,0.043814072291957294
195000,0.0438110532667207
196000,0.0438091586200849
197000,0.043820158558084264
198000,0.04381015372886506
199000,0.04380306006483715
200000,0.04379923862286641
201000,0.043793888105078595
202000,0.04379718854291597
203000,0.04379839559619911
204000,0.043770999389053336
205000,0.04376640252205504
206000,0.04375154342418981
207000,0.04375020616103877
208000,0.04373612293939089
209000,0.043718544404928436
210000,0.04370968302849319
211000,0.04368573165598379
212000,0.04367800949856005
213000,0.043661951826760456
214000,0.04365359825358479
215000,0.04363709180104777
216000,0.043634095441190235
217000,0.04362756214954213
218000,0.04362755439114872
219000,0.043606480246842924
220000,0.04360177773734562
221000,0.043590202530828084
222000,0.04357585092247165
223000,0.04356429955777909
224000,0.04355196297544123
225000,0.04353661949105738
226000,0.04352707595744183
227000,0.04351069965651836
228000,0.04349909856344197
229000,0.04349695489557902
230000,0.04348867619307724
231000,0.043478342582909384
232000,0.043483644581736564
233000,0.04346076516059271
234000,0.043451214518633194
235000,0.043457395972237405
236000,0.04345398525053941
237000,0.043448935797484926
238000,0.04344053197489031
239000,0.043437519603398235
240000,0.0434290998498762
241000,0.04342117339788467
242000,0.04342049708266109
243000,0.043424670319598055
244000,0.04343231365785552
245000,0.04344378256158664
246000,0.0434362042916918
247000,0.04343277745530607
248000,0.04343403526781149
249000,0.04343176122404668
250000,0.04342353372415471
251000,0.04343382544358693
252000,0.04343654122147552
253000,0.043439835348864926
254000,0.043434393770067733
255000,0.043435577732288275
256000,0.04342970538805719
257000,0.043418454094575676
258000,0.04340941715665246
259000,0.04340363777825086
260000,0.04341049534002637
261000,0.04340084966746611
262000,0.04338970551977701
263000,0.04339093531755987
264000,0.04338208249277534
265000,0.04337766572303667
266000,0.04336268359084606
267000,0.04334879754845164
268000,0.04333894904076287
269000,0.04333474917676184
270000,0.043316963987509984
271000,0.04330871095858303
272000,0.04330851097046192
273000,0.04330198431848898
274000,0.04329701828433237
275000,0.043288735273436775
276000,0.04327717916080725
277000,0.04326246861961571
278000,0.04325841850387335
279000,0.043249208420711234
280000,0.04325761246928872
281000,0.0432652732200266
282000,0.0432706053564315
283000,0.04327013420017155
284000,0.043271533794018414
285000,0.04326096072694365
286000,0.043256432308736194
287000,0.04325098063719121
288000,0.04324390763840274
289000,0.043235914993213394
290000,0.04323502981348376
291000,0.043233202023081486
292000,0.04322302660832714
293000,0.04322564496615112
294000,0.0432217738641809
295000,0.04322673224275623
296000,0.04322813727471887
297000,0.043223096567816525
298000,0.04320443363816411
299000,0.04320195186598754
300000,0.043198390626776155
301000,0.04319114186157864
302000,0.043185342654086106
303000,0.043187103353089076
304000,0.04318276764922353
305000,0.04318237842847459
306000,0.04317452435389694
307000,0.04316095287058927
308000,0.04315327201473298
309000,0.04314874827904658
310000,0.04314718041452314
311000,0.04313311800612919
312000,0.04311362427651504
313000,0.043103897888042315
314000,0.043097027789348416
315000,0.04308939288224783
316000,0.04308483060477602
317000,0.04307648798797814
318000,0.043066867843788395
319000,0.04306367573645137
320000,0.043057346655251946
321000,0.043052211502377334
322000,0.04303908213802998
323000,0.043031786350606636
324000,0.04302733558606341
325000,0.04301767006380356
326000,0.04301366076601322
327000,0.04300768745796324
328000,0.04299727495185129
329000,0.04299599127014833
330000,0.04300284323329775
331000,0.04300127088425876
332000,0.04300051474865416
333000,0.042991994496177216
334000,0.0429825264534784
335000,0.04297971971165708
336000,0.042978244472561614
337000,0.0429748342380974
338000,0.042981474541664864
339000,0.04298110540499044
340000,0.042977505772513455
341000,0.042973963396834056
342000,0.0429749633880695
343000,0.04297227436155814
344000,0.042968263427410114
345000,0.04296149858755144
346000,0.04295721097956196
347000,0.04295102470960699
348000,0.04293472795475349
349000,0.04293093861604054
350000,0.04293591570984138
351000,0.04292750452522658
352000,0.042923344110093124
353000,0.042924123352458377
354000,0.04291925326403556
355000,0.04290611907704161
356000,0.04289569102744093
357000,0.042886597836114655
358000,0.04287410527251476
359000,0.042868734717381105
360000,0.042861175634555486
361000,0.042858969198021034
362000,0.04285578250763443
363000,0.04285786800401075
364000,0.04284978658676203
365000,0.04284578818603456
366000,0.042844231896517204
367000,0.04283951046659821
368000,0.042837137992047906
369000,0.04283477204845196
370000,0.04283265056454453
371000,0.04282874414807794
372000,0.04282744236500021
373000,0.04283525047089644
374000,0.04282763504639916
375000,0.04282055342433113
376000,0.04281459018412679
377000,0.04281155038504326
378000,0.04279648589498624
379000,0.04279501233063044
380000,0.04279003055375479
381000,0.04278058241940779
382000,0.04277829167721835
383000,0.04277359574410918
384000,0.042772787354738516
385000,0.04277378716189371
386000,0.042769945658679726
387000,0.04275818370752068
388000,0.0427476005643087
389000,0.042741415621915316
390000,0.042737851918559826
391000,0.042737851104946836
392000,0.04273338255739462
393000,0.04272727376629643
394000,0.04272140827299606
395000,0.04272282412310095
396000,0.042715218231854396
397000,0.042714371869525716
398000,0.04270212941184826
399000,0.04269702302886785
400000,0.04269293283303159
401000,0.04269032081746466
402000,0.042684641855692124
403000,0.042679654657266065
404000,0.042678529350992145
405000,0.04266651202204586
406000,0.042654418373875784
407000,0.042641638128953975
408000,0.04263214706309974
409000,0.04262075713219512
410000,0.04260917131598328
411000,0.04259720112358138
412000,0.04259517220826899
413000,0.0425977742204898
414000,0.042591774089799896
415000,0.042589121879630286
416000,0.04258957925633888
417000,0.042589509214015844
418000,0.04259081199199415
419000,0.042591882587889034
420000,0.042586621245714794
421000,0.04258264377934735
422000,0.04257351573141976
423000,0.042567652923225834
424000,0.04255864502672648
425000,0.04255061595634079
426000,0.04254572857438615
427000,0.0425441430189877
428000,0.042538177412471456
429000,0.042527928297099234
430000,0.042526981383097844
431000,0.04252053448270868
432000,0.04251687153190029
433000,0.04250871890011111
434000,0.04249723529767693
435000,0.04249121254576504
436000,0.04248841887161767
437000,0.04249306026192765
438000,0.042493096033694014
439000,0.04249010530952343
440000,0.042484596814896775
441000,0.04248495820019213
442000,0.042480540463057256
443000,0.04247283531168221
444000,0.042471193401151394
445000,0.04246285645557151
446000,0.04245495012336945
447000,0.04244888089489273
448000,0.04243855351930814
449000,0.0424361356064855
450000,0.042431464494401105
451000,0.04242597195359719
452000,0.04241769529835356
453000,0.042412105807248614
454000,0.04240765399505926
455000,0.042404285079776734
456000,0.04239480483775908
457000,0.04239512772527721
458000,0.042386217176324695
459000,0.04238221367684144
460000,0.04238075479970365
461000,0.042376375483786276
462000,0.04236669994221751
463000,0.04236842486862714
464000,0.04236266424360774
465000,0.042353924622065414
466000,0.04235115170141309
467000,0.0423417404951837
468000,0.042339209400370795
469000,0.042336659717523144
470000,0.04232521096218346
471000,0.04231947190106391
472000,0.04232094488961984
473000,0.04231409664608795
474000,0.04230873156397224
475000,0.0423128855276755
476000,0.04230549639127692
477000,0.04230589190567308
478000,0.042304714970447806
479000,0.042295802136728275
480000,0.04229531887283195
481000,0.04229496871757946
482000,0.04229471165019006
483000,0.0422942977962023
484000,0.04229385270013416
485000,0.04228846638213566
486000,0.042282070650328116
487000,0.042279143867481155
488000,0.042269805793761946
489000,0.042264114737611415
490000,0.042262593469969134
491000,0.04226316433017888
492000,0.04225716885363338
493000,0.04225240747141172
494000,0.042249260542162846
495000,0.042243715447218375
496000,0.042241080938841255
497000,0.042238513487034134
498000,0.042233314605782515
499000,0.04223082329151443
500000,0.04223198904363724
501000,0.04223130259479892
502000,0.04222553992496038
503000,0.04222686517109315
504000,0.042223191413455825
505000,0.04221080304397871
506000,0.04220071516055988
507000,0.04219423249361499
508000,0.04218525759174103
509000,0.04218095024960653
510000,0.042181053727825935
511000,0.042177942988825344
512000,0.04217332536031907
513000,0.04216696679851837
514000,0.042159258951320985
515000,0.04215462572239819
516000,0.04215038339699951
517000,0.04214692803233936
518000,0.04214591974591883
519000,0.04214591058377886
520000,0.04213845557367572
521000,0.04213168677133954
522000,0.04212754529444603
523000,0.04211782609846807
524000,0.04211171005297622
525000,0.04211290976350544
526000,0.042110703810051046
527000,0.042105909506084255
528000,0.042098434740754066
529000,0.04209769896591521
530000,0.04209473501058483
531000,0.04208585251183179
532000,0.0420798396972062
533000,0.04207382468550072
534000,0.04206911298548377
535000,0.04206516758478246
536000,0.042058529217676666
537000,0.04205513419308906
538000,0.04204999416691296
539000,0.04205049664307779
540000,0.04204880054916187
541000,0.04204811175117145
542000,0.04204175235509656
543000,0.04203301424946786
544000,0.0420288108397205
545000,0.04202676706922656
546000,0.04202190726016148
547000,0.04202077444835275
548000,0.042021800677612964
549000,0.04201712090645306
550000,0.04201106441077223
551000,0.04200518345721025
552000,0.041999585484819996
553000,0.0419909457903993
554000,0.041990834464453015
555000,0.0419824103389823
556000,0.04198185100890736
557000,0.04197922570427774
558000,0.04197281018477628
559000,0.04196811675031455
560000,0.04196315343137787
561000,0.04195613679129109
562000,0.041949394516902966
563000,0.04194575667113841
564000,0.04193799280265833
565000,0.04193235841646317
566000,0.04192798639189359
567000,0.04192528825585144
568000,0.04192043787593181
569000,0.041918699553584356
570000,0.04191079042882624
571000,0.04190739297618414
572000,0.041900822071518226
573000,0.04189130578263738
574000,0.041893921481264806
575000,0.041890677698625395
576000,0.04188566590602788
577000,0.0418780318118133
578000,0.041877092866067736
579000,0.04187235764535501
580000,0.04186762423100001
581000,0.04186367479559777
582000,0.04186021926508657
583000,0.041855812089725705
584000,0.0418517273467748
585000,0.04184538182390177
586000,0.04184008949866064
587000,0.04183764659083013
588000,0.04183082914694491
589000,0.04182756293150284
590000,0.04182365844943576
591000,0.04182169639639057
592000,0.04181685556375355
593000,0.041815836729883184
594000,0.04181333341835479
595000,0.041810228925636385
596000,0.0418076855860027
597000,0.041806443829890814
598000,0.04179971159553769
599000,0.04179795700985655
600000,0.041792973870893
601000,0.041790222922481995
602000,0.04178453474198343
603000,0.04178176904625461
604000,0.041780457617364965
605000,0.04177470511967749
606000,0.041774664171011965
607000,0.041767941664430604
608000,0.0417698481132555
609000,0.041766053819755476
610000,0.04176630484061854
611000,0.041762416535276826
612000,0.04175660505641852
613000,0.041754404542794936
614000,0.041749251705479946
615000,0.041748058041402525
616000,0.04174981795423117
617000,0.04174541864202582
618000,0.041741457569085795
619000,0.041739706845492254
620000,0.04173418791759014
621000,0.04173468882873981
622000,0.04174012135970395
623000,0.041737332145444596
624000,0.04173114796388854
625000,0.04172939369123487
626000,0.04172238413894903
627000,0.04171755665777621
628000,0.0417113852126495
629000,0.04170476121616951
630000,0.04169926917609929
631000,0.04169182046697512
632000,0.04168941533219187
633000,0.04168355198330733
634000,0.041681912540924765
635000,0.04167818887385026
636000,0.04167290660052681
637000,0.041671468057852795
638000,0.041668077732427415
639000,0.04166172618889028
640000,0.041654747659699995
641000,0.04165016183948146
642000,0.04164476619811806
643000,0.04164247409571192
644000,0.041637137529583854
645000,0.041633477166015787
646000,0.041629035668951424
647000,0.04162561655772066
648000,0.041621579735766585
649000,0.04161674861462463
650000,0.04161251057353013
651000,0.04160809549570547
652000,0.04160593820873653
653000,0.041599893663744496
654000,0.041597733800214386
655000,0.04159717528370359
656000,0.04159542951146539
657000,0.04158487781535976
658000,0.041581937678588345
659000,0.04158122260880554
660000,0.04157650878723917
661000,0.04156913281928821
662000,0.04156448215259055
663000,0.0415614493266772
664000,0.04155505308469468
665000,0.041549322240384504
666000,0.04154692212389702
667000,0.041541503890209046
668000,0.04154013363863838
669000,0.04153434341447295
670000,0.041528322461820276
671000,0.041520903306067954
672000,0.041516682115024024
673000,0.04150930875961633
674000,0.04150832155269207
675000,0.041506135111500676
676000,0.041500315111545165
677000,0.04149702008323719
678000,0.04148592106978245
679000,0.04148191405246377
680000,0.04147753039320358
681000,0.04147225699429231
682000,0.04147159945831634
683000,0.0414675371803184
684000,0.041462872455645124
685000,0.04145734783259421
686000,0.041451718012804895
687000,0.041449438764044236
688000,0.04144408378184606
689000,0.04143830511333459
690000,0.04143604433941661
691000,0.04143108036867694
692000,0.041427900174799664
693000,0.04142072883197952
694000,0.04141472808786467
695000,0.041413379692287276
696000,0.04140768345576637
697000,0.04140229374734355
698000,0.04139656804405704
699000,0.04139490012513773
700000,0.041391746827821804
701000,0.04138708043301092
702000,0.041386329854092616
703000,0.04138201764304929
704000,0.04137805773342488
705000,0.04137504431745296
706000,0.041373059442137046
707000,0.04136766369599226
708000,0.04136152542216021
709000,0.04135799703419522
710000,0.04135465049628596
711000,0.04134871409017975
712000,0.04134311600716675
713000,0.04133984107709949
714000,0.04133644419432637
715000,0.04133440243891815
716000,0.04132809222296698
717000,0.04132728016825507
718000,0.041328308019441
719000,0.04131574168227016
720000,0.04131575352468155
721000,0.04130929072311538
722000,0.041306426408596414
723000,0.04130000555620821
724000,0.041296523888175125
725000,0.04129405115681033
726000,0.04129139040071442
727000,0.04128397936359522
728000,0.04127945664358542
729000,0.04127251662757737
730000,0.04127229607029423
731000,0.04127238271383922
732000,0.04126861485087932
733000,0.04126500233237706
734000,0.04126201572953563
735000,0.041260113227670134
736000,0.04125873156549904
737000,0.04125697321815782
738000,0.041252236217978515
739000,0.04124978378050952
740000,0.04124400134046284
741000,0.04124046116351469
742000,0.04123662159384888
743000,0.041231849001643554
744000,0.041224851392949007
745000,0.04121821439077481
746000,0.04121594145386227
747000,0.0412135890383903
748000,0.04121034345279679
749000,0.04120878559079495
750000,0.04120712978736082
751000,0.041202535063194365
752000,0.04119919469181946
753000,0.04119481558184865
754000,0.041193383862837774
755000,0.04118723144015577
756000,0.04118455426661021
757000,0.041180999981274995
758000,0.04117808346912796
759000,0.04117403274808268
760000,0.04117495450879884
761000,0.04117096528249652
762000,0.04116543626745023
763000,0.04115836025887198
764000,0.04115388606965877
765000,0.0411507593551581
766000,0.0411462413264407
767000,0.041141687033100394
768000,0.04113555268860826
769000,0.04113074915376522
770000,0.041127580061046824
771000,0.04112241793592748
772000,0.04112027127977427
773000,0.04111848161621115
774000,0.04111387908138609
775000,0.04111334466530731
776000,0.041112132346655963
777000,0.0411107485549375
778000,0.04110739072185963
779000,0.04110231263928104
780000,0.041098915350125116
781000,0.041093646505400996
782000,0.04108839828345218
783000,0.04108388239539172
784000,0.041086354882589986
785000,0.041080558888592036
786000,0.04107891770924973
787000,0.041073858298497384
788000,0.0410690789551715
789000,0.041065533100521356
790000,0.041062123067273644
791000,0.04105918431165105
792000,0.04105574770420662
793000,0.04105004074863805
794000,0.0410479208616968
795000,0.04104525755464238
796000,0.04103979610148397
797000,0.0410391835748329
798000,0.041035438701609965
799000,0.0410336986204646
800000,0.041028176367844255
801000,0.04102507141995305
802000,0.04102274867393502
803000,0.041018884326939356
804000,0.04101488242851812
805000,0.041009686996177803
806000,0.04100459420752208
807000,0.041000476022848786
808000,0.040995586314542184
809000,0.04098999839633335
810000,0.04098749545042432
811000,0.040984252159278985
812000,0.040979757295814656
813000,0.040978391193754314
814000,0.04097263426612913
815000,0.040968601017905816
816000,0.04096195129950764
817000,0.040957792748863055
818000,0.04095457971677359
819000,0.04095170265201123
820000,0.040951283203146664
821000,0.04094679615935842
822000,0.04094536838524797
823000,0.04094107477622808
824000,0.040938175650690876
825000,0.040932645475200584
826000,0.04092711732984354
827000,0.04092329033358057
828000,0.04092013165663364
829000,0.040914146921635856
830000,0.04091098140957253
831000,0.04090564059095056
832000,0.04090299051504635
833000,0.04089939966823066
834000,0.04089611965083939
835000,0.040891624918672126
836000,0.040884905329591506
837000,0.04088054698924087
838000,0.040878443817699374
839000,0.04087679904732355
840000,0.04087131680195172
841000,0.04086609457686813
842000,0.04086294306707235
843000,0.040857452163486074
844000,0.04085082299848488
845000,0.040850001965435694
846000,0.04084815008121934
847000,0.04084448509935206
848000,0.04084173517181476
849000,0.04083510004719634
850000,0.04083019953123147
851000,0.04082887059592631
852000,0.040824880333515126
853000,0.04082328157404033
854000,0.0408181658082319
855000,0.04081301787679867
856000,0.04080549834372399
857000,0.04080332207019701
858000,0.040799576506058054
859000,0.04079823883215661
860000,0.040798688695582334
861000,0.04079434315967629
862000,0.04078826042143941
863000,0.04078613026360446
864000,0.04078139541546871
865000,0.04077828238228087
866000,0.040775516043806276
867000,0.04077262512708186
868000,0.04076700176292742
869000,0.04076363604900554
870000,0.04075918687948527
871000,0.04075606055395232
872000,0.04075566691653515
873000,0.04075286484189249
874000,0.04074821500926949
875000,0.040747241588833846
876000,0.040740909348066554
877000,0.04073873425323214
878000,0.04073536913629907
879000,0.040731237405895356
880000,0.04072866413391877
881000,0.04072406662698145
882000,0.04071945291544544
883000,0.04071769106758738
884000,0.04071583076862921
885000,0.040711054500602174
886000,0.040711969755551795
887000,0.040709549178550804
888000,0.04070936508771185
889000,0.0407069964301216
890000,0.0407041258379495
891000,0.04069823937972966
892000,0.040693815118763806
893000,0.04069062936129987
894000,0.0406841922938896
895000,0.04067968778187689
896000,0.04067653465871034
897000,0.04067370733981955
898000,0.040672615917185656
899000,0.04066951847696515
900000,0.040666257684448794
901000,0.04066316655370042
902000,0.040658350319589275
903000,0.040657871893107336
904000,0.040653245470743976
905000,0.040647750778518434
906000,0.040644486172774906
907000,0.040642024101342385
908000,0.04063739499747325
909000,0.04063365569378896
910000,0.040628896143872925
911000,0.04062568849712638
912000,0.04062081993957266
913000,0.04061500569075014
914000,0.040615053146410826
915000,0.04061074140643456
916000,0.04060904627070761
917000,0.04060313288211239
918000,0.040600561856599576
919000,0.040597990971791634
920000,0.0405937037102766
921000,0.04059377715203939
922000,0.04059380674392291
923000,0.040591784797634756
924000,0.04058897951848317
925000,0.040588753327208696
926000,0.04058680352857273
927000,0.04058429603443238
928000,0.040579911085023006
929000,0.04057674596715941
930000,0.040571933200298234
931000,0.040568867246796425
932000,0.040565424021249276
933000,0.040558991488970284
934000,0.04055607366314324
935000,0.040552312497336866
936000,0.04054868722179433
937000,0.04054543254781368
938000,0.04054112010613031
939000,0.040537413152830555
940000,0.04053344188542626
941000,0.04052989816394957
942000,0.04052748821922068
943000,0.040526565206372336
944000,0.040523829786816346
945000,0.04052135947883006
946000,0.04051878893854357
947000,0.04051192522999308
948000,0.04051171038034777
949000,0.040508345587620564
950000,0.0405050912060085
951000,0.040502508865981876
952000,0.040498248049705816
953000,0.0404952608477091
954000,0.04049083312275745
955000,0.040486777096162926
956000,0.04048437681041293
957000,0.040481616953610564
958000,0.040478153024299704
959000,0.04047400144438263
960000,0.040473157706128866
961000,0.04047180696901859
962000,0.040468890633017375
963000,0.040467232796939125
964000,0.04046452526617545
965000,0.04046057269294026
966000,0.04045684772258305
967000,0.04045438488149931
968000,0.04045076283441885
969000,0.04044728142055239
970000,0.04044392216074694
971000,0.04044128987030408
972000,0.04043722547054403
973000,0.04043050887302911
974000,0.04042910240887046
975000,0.04042653623350738
976000,0.040423335568895366
977000,0.040422266689779655
978000,0.04041866516734724
979000,0.04041754381966201
980000,0.040414222825686796
981000,0.04041273120883443
982000,0.040410757085123365
983000,0.040409456520440805
984000,0.0404054583332659
985000,0.040399722618428315
986000,0.04039948147554039
987000,0.04039542689016062
988000,0.04039436270742111
989000,0.04039285114737728
990000,0.04038916413486344
991000,0.04038457067498262
992000,0.04037879423023605
993000,0.04037689068822538
994000,0.0403725218303948
995000,0.040368000511830864
996000,0.04036344032680064
997000,0.0403620287526654
998000,0.04036003035064355
999000,0.040356463801996686
1000000,0.0403523264176584
1001000,0.040347981894105
1002000,0.04034464099252182
1003000,0.040340754930782804
1004000,0.04033735144928412
1005000,0.040334301539964826
1006000,0.040331369824679664
1007000,0.040330228384724776
1008000,0.04032644142162273
1009000,0.04032338449990977
1010000,0.0403199465158089
1011000,0.04031835246987646
1012000,0.04031638429039438
1013000,0.04031365665610012
1014000,0.04030966533950796
1015000,0.040304529668409445
1016000,0.04030138619737103
1017000,0.04029823964217261
1018000,0.0402948505694712
1019000,0.040290058442108936
1020000,0.040284753596003864
1021000,0.040279408817278366
1022000,0.04027709189919726
1023000,0.04027355537590727
1024000,0.040268655727730245
1025000,0.04026308310348703
1026000,0.040258421110329484
1027000,0.040255009809109406
1028000,0.04025275688193318
1029000,0.04024916648880899
1030000,0.04024429482165903
1031000,0.04024061395586635
1032000,0.04023705335640856
1033000,0.040234157569479734
1034000,0.040230961507017424
1035000,0.04022720757456682
1036000,0.04022753367862596
1037000,0.040223933559650885
1038000,0.040219478616986624
1039000,0.04021601597467998
1040000,0.040213263450050545
1041000,0.040210878666299084
1042000,0.040208457626637516
1043000,0.04020421182072304
1044000,0.04019787353037297
1045000,0.040197301126280637
1046000,0.04019255104592467
1047000,0.04019053645658873
1048000,0.04018901794197124
1049000,0.040188182960698315
1050000,0.040185091937465736
1051000,0.04018035046557263
1052000,0.04017711968510778
1053000,0.04017561211928265
1054000,0.04017416350797746
1055000,0.040171955587349636
1056000,0.0401712816750082
1057000,0.04016701571153443
1058000,0.04016582709650194
1059000,0.040160842041852586
1060000,0.04015651195035055
1061000,0.04015448947044092
1062000,0.04014989973149102
1063000,0.04014595026735947
1064000,0.040142600845209785
1065000,0.04013995635094407
1066000,0.0401352243002001
1067000,0.04013188137990662
1068000,0.04012909335989792
1069000,0.04012580933827971
1070000,0.04012357889845458
1071000,0.04011829530812492
1072000,0.04011394971367876
1073000,0.04010906117226196
1074000,0.04010669656945407
1075000,0.040102980724372336
1076000,0.04009761559518555
1077000,0.04009328100648352
1078000,0.04009023332127973
1079000,0.04008732223664783
1080000,0.040082879788980126
1081000,0.04008297523679952
1082000,0.040080498444778644
1083000,0.04007805274561269
1084000,0.04007496100279879
1085000,0.04007028514212736
1086000,0.04006709147392648
1087000,0.040063575753039586
1088000,0.04006038683657632
1089000,0.04005831657376623
1090000,0.04005333067244814
1091000,0.04005104920073442
1092000,0.04004973835872009
1093000,0.040048587338050425
1094000,0.04004339038423066
1095000,0.04003944036405532
1096000,0.040034844767268034
1097000,0.04003062236697598
1098000,0.040028816919235925
1099000,0.0400277575912102
1100000,0.040025557262358215
1101000,0.04002171189685856
1102000,0.04001695002171809
1103000,0.04001522474461107
1104000,0.04001269641797947
1105000,0.040009111546137635
1106000,0.040005079956051966
1107000,0.040000785822585164
1108000,0.03999924349819684
1109000,0.03999733311018243
1110000,0.039994235762881865
1111000,0.03999123939063925
1112000,0.039989903279048986
1113000,0.03998698596846781
1114000,0.03998391767948263
1115000,0.03998268182392955
1116000,0.0399789641771936
1117000,0.039974564467670025
1118000,0.039974057960071724
1119000,0.03996981123854354
1120000,0.03996611532764698
1121000,0.03996256490020316
1122000,0.039958492348249844
1123000,0.03995519613898761
1124000,0.03995187613744068
1125000,0.039946948885359185
1126000,0.0399473855602703
1127000,0.03994320154789049
1128000,0.03994075877614396
1129000,0.03993847778728585
1130000,0.039934283061966544
1131000,0.03992994177732331
1132000,0.03992667124638997
1133000,0.03992119061625969
1134000,0.03991891130528657
1135000,0.03991661031043188
1136000,0.03991457190507013
1137000,0.039912667685936085
1138000,0.03990990867824564
1139000,0.039906071112441606
1140000,0.039903164455599334
1141000,0.03990122279727693
1142000,0.03989828215140065
1143000,0.03989579044191371
1144000,0.039893306958882685
1145000,0.0398903710352922
1146000,0.039886104388633
1147000,0.039886043748710014
1148000,0.039883161039828134
1149000,0.03988192843120621
1150000,0.039879467884409166
1151000,0.03987589057680191
1152000,0.039874364301022786
1153000,0.03987000454885549
1154000,0.039865919146859094
1155000,0.03986289520057894
1156000,0.03986051148125464
1157000,0.03985994275007647
1158000,0.03985874662811408
1159000,0.039854786379533755
1160000,0.039853695439614804
1161000,0.03984989967065076
1162000,0.03984656430457379
1163000,0.03984331234820902
1164000,0.03984005097398055
1165000,0.03983720659015835
1166000,0.03983422513184724
1167000,0.03983036517616744
1168000,0.039828270958651185
1169000,0.039826093708850686
1170000,0.0398257488937868
1171000,0.039826077475153286
1172000,0.03982336059384963
1173000,0.03982316557699398
1174000,0.039822253368203823
